RTime	Date	track	Qualifier	Odds_Numeric	Odds_Exchange	Race_Type	Position	Runners	Jockey	Trainer	Distance	RaceClass	DaysSinceRun	LR_Position	LR_NumberRunners	
"20:55:00"	"2026-07-31"	"Musselburgh"	"Wee Mary (IRE)"	"5.00"	"7"	"Handicap"	"4"	"6"	"Young, Lauren"	"Goldie, J S"	"5f "	"6"	"4"	"4"	"8"
"20:32:00"	"2026-07-31"	"Newmarket (July)"	"Drifts Away"	"3.50"	"5.3"	"Handicap"	"1"	"7"	"Kavanagh, Ryan"	"Kent, T J"	"1m "	"5"	"8"	"1"	"6"
"15:50:00"	"2026-07-29"	"Redcar"	"Kiss Me My Love (IRE)"	"6.00"	"7.6"	"Handicap"	"1"	"7"	"Fentiman, Warren"	"Fell, R / Murray, S"	"1m "	"5"	"4"	"13"	"15"
"19:28:00"	"2026-07-27"	"Windsor"	"Amazonian Dream (IRE)"	"3.33"	"5.48"	"Handicap"	"7"	"13"	"Murphy, Oisin"	"Millman, B R"	"6f "	"3"	"7"	"1"	"8"
"16:45:00"	"2026-07-27"	"Ayr"	"Startling"	"4.00"	"6.2"	"Handicap"	"2"	"8"	"Hart, Jason"	"Wainwright, J S"	"5f "	"6"	"9"	"4"	"5"
"16:45:00"	"2026-07-27"	"Ayr"	"Royal Duke"	"5.00"	"6.87"	"Handicap"	"5"	"8"	"Farmer, Shay"	"Smith, R Michael"	"5f "	"6"	"7"	"6"	"6"
"16:45:00"	"2026-07-27"	"Ayr"	"Summerstorms Dream (IRE)"	"4.50"	"6.78"	"Handicap"	"6"	"8"	"Young, Lauren"	"Goldie, J S"	"5f "	"6"	"7"	"2"	"6"
"14:45:00"	"2026-07-27"	"Ayr"	"Mr Cool (IRE)"	"3.50"	"5.2"	"Handicap"	"1"	"9"	"Beasley, Connor"	"Johnston, Charlie"	"6f "	"6"	"10"	"3"	"6"
"19:30:00"	"2026-07-25"	"Lingfield"	"Be An Angel"	"2.50"	"3.55"	"Handicap"	"6"	"7"	"Jamin, Pierre-Louis"	"Millman, B R"	"6f "	"5"	"9"	"2"	"7"
"20:11:00"	"2026-07-24"	"Chepstow"	"Level Up (IRE)"	"1.88"	"2.96"	"Handicap"	"1"	"7"	"Lewis, Ashley"	"Evans, P D"	"5f "	"6"	"4"	"2"	"10"
"20:11:00"	"2026-07-24"	"Chepstow"	"River Edge"	"8.50"	"10.3"	"Handicap"	"4"	"7"	"Heard, Tyler"	"Mason, Christopher"	"5f "	"6"	"8"	"4"	"4"
"20:11:00"	"2026-07-24"	"Chepstow"	"Savannah Smiles (IRE)"	"3.50"	"5.7"	"Handicap"	"6"	"7"	"Vigors, Harry"	"Harris, Miss G"	"5f "	"6"	"8"	"2"	"4"
"19:36:00"	"2026-07-24"	"Chepstow"	"Weston Court (IRE)"	"6.50"	"8.03"	"Non-Handicap"	"4"	"10"	"Vigors, Harry"	"Harris, R A"	"1m "	"6"	"8"	"4"	"12"
"19:15:00"	"2026-07-24"	"York"	"Dicko The Legend (IRE)"	"7.50"	"16.04"	"Handicap"	"6"	"21"	"Garritty, Billy"	"Bailey, Liam"	"6f "	"4"	"7"	"5"	"6"
"19:08:00"	"2026-07-24"	"Cork"	"Whatswrongnow (IRE)"	"6.50"	"9.57"	"Handicap"	"12"	"19"	"McMonagle, Dylan B"	"Burke, Batt"	"6f "	"0"	"7"	"5"	"11"
"19:08:00"	"2026-07-24"	"Cork"	"Snowballs (IRE)"	"28.00"	"41.9"	"Handicap"	"18"	"19"	"Roche, L F"	"McCreery, W"	"6f "	"0"	"7"	"8"	"11"
"19:01:00"	"2026-07-24"	"Chepstow"	"Spirit Of The Bay (IRE)"	"6.00"	"8.2"	"Handicap"	"1"	"6"	"Fisher, Taylor"	"Flint, J L"	"1m "	"5"	"10"	"2"	"9"
"19:01:00"	"2026-07-24"	"Chepstow"	"Eutropia"	"1.38"	"2.56"	"Handicap"	"3"	"6"	"Leavy, Mr Joe"	"Wintle, A"	"1m "	"5"	"8"	"2"	"9"
"19:01:00"	"2026-07-24"	"Chepstow"	"Rating (IRE)"	"5.50"	"7"	"Handicap"	"5"	"6"	"Lewis, Ashley"	"Harris, Miss G"	"1m "	"5"	"8"	"3"	"6"
"18:26:00"	"2026-07-24"	"Chepstow"	"On Key"	"5.00"	"6.72"	"Handicap"	"3"	"7"	"ONeill, K T"	"Dixon, Scott"	"7f "	"6"	"10"	"1"	"10"
"18:26:00"	"2026-07-24"	"Chepstow"	"Too Much Trevor"	"5.50"	"7.2"	"Handicap"	"7"	"7"	"Lewis, Ashley"	"Harris, Miss G"	"7f "	"6"	"8"	"1"	"12"
"17:27:00"	"2026-07-24"	"Thirsk"	"So Grateful"	"12.00"	"18.28"	"Handicap"	"2"	"9"	"Chalkley, Lewis"	"Easterby, M W"	"5f "	"6"	"10"	"2"	"10"
"17:27:00"	"2026-07-24"	"Thirsk"	"Albegone"	"4.50"	"5.88"	"Handicap"	"5"	"9"	"Dickson, Mr Jake"	"Easterby, T D"	"5f "	"6"	"9"	"6"	"9"
"17:12:00"	"2026-07-24"	"Ascot"	"Dandy Magic (IRE)"	"2.75"	"4.4"	"Handicap"	"3"	"9"	"Loughnane, Mr Billy"	"Goldie, J S"	"5f "	"4"	"4"	"4"	"9"
"16:40:00"	"2026-07-24"	"Ascot"	"Independent Expert (IRE)"	"100.00"	"261.92"	"Handicap"	"9"	"11"	"Marsh, Finley"	"Best, Jim/Suzi"	"7f "	"4"	"4"	"8"	"8"
"16:18:00"	"2026-07-24"	"Thirsk"	"Miss Rainbow (IRE)"	"2.50"	"3.95"	"Handicap"	"4"	"8"	"Pyle, William"	"Waggott, Miss Tracy"	"6f "	"5"	"2"	"3"	"7"
"20:40:00"	"2026-07-22"	"Lingfield"	"Zaltalla (FR)"	"3.00"	"4.4"	"Non-Handicap"	"3"	"12"	"Loughnane, Mr Billy"	"Moore, Gary and Josh"	"7f "	"6"	"9"	"2"	"9"
"20:40:00"	"2026-07-22"	"Lingfield"	"Poet"	"80.00"	"150"	"Non-Handicap"	"10"	"12"	"ONeill, K T"	"Dixon, Scott"	"7f "	"6"	"6"	"9"	"12"
"20:21:00"	"2026-07-21"	"Salisbury"	"Dottie Diamond"	"3.00"	"4.27"	"Handicap"	"1"	"8"	"Loughnane, Mr Billy"	"Stone, W B"	"5f "	"6"	"7"	"1"	"6"
"20:21:00"	"2026-07-21"	"Salisbury"	"Little Miss Magic (IRE)"	"4.00"	"5.77"	"Handicap"	"6"	"8"	"Hutchinson, Callum"	"Chamings, P R"	"5f "	"6"	"6"	"2"	"6"
"18:21:00"	"2026-07-21"	"Salisbury"	"Snooker Mccrew"	"8.50"	"10.28"	"Handicap"	"5"	"10"	"Jones, Miss Aimee"	"Comley, Max"	"7f "	"6"	"10"	"5"	"5"
"19:20:00"	"2026-07-20"	"Windsor"	"Amazonian Dream (IRE)"	"1.75"	"2.85"	"Handicap"	"1"	"8"	"Murphy, Oisin"	"Millman, B R"	"6f "	"4"	"7"	"2"	"12"
"19:20:00"	"2026-07-20"	"Windsor"	"An Outlaws Grace (IRE)"	"6.00"	"8.49"	"Handicap"	"4"	"8"	"Levey, S M"	"Hannon (Jnr), Richard"	"6f "	"4"	"7"	"5"	"12"
"15:30:00"	"2026-07-20"	"Ayr"	"Clonmacash"	"8.00"	"9.6"	"Handicap"	"7"	"9"	"Lee, Clifford"	"McGuinness, Adrian"	"6f "	"3"	"9"	"3"	"11"
"14:30:00"	"2026-07-20"	"Ayr"	"Royal Duke"	"2.50"	"4.21"	"Handicap"	"6"	"6"	"Elliott, Rhys"	"Smith, R Michael"	"6f "	"6"	"7"	"5"	"8"
"17:45:00"	"2026-07-18"	"Curragh"	"Apache Outlaw (IRE)"	"6.50"	"10.5"	"Handicap"	"11"	"18"	"Caffrey, Adam"	"McGuinness, Adrian"	"5f "	"0"	"7"	"5"	"11"
"17:45:00"	"2026-07-18"	"Curragh"	"Imperial Dream (IRE)"	"50.00"	"82.53"	"Handicap"	"15"	"18"	"Persse, A C"	"Flynn, Patrick J"	"5f "	"0"	"10"	"13"	"15"
"17:45:00"	"2026-07-18"	"Curragh"	"Carrigans Grove (IRE)"	"10.00"	"13.52"	"Handicap"	"18"	"18"	"Hayes, C D"	"Flynn, Patrick J"	"5f "	"0"	"10"	"7"	"15"
"17:35:00"	"2026-07-18"	"Ripon"	"Indys Angel"	"6.00"	"8.01"	"Handicap"	"7"	"11"	"Beasley, Connor"	"Kirby, P A"	"6f "	"6"	"10"	"2"	"9"
"17:35:00"	"2026-07-18"	"Ripon"	"Lady Bouquet"	"14.00"	"16"	"Handicap"	"9"	"11"	"Hardie, Cameron"	"Kirby, P A"	"6f "	"6"	"2"	"4"	"7"
"17:25:00"	"2026-07-18"	"Newmarket (July)"	"Mythical Guest (IRE)"	"4.00"	"5.65"	"Handicap"	"4"	"6"	"Havlin, Robert"	"Margarson, G G"	"1m "	"4"	"8"	"3"	"8"
"20:25:00"	"2026-07-17"	"Hamilton"	"Woohoo (IRE)"	"1.63"	"2.66"	"Handicap"	"2"	"5"	"Mulrennan, Paul"	"Goldie, J S"	"5f "	"4"	"4"	"2"	"11"
"20:25:00"	"2026-07-17"	"Hamilton"	"Jm Jhingree (IRE)"	"16.00"	"30"	"Handicap"	"3"	"5"	"Fairley, Greg"	"Whillans, Ewan"	"5f "	"4"	"4"	"8"	"11"
"20:08:00"	"2026-07-17"	"Newmarket (July)"	"Shallow"	"4.00"	"5.64"	"Handicap"	"2"	"8"	"Wood, George"	"Spencer, Richard"	"6f "	"3"	"6"	"9"	"9"
"19:33:00"	"2026-07-17"	"Newmarket (July)"	"Rocking Ends"	"2.13"	"3.65"	"Handicap"	"1"	"7"	"Fallon, Cieren"	"Clover, Tom"	"5f "	"4"	"7"	"7"	"12"
"17:42:00"	"2026-07-17"	"Down Royal"	"Whatswrongnow (IRE)"	"4.00"	"6.47"	"Handicap"	"5"	"11"	"McMonagle, Dylan B"	"Burke, Batt"	"5f "	"0"	"6"	"3"	"14"
"17:42:00"	"2026-07-17"	"Down Royal"	"Snowballs (IRE)"	"18.00"	"23.78"	"Handicap"	"8"	"11"	"Roche, L F"	"McCreery, W"	"5f "	"0"	"6"	"9"	"14"
"17:42:00"	"2026-07-17"	"Down Royal"	"Monastere"	"7.00"	"10.5"	"Handicap"	"9"	"11"	"Colgan, R C"	"Thornton, Karl"	"5f "	"0"	"6"	"5"	"14"
"17:00:00"	"2026-07-16"	"Chepstow"	"Be An Angel"	"1.88"	"3.41"	"Handicap"	"2"	"7"	"Edmunds, Lewis"	"Millman, B R"	"6f "	"5"	"5"	"1"	"5"
"16:35:00"	"2026-07-16"	"Hamilton"	"Doon The Glen"	"2.75"	"4.39"	"Handicap"	"1"	"7"	"Mulrennan, Paul"	"Goldie, J S"	"6f "	"6"	"3"	"7"	"8"
"16:35:00"	"2026-07-16"	"Hamilton"	"Baby Rover (IRE)"	"11.00"	"16.97"	"Handicap"	"3"	"7"	"Fairley, Greg"	"Scott, Miss Katie"	"6f "	"6"	"10"	"6"	"13"
"16:25:00"	"2026-07-16"	"Chepstow"	"Too Much Trevor"	"10.00"	"14.81"	"Handicap"	"1"	"12"	"Lewis, Ashley"	"Harris, Miss G"	"7f "	"6"	"8"	"4"	"5"
"16:25:00"	"2026-07-16"	"Chepstow"	"Weston Court (IRE)"	"11.00"	"14"	"Handicap"	"4"	"12"	"Morris, Luke"	"Harris, R A"	"7f "	"6"	"1"	"4"	"7"
"16:25:00"	"2026-07-16"	"Chepstow"	"Poet"	"80.00"	"197.99"	"Handicap"	"9"	"12"	"ONeill, K T"	"Dixon, Scott"	"7f "	"6"	"9"	"7"	"11"
"15:50:00"	"2026-07-16"	"Chepstow"	"Stenmark (IRE)"	"0.83"	"1.87"	"Handicap"	"6"	"6"	"Ryan, Rossa"	"Arnolda, Gihan"	"1m "	"5"	"7"	"2"	"6"
"14:15:00"	"2026-07-16"	"Hamilton"	"Classy Clarets (IRE)"	"1.00"	"2.14"	"Handicap"	"1"	"8"	"Nicholls, Mr Jack"	"Jardine, I"	"5f "	"6"	"2"	"1"	"9"
"14:15:00"	"2026-07-16"	"Hamilton"	"Sixcor"	"9.00"	"13.5"	"Handicap"	"3"	"8"	"Marshall, Tom Kiely"	"Perratt, Miss L A"	"5f "	"6"	"5"	"5"	"8"
"14:15:00"	"2026-07-16"	"Hamilton"	"Wee Mary (IRE)"	"3.33"	"4.3"	"Handicap"	"4"	"8"	"Mulrennan, Paul"	"Goldie, J S"	"5f "	"6"	"3"	"7"	"11"
"14:15:00"	"2026-07-16"	"Hamilton"	"Henery Hawk"	"16.00"	"22.88"	"Handicap"	"5"	"8"	"Allan, David"	"Perratt, Miss L A"	"5f "	"6"	"10"	"3"	"13"
"18:40:00"	"2026-07-15"	"Yarmouth"	"Dion Baker (IRE)"	"4.00"	"6.4"	"Handicap"	"3"	"6"	"Keenan, Darragh"	"Wigham, M"	"7f "	"4"	"8"	"1"	"7"
"18:40:00"	"2026-07-15"	"Yarmouth"	"Izzy Fast"	"3.00"	"3.95"	"Handicap"	"5"	"6"	"Crouch, Hector"	"McBride, P J"	"7f "	"4"	"7"	"2"	"8"
"16:40:00"	"2026-07-15"	"Catterick"	"Our Absent Friends (IRE)"	"2.25"	"3.91"	"Handicap"	"1"	"9"	"Hart, Jason"	"Davidson, Tristan"	"5f "	"6"	"2"	"9"	"11"
"16:40:00"	"2026-07-15"	"Catterick"	"South Shore"	"1.38"	"2.52"	"Handicap"	"2"	"9"	"Ghiani, Marco"	"Cowell, R M H"	"5f "	"6"	"9"	"1"	"9"
"17:04:00"	"2026-07-14"	"Leicester"	"Manhattan Chute (IRE)"	"5.50"	"8"	"Non-Handicap"	"1"	"11"	"Levey, S M"	"Best, Jim/Suzi"	"6f "	"6"	"7"	"9"	"11"
"17:04:00"	"2026-07-14"	"Leicester"	"Summer Rain"	"8.50"	"11.5"	"Non-Handicap"	"9"	"11"	"Jary, Alex"	"Lidster, Craig"	"6f "	"6"	"6"	"5"	"9"
"16:23:00"	"2026-07-14"	"Beverley"	"So Grateful"	"6.50"	"8.6"	"Handicap"	"2"	"10"	"Garritty, Billy"	"Easterby, M W"	"5f "	"6"	"8"	"4"	"13"
"15:24:00"	"2026-07-14"	"Leicester"	"Rainbow Sorbet (IRE)"	"22.00"	"28.07"	"Handicap"	"6"	"6"	"Levey, S M"	"Best, Jim/Suzi"	"5f "	"6"	"7"	"7"	"7"
"15:00:00"	"2026-07-13"	"Ayr"	"Azuinthejungle"	"3.50"	"5.1"	"Handicap"	"1"	"8"	"Jary, Alex"	"Tinkler, N"	"6f "	"6"	"2"	"2"	"8"
"15:00:00"	"2026-07-13"	"Ayr"	"Royal Duke"	"20.00"	"26.8"	"Handicap"	"5"	"8"	"Elliott, Rhys"	"Smith, R Michael"	"6f "	"6"	"7"	"7"	"13"
"15:00:00"	"2026-07-13"	"Ayr"	"Water Of Leith (IRE)"	"4.50"	"7.38"	"Handicap"	"6"	"8"	"Mulrennan, Paul"	"Goldie, J S"	"6f "	"6"	"8"	"3"	"7"
"15:00:00"	"2026-07-13"	"Ayr"	"Doon The Glen"	"14.00"	"20"	"Handicap"	"7"	"8"	"Dickson, Mr Jake"	"Goldie, J S"	"6f "	"6"	"2"	"4"	"8"
"14:30:00"	"2026-07-13"	"Ayr"	"Woohoo (IRE)"	"2.00"	"3.8"	"Handicap"	"2"	"11"	"Mulrennan, Paul"	"Goldie, J S"	"5f "	"5"	"8"	"2"	"7"
"14:30:00"	"2026-07-13"	"Ayr"	"Our Absent Friends (IRE)"	"12.00"	"16.84"	"Handicap"	"9"	"11"	"Gray, S A"	"Davidson, Tristan"	"5f "	"5"	"8"	"7"	"7"
"14:30:00"	"2026-07-13"	"Ayr"	"Thistle Nil (IRE)"	"40.00"	"61.8"	"Handicap"	"11"	"11"	"Elliott, Rhys"	"Goldie, J S"	"5f "	"5"	"9"	"8"	"9"
"18:50:00"	"2026-07-11"	"Hamilton"	"Ashen (IRE)"	"1.88"	"3.21"	"Handicap"	"2"	"5"	"Elliott, Rhys"	"Goldie, J S"	"6f "	"5"	"5"	"4"	"11"
"17:30:00"	"2026-07-11"	"York"	"Havana Rum (IRE)"	"12.00"	"17"	"Handicap"	"3"	"19"	"Fentiman, Warren"	"Fahey, R A"	"6f "	"4"	"10"	"3"	"7"
"17:30:00"	"2026-07-11"	"York"	"Mister Sox"	"6.50"	"11"	"Handicap"	"12"	"19"	"Kirrane, Sean"	"Easterby, T D"	"6f "	"4"	"10"	"2"	"10"
"17:05:00"	"2026-07-11"	"Salisbury"	"Rory Rocket"	"0.44"	"1.5"	"Handicap"	"3"	"5"	"Fernandes, Mr Jude"	"Moore, Gary and Josh"	"6f "	"6"	"4"	"1"	"5"
"14:57:00"	"2026-07-11"	"Navan"	"Gotta Catchem All (IRE)"	"9.00"	"15.01"	"Handicap"	"1"	"15"	"Rutledge, Siobhan"	"Rogers, H"	"6f "	"0"	"8"	"6"	"15"
"14:57:00"	"2026-07-11"	"Navan"	"Are You In Or Out (IRE)"	"11.00"	"17"	"Handicap"	"8"	"15"	"Burns, Ms N"	"Maxwell, Conor"	"6f "	"0"	"10"	"11"	"18"
"14:23:00"	"2026-07-11"	"Navan"	"Banish Misfortune (IRE)"	"250.00"	"1000"	"Maiden"	"12"	"13"	"Roche, L F"	"Kyne, Gerard"	"6f "	"0"	"8"	"8"	"8"
"17:05:00"	"2026-07-10"	"York"	"Emerald Harmony (IRE)"	"4.50"	"6.2"	"Handicap"	"3"	"12"	"Nolan, D"	"Midgley, P T"	"5f "	"4"	"7"	"2"	"7"
"17:05:00"	"2026-07-10"	"York"	"Eternal Sunshine"	"3.33"	"4.79"	"Handicap"	"6"	"12"	"Young, Lauren"	"Goldie, J S"	"5f "	"4"	"7"	"2"	"8"
"17:05:00"	"2026-07-10"	"York"	"Muker (IRE)"	"22.00"	"48"	"Handicap"	"10"	"12"	"Jary, Alex"	"Tinkler, N"	"5f "	"4"	"8"	"4"	"6"
"16:45:00"	"2026-07-10"	"Newmarket (July)"	"Rappers Delight"	"5.50"	"7.6"	"Handicap"	"2"	"12"	"Wood, George"	"Spencer, Richard"	"5f "	"3"	"5"	"2"	"9"
"14:00:00"	"2026-07-10"	"Ascot"	"Best Rate"	"2.75"	"4.4"	"Handicap"	"1"	"8"	"Cronin, S C"	"Hannon (Jnr), Richard"	"1m "	"4"	"8"	"4"	"14"
"19:27:00"	"2026-07-09"	"Newbury"	"Grizedale"	"3.50"	"6.78"	"Handicap"	"1"	"12"	"Watson, Jason"	"Kubler, Daniel"	"1m "	"4"	"7"	"1"	"7"
"19:27:00"	"2026-07-09"	"Newbury"	"Nakaaha"	"8.50"	"11.48"	"Handicap"	"12"	"12"	"Davies, Harry"	"Harris, Miss G"	"1m "	"4"	"8"	"1"	"7"
"18:52:00"	"2026-07-09"	"Newbury"	"The Feminine Urge (IRE)"	"10.00"	"15"	"Handicap"	"3"	"12"	"Cronin, S C"	"Harris, Miss G"	"6f "	"5"	"10"	"7"	"13"
"17:40:00"	"2026-07-09"	"Doncaster"	"Spirit Of Applause"	"4.50"	"7.21"	"Handicap"	"3"	"10"	"Easterby, Mr Thomas"	"Easterby, T D"	"5.5f "	"5"	"7"	"3"	"6"
"17:40:00"	"2026-07-09"	"Doncaster"	"Hurt You Never (IRE)"	"16.00"	"25"	"Handicap"	"5"	"10"	"Lander, Mr Jack"	"Nicholls, Adrian"	"5.5f "	"5"	"7"	"5"	"6"
"16:20:00"	"2026-07-09"	"Carlisle"	"Dandy Magic (IRE)"	"2.00"	"3.59"	"Handicap"	"4"	"8"	"Dickson, Mr Jake"	"Goldie, J S"	"6f "	"4"	"3"	"4"	"17"
"14:15:00"	"2026-07-08"	"Yarmouth"	"Ironist (IRE)"	"10.00"	"14.67"	"Handicap"	"8"	"8"	"Paetel, Mason"	"Margarson, G G"	"7f "	"5"	"9"	"8"	"12"
"17:00:00"	"2026-07-06"	"Ayr"	"Henery Hawk"	"33.00"	"50"	"Handicap"	"3"	"13"	"Fraser, Kaiya"	"Perratt, Miss L A"	"6f "	"6"	"10"	"10"	"12"
"16:30:00"	"2026-07-06"	"Ayr"	"The Caltonian"	"28.00"	"33.06"	"Handicap"	"12"	"17"	"Mullen, Andrew"	"Perratt, Miss L A"	"6f "	"4"	"9"	"5"	"14"
"14:11:00"	"2026-07-05"	"Ayr"	"Woohoo (IRE)"	"3.50"	"5.23"	"Handicap"	"2"	"7"	"Williams, Miss Kayleigh"	"Goldie, J S"	"5f "	"5"	"10"	"7"	"8"
"20:39:00"	"2026-07-04"	"Carlisle"	"Sherlock (IRE)"	"9.00"	"11.78"	"Handicap"	"4"	"9"	"Langley, Miss Taryn"	"Ryan, K A"	"6f "	"5"	"9"	"2"	"7"
"17:35:00"	"2026-07-04"	"Leicester"	"Moonhall Lass (IRE)"	"3.50"	"5.4"	"Handicap"	"4"	"5"	"Muscutt, D"	"Owen, J P"	"6f "	"6"	"9"	"1"	"5"
"13:57:00"	"2026-07-04"	"Naas"	"Likedbymike (IRE)"	"1.88"	"3.46"	"Non-Handicap"	"3"	"5"	"McMonagle, Dylan B"	"Byrne, M J"	"5f "	"0"	"6"	"9"	"16"
"19:44:00"	"2026-07-03"	"Bellewstown"	"Happy Henry (IRE)"	"4.00"	"5.7"	"Handicap"	"1"	"13"	"Roche, L F"	"McCreery, W"	"5f "	"0"	"9"	"3"	"21"
"19:44:00"	"2026-07-03"	"Bellewstown"	"Whatswrongnow (IRE)"	"4.00"	"6.4"	"Handicap"	"6"	"13"	"Mulligan, R M"	"Burke, Batt"	"5f "	"0"	"2"	"2"	"17"
"19:44:00"	"2026-07-03"	"Bellewstown"	"Steel Magnolia (IRE)"	"4.00"	"6.2"	"Handicap"	"7"	"13"	"McDonogh, D P"	"McCreery, W"	"5f "	"0"	"9"	"4"	"21"
"19:44:00"	"2026-07-03"	"Bellewstown"	"Bel Espoir (IRE)"	"66.00"	"150"	"Handicap"	"8"	"13"	"Ryan, E E"	"Barcoe, James M"	"5f "	"0"	"9"	"18"	"21"
"17:43:00"	"2026-07-03"	"Chepstow"	"Supreme King (IRE)"	"1.50"	"2.64"	"Handicap"	"2"	"6"	"Murphy, Oisin"	"Evans, P D"	"7f "	"4"	"6"	"2"	"10"
"16:55:00"	"2026-07-03"	"Doncaster"	"Alondra"	"4.50"	"7.04"	"Handicap"	"1"	"8"	"Howarth, Christian"	"Dixon, Scott"	"5f "	"4"	"7"	"4"	"8"
"15:10:00"	"2026-07-03"	"Doncaster"	"Dyonisos (FR)"	"3.00"	"4.7"	"Handicap"	"1"	"7"	"Greatrex, Edward"	"Williams, Ian"	"5f "	"3"	"8"	"5"	"8"
"21:00:00"	"2026-07-02"	"Newbury"	"Just Jump (IRE)"	"2.25"	"3.47"	"Handicap"	"5"	"8"	"Coppins, Myla"	"Carroll, A W"	"5f "	"5"	"10"	"1"	"12"
"21:00:00"	"2026-07-02"	"Newbury"	"Faustus"	"2.75"	"3.95"	"Handicap"	"6"	"8"	"Egan, Ms A"	"Bridger, J / Cook, R"	"5f "	"5"	"10"	"2"	"12"
"19:16:00"	"2026-07-02"	"Bellewstown"	"Smoke Them Out (IRE)"	"5.50"	"6.91"	"Handicap"	"3"	"5"	"Tormey, S"	"McCourt, T G"	"5f "	"0"	"6"	"15"	"17"
"17:25:00"	"2026-07-02"	"Yarmouth"	"Dion Baker (IRE)"	"3.33"	"5.2"	"Handicap"	"1"	"9"	"Keenan, Darragh"	"Wigham, M"	"7f "	"6"	"2"	"3"	"11"
"17:25:00"	"2026-07-02"	"Yarmouth"	"Giant"	"10.00"	"13.7"	"Handicap"	"4"	"9"	"Kavanagh, Ryan"	"Williams, Ian"	"7f "	"6"	"10"	"2"	"11"
"17:25:00"	"2026-07-02"	"Yarmouth"	"Dancing With Drums (IRE)"	"25.00"	"41.4"	"Handicap"	"9"	"9"	"Costello, Dougie"	"Kirby, Adam"	"7f "	"6"	"7"	"5"	"5"
"16:10:00"	"2026-07-01"	"Thirsk"	"Mister Sox"	"4.50"	"6.2"	"Handicap"	"2"	"10"	"Kirrane, Sean"	"Easterby, T D"	"6f "	"3"	"10"	"3"	"6"
"14:40:00"	"2026-07-01"	"Thirsk"	"Golden Prosperity (IRE)"	"22.00"	"34"	"Handicap"	"3"	"18"	"Dickson, Mr Jake"	"Coyle, Tony"	"6f "	"6"	"9"	"4"	"10"
"17:05:00"	"2026-06-30"	"Musselburgh"	"Invincible Crown (IRE)"	"4.00"	"6.4"	"Handicap"	"1"	"10"	"Sullivan, James P"	"Carr, Mrs R A"	"5f "	"6"	"5"	"2"	"5"
"17:05:00"	"2026-06-30"	"Musselburgh"	"Auntie Jo"	"7.50"	"9.41"	"Handicap"	"3"	"10"	"Hart, Jason"	"Scott, Miss Katie"	"5f "	"6"	"10"	"5"	"8"
"17:05:00"	"2026-06-30"	"Musselburgh"	"Wee Mary (IRE)"	"2.00"	"3.4"	"Handicap"	"4"	"10"	"Waugh, Amie"	"Goldie, J S"	"5f "	"6"	"8"	"2"	"10"
"17:05:00"	"2026-06-30"	"Musselburgh"	"Sixcor"	"9.00"	"12.5"	"Handicap"	"7"	"10"	"Allan, David"	"Perratt, Miss L A"	"5f "	"6"	"8"	"3"	"10"
"14:37:00"	"2026-06-30"	"Salisbury"	"The Thames Boatman"	"4.50"	"5.6"	"Handicap"	"2"	"6"	"Marsh, Finley"	"Hughes, Richard"	"5f "	"4"	"9"	"5"	"6"
"21:00:00"	"2026-06-29"	"Windsor"	"Northcliff (IRE)"	"5.00"	"5.83"	"Handicap"	"6"	"9"	"Clutterbuck, Rhys"	"Burdon, R"	"6f "	"5"	"10"	"4"	"16"
"19:30:00"	"2026-06-29"	"Windsor"	"The Feminine Urge (IRE)"	"33.00"	"59.78"	"Handicap"	"7"	"13"	"Cronin, S C"	"Harris, Miss G"	"5f "	"6"	"7"	"11"	"12"
"19:30:00"	"2026-06-29"	"Windsor"	"Cabeza De Llave"	"8.00"	"11"	"Handicap"	"8"	"13"	"Fox, Kieren"	"Attwater, M J"	"5f "	"6"	"7"	"3"	"12"
"19:30:00"	"2026-06-29"	"Windsor"	"Harry Brown"	"6.00"	"11"	"Handicap"	"13"	"13"	"Queally, T P"	"Crate, Peter"	"5f "	"6"	"7"	"2"	"6"
"14:52:00"	"2026-06-29"	"Ffos Las"	"Beelzebub (IRE)"	"0.53"	"1.72"	"Handicap"	"2"	"6"	"Coppins, Myla"	"Carroll, A W"	"6f "	"6"	"7"	"1"	"11"
"20:05:00"	"2026-06-27"	"Chepstow"	"Secret Handsheikh"	"4.00"	"5.18"	"Handicap"	"1"	"6"	"Leavy, Mr Joe"	"Gallagher, J"	"5f "	"6"	"5"	"7"	"12"
"19:35:00"	"2026-06-27"	"Chepstow"	"Gennadius"	"7.50"	"9.93"	"Handicap"	"4"	"7"	"Leavy, Mr Joe"	"Hannon (Jnr), Richard"	"1m "	"5"	"6"	"2"	"7"
"19:25:00"	"2026-06-27"	"Lingfield"	"Rogue Bullet (IRE)"	"1.25"	"2.5"	"Handicap"	"4"	"5"	"Callan, Mr Jack"	"Owen, J P"	"5f "	"5"	"6"	"1"	"6"
"18:15:00"	"2026-06-27"	"Windsor"	"Desert Cop"	"12.00"	"20"	"Handicap"	"1"	"10"	"Sayette, B D L"	"Baker, George"	"6f "	"4"	"5"	"7"	"9"
"13:00:00"	"2026-06-26"	"Yarmouth"	"Fantasy Obsessor"	"10.00"	"16"	"Handicap"	"2"	"5"	"Fallon, Cieren"	"Appleby, M"	"6f "	"5"	"8"	"5"	"8"
"12:30:00"	"2026-06-26"	"Yarmouth"	"Red Hat Eagle"	"20.00"	"32.12"	"Handicap"	"4"	"8"	"Wilson-Ruddock, Curtis"	"Knight, W J"	"7f "	"5"	"8"	"5"	"9"
"11:30:00"	"2026-06-26"	"Yarmouth"	"Gorgeous Mr George (IRE)"	"3.50"	"5.66"	"Handicap"	"1"	"6"	"Langley, Miss Taryn"	"Cunha, Dylan"	"1m "	"4"	"8"	"1"	"9"
"21:00:00"	"2026-06-25"	"Hamilton"	"Iris Dancer"	"2.00"	"3.5"	"Handicap"	"1"	"7"	"Scott, Rowan"	"Davidson, Tristan"	"6f "	"6"	"8"	"2"	"8"
"21:00:00"	"2026-06-25"	"Hamilton"	"Mr Cool (IRE)"	"1.75"	"2.8"	"Handicap"	"5"	"7"	"Beasley, Connor"	"Johnston, Charlie"	"6f "	"6"	"7"	"3"	"7"
"19:45:00"	"2026-06-25"	"Leicester"	"Startling"	"0.67"	"1.8"	"Handicap"	"2"	"3"	"Loughnane, Mr Billy"	"Wainwright, J S"	"5f "	"5"	"7"	"2"	"8"
"19:45:00"	"2026-06-25"	"Leicester"	"Dunnington Lad (IRE)"	"22.00"	"38"	"Handicap"	"3"	"3"	"Marshall, Tom Kiely"	"Winks, P"	"5f "	"5"	"8"	"7"	"8"
"19:30:00"	"2026-06-25"	"Hamilton"	"Reigning Profit (IRE)"	"4.50"	"6.32"	"Handicap"	"6"	"8"	"James, S H"	"Carr, Mrs R A"	"5f "	"3"	"4"	"4"	"9"
"19:00:00"	"2026-06-25"	"Hamilton"	"Jm Jhingree (IRE)"	"14.00"	"18.5"	"Handicap Seller"	"1"	"5"	"Scott, Rowan"	"Whillans, Ewan"	"5f "	"6"	"8"	"7"	"8"
"19:00:00"	"2026-06-25"	"Hamilton"	"Doon The Glen"	"5.00"	"7"	"Handicap Seller"	"3"	"5"	"Young, Lauren"	"Goldie, J S"	"5f "	"6"	"8"	"8"	"8"
"19:00:00"	"2026-06-25"	"Hamilton"	"J Street"	"1.63"	"2.79"	"Handicap Seller"	"4"	"5"	"James, S H"	"Easterby, M W"	"5f "	"6"	"7"	"1"	"8"
"18:45:00"	"2026-06-25"	"Leicester"	"Moonhall Lass (IRE)"	"1.63"	"2.85"	"Handicap"	"1"	"5"	"Loughnane, Mr Billy"	"Owen, J P"	"7f "	"6"	"10"	"3"	"7"
"18:45:00"	"2026-06-25"	"Leicester"	"Dancing With Drums (IRE)"	"10.00"	"13"	"Handicap"	"5"	"5"	"Hornby, Rob"	"Kirby, Adam"	"7f "	"6"	"6"	"11"	"14"
"13:00:00"	"2026-06-25"	"Nottingham"	"Invincible Crown (IRE)"	"2.50"	"4.1"	"Handicap"	"2"	"5"	"Sullivan, James P"	"Carr, Mrs R A"	"5f "	"6"	"9"	"4"	"10"
"13:00:00"	"2026-06-25"	"Nottingham"	"Doralee"	"5.00"	"6.37"	"Handicap"	"4"	"5"	"Marsh, Finley"	"Barron, T D"	"5f "	"6"	"8"	"4"	"8"
"12:45:00"	"2026-06-25"	"Newmarket (July)"	"Dark Tornado (IRE)"	"11.00"	"14.5"	"Handicap"	"1"	"9"	"Egan, John"	"Wigham, M"	"7f "	"3"	"6"	"8"	"13"
"11:45:00"	"2026-06-25"	"Newmarket (July)"	"Fiscal Policy (IRE)"	"1.75"	"2.92"	"Handicap"	"2"	"5"	"Lee, Clifford"	"Carr, Mrs R A"	"6f "	"4"	"6"	"3"	"16"
"11:45:00"	"2026-06-25"	"Newmarket (July)"	"Change Sings (IRE)"	"2.50"	"3.99"	"Handicap"	"3"	"5"	"Downing, George"	"Houghton, Eve Johnson"	"6f "	"4"	"10"	"5"	"12"
"19:00:00"	"2026-06-23"	"Newbury"	"Ararat (IRE)"	"28.00"	"55"	"Handicap"	"3"	"12"	"Paetel, Mason"	"Bridger, J / Cook, R"	"7f "	"5"	"9"	"4"	"7"
"19:17:00"	"2026-06-22"	"Windsor"	"Nogos Dream"	"3.33"	"5"	"Handicap"	"6"	"9"	"Murphy, Oisin"	"Hughes, Richard"	"5f "	"3"	"10"	"2"	"9"
"16:15:00"	"2026-06-22"	"Musselburgh"	"Wee Mary (IRE)"	"0.83"	"1.9"	"Handicap"	"2"	"10"	"Waugh, Amie"	"Goldie, J S"	"5f "	"6"	"2"	"6"	"8"
"16:15:00"	"2026-06-22"	"Musselburgh"	"Golden Prosperity (IRE)"	"9.00"	"14"	"Handicap"	"4"	"10"	"Dickson, Mr Jake"	"Coyle, Tony"	"5f "	"6"	"7"	"5"	"9"
"15:00:00"	"2026-06-22"	"Catterick"	"Albegone"	"1.38"	"2.33"	"Handicap"	"2"	"5"	"Allan, David"	"Easterby, T D"	"5f "	"5"	"6"	"7"	"10"
"20:15:00"	"2026-06-20"	"Nottingham"	"Ingleby Archie (IRE)"	"2.50"	"3.63"	"Handicap"	"1"	"5"	"Garritty, Jack"	"Nicholls, Adrian"	"6f "	"5"	"10"	"2"	"6"
"20:15:00"	"2026-06-20"	"Nottingham"	"Winchurch (IRE)"	"2.25"	"4.16"	"Handicap"	"4"	"5"	"Vigors, Harry"	"Appleby, M"	"6f "	"5"	"9"	"1"	"7"
"20:00:00"	"2026-06-20"	"Doncaster"	"Sugar Baby"	"4.00"	"6.2"	"Handicap"	"1"	"9"	"Nolan, D"	"Niven, P D"	"6f "	"5"	"4"	"5"	"11"
"19:30:00"	"2026-06-20"	"Doncaster"	"Leadman"	"3.50"	"5.6"	"Handicap"	"1"	"11"	"Nolan, D"	"OMeara, D"	"7f "	"4"	"8"	"6"	"20"
"19:30:00"	"2026-06-20"	"Doncaster"	"Talis Evolvere (IRE)"	"4.00"	"5.9"	"Handicap"	"7"	"11"	"Voikhansky, Alexander"	"Hannon (Jnr), Richard"	"7f "	"4"	"8"	"2"	"8"
"17:23:00"	"2026-06-20"	"Ayr"	"Eternal Sunshine"	"3.33"	"5.5"	"Handicap"	"4"	"14"	"Young, Lauren"	"Goldie, J S"	"6f "	"4"	"8"	"9"	"12"
"17:23:00"	"2026-06-20"	"Ayr"	"Oriental Prince"	"28.00"	"40"	"Handicap"	"7"	"14"	"Mulrennan, Paul"	"Goldie, J S"	"6f "	"4"	"8"	"20"	"20"
"17:07:00"	"2026-06-20"	"Newmarket (July)"	"Court Drive (IRE)"	"5.00"	"6.8"	"Handicap"	"3"	"7"	"Lloyd, Zac"	"Kelleway, Miss Gay"	"5f "	"5"	"10"	"1"	"9"
"14:18:00"	"2026-06-20"	"Ayr"	"Ski Angel"	"1.20"	"2.4"	"Handicap"	"3"	"8"	"Mitchell, Jack"	"Smith, R Michael"	"5f "	"6"	"5"	"2"	"9"
"13:24:00"	"2026-06-20"	"Newmarket (July)"	"Born A Rebel"	"10.00"	"13.5"	"Handicap"	"2"	"11"	"DArcy, Arron"	"Owens, Patrick"	"1m "	"5"	"8"	"11"	"11"
"20:45:00"	"2026-06-19"	"Newmarket (July)"	"Mart"	"12.00"	"21.53"	"Handicap"	"6"	"16"	"Lloyd, Zac"	"Cunha, Dylan"	"6f "	"5"	"9"	"3"	"9"
"20:45:00"	"2026-06-19"	"Newmarket (July)"	"Elvetham (IRE)"	"8.00"	"12.45"	"Handicap"	"12"	"16"	"Gilligan, Jack"	"Allen, C N"	"6f "	"5"	"9"	"2"	"9"
"19:45:00"	"2026-06-19"	"Newmarket (July)"	"Mythical Guest (IRE)"	"33.00"	"53.05"	"Handicap"	"9"	"13"	"Haines, Olivia"	"Margarson, G G"	"1m "	"3"	"9"	"9"	"11"
"18:50:00"	"2026-06-19"	"Down Royal"	"Nouvel Espoir (IRE)"	"3.00"	"4.2"	"Handicap"	"1"	"8"	"Wallace, S A"	"Barcoe, James M"	"5f "	"0"	"5"	"4"	"10"
"18:35:00"	"2026-06-19"	"Newmarket (July)"	"Best Rate"	"2.75"	"4.53"	"Handicap"	"2"	"9"	"Voikhansky, Alexander"	"Hannon (Jnr), Richard"	"7f "	"4"	"8"	"3"	"15"
"17:40:00"	"2026-06-19"	"Down Royal"	"Sarahmae (IRE)"	"2.25"	"4"	"Handicap"	"1"	"6"	"Hayes, C D"	"Hogan, Denis Gerard"	"5f "	"0"	"5"	"1"	"10"
"17:30:00"	"2026-06-19"	"Ayr"	"Thistle Nil (IRE)"	"200.00"	"1000"	"Maiden"	"1"	"8"	"Elliott, Rhys"	"Goldie, J S"	"6f "	"5"	"10"	"9"	"12"
"16:25:00"	"2026-06-18"	"Yarmouth"	"Gorgeous Mr George (IRE)"	"4.50"	"6.83"	"Handicap"	"1"	"9"	"Langley, Miss Taryn"	"Cunha, Dylan"	"1m "	"4"	"8"	"8"	"11"
"14:40:00"	"2026-06-18"	"Yarmouth"	"Twilight Calls"	"0.91"	"1.96"	"Handicap"	"2"	"6"	"Sousa, Silvestre De"	"Spencer, Richard"	"5f "	"4"	"6"	"1"	"9"
"20:30:00"	"2026-06-17"	"Ripon"	"Dunnington Lad (IRE)"	"5.00"	"7.6"	"Handicap"	"7"	"8"	"Garritty, Billy"	"Winks, P"	"5f "	"6"	"9"	"6"	"9"
"17:42:00"	"2026-06-17"	"Ffos Las"	"Sonic Si"	"1.00"	"2.23"	"Handicap"	"1"	"4"	"Slater, Mr Matthew"	"Carroll, A W"	"5f "	"6"	"2"	"1"	"7"
"17:42:00"	"2026-06-17"	"Ffos Las"	"Level Up (IRE)"	"2.00"	"3.29"	"Handicap"	"2"	"4"	"McDonnell, Alexandra"	"Evans, P D"	"5f "	"6"	"2"	"5"	"7"
"16:02:00"	"2026-06-17"	"Hamilton"	"Emperors Son (IRE)"	"7.50"	"11"	"Handicap"	"1"	"8"	"Orr, Oisin"	"Fahey, R A"	"6f "	"5"	"9"	"4"	"10"
"16:02:00"	"2026-06-17"	"Hamilton"	"Iris Dancer"	"3.50"	"5.03"	"Handicap"	"2"	"8"	"Beasley, Connor"	"Davidson, Tristan"	"6f "	"5"	"7"	"1"	"6"
"16:02:00"	"2026-06-17"	"Hamilton"	"Doon The Glen"	"11.00"	"15"	"Handicap"	"8"	"8"	"Waugh, Amie"	"Goldie, J S"	"6f "	"5"	"7"	"1"	"7"
"15:25:00"	"2026-06-17"	"Hamilton"	"Canaria Queen"	"6.50"	"9.8"	"Handicap"	"5"	"8"	"Fentiman, Duran"	"Easterby, T D"	"5f "	"4"	"7"	"1"	"7"
"17:20:00"	"2026-06-16"	"Thirsk"	"Knicks (IRE)"	"2.75"	"4.2"	"Handicap"	"6"	"10"	"Mason, Joanna"	"Easterby, M W"	"5f "	"6"	"8"	"3"	"7"
"17:20:00"	"2026-06-16"	"Thirsk"	"Albegone"	"4.00"	"5.71"	"Handicap"	"7"	"10"	"Allan, David"	"Easterby, T D"	"5f "	"6"	"5"	"3"	"6"
"16:42:00"	"2026-06-16"	"Thirsk"	"Pal Joey"	"16.00"	"24.68"	"Handicap"	"9"	"10"	"Robinson, Ben"	"Haslam, B M R"	"5f "	"5"	"6"	"5"	"7"
"16:42:00"	"2026-06-16"	"Thirsk"	"Le Beau Garcon"	"11.00"	"14.5"	"Handicap"	"10"	"10"	"Mason, Joanna"	"Easterby, M W"	"5f "	"5"	"5"	"5"	"7"
"19:00:00"	"2026-06-15"	"Windsor"	"Fleetwater"	"12.00"	"19.09"	"Handicap"	"9"	"12"	"Loughnane, Mr Billy"	"Moore, J S"	"6f "	"3"	"8"	"3"	"7"
"17:35:00"	"2026-06-15"	"Chepstow"	"Scarfo (IRE)"	"5.00"	"8.2"	"Handicap"	"3"	"10"	"Tucker, Charlie"	"Llewellyn, B J"	"1m "	"6"	"9"	"1"	"8"
"17:35:00"	"2026-06-15"	"Chepstow"	"Homeland"	"4.50"	"7"	"Handicap"	"4"	"10"	"Lewis, Miss Zoe"	"Faulkner, T"	"1m "	"6"	"9"	"3"	"9"
"17:35:00"	"2026-06-15"	"Chepstow"	"A Rose Adaay"	"10.00"	"14.69"	"Handicap"	"5"	"10"	"Carson, William"	"Harris, Miss G"	"1m "	"6"	"9"	"3"	"8"
"17:35:00"	"2026-06-15"	"Chepstow"	"Rival"	"16.00"	"21"	"Handicap"	"6"	"10"	"Currie, Nicola"	"Flint, J L"	"1m "	"6"	"9"	"8"	"9"
"17:05:00"	"2026-06-15"	"Chepstow"	"Sub Thirteen"	"14.00"	"22.78"	"Handicap"	"3"	"10"	"Langley, Miss Taryn"	"Scott, J"	"1m "	"6"	"9"	"8"	"11"
"17:05:00"	"2026-06-15"	"Chepstow"	"Judge Frank (IRE)"	"10.00"	"15.37"	"Handicap"	"8"	"10"	"Carson, William"	"Flint, J L"	"1m "	"6"	"9"	"8"	"8"
"17:05:00"	"2026-06-15"	"Chepstow"	"Zambezi Diamond"	"28.00"	"50"	"Handicap"	"10"	"10"	"Greatrex, Thomas"	"Candy, H"	"1m "	"6"	"9"	"4"	"8"
"16:33:00"	"2026-06-15"	"Chepstow"	"Autumn Angel (IRE)"	"2.75"	"4.37"	"Handicap"	"2"	"7"	"Fox, Kieren"	"Carroll, A W"	"6f "	"6"	"9"	"4"	"11"
"16:33:00"	"2026-06-15"	"Chepstow"	"Too Much Trevor"	"1.88"	"3.2"	"Handicap"	"4"	"7"	"Tubb, Olivia"	"Harris, Miss G"	"6f "	"6"	"9"	"1"	"11"
"16:03:00"	"2026-06-15"	"Chepstow"	"Moonhall Lass (IRE)"	"2.75"	"4.4"	"Handicap"	"3"	"7"	"Paetel, Mason"	"Owen, J P"	"7f "	"6"	"9"	"8"	"16"
"15:30:00"	"2026-06-15"	"Chepstow"	"Savannah Smiles (IRE)"	"12.00"	"20.54"	"Handicap"	"3"	"7"	"Marsh, Finley"	"Harris, Miss G"	"5f "	"5"	"10"	"2"	"10"
"14:10:00"	"2026-06-15"	"Carlisle"	"Baby Rover (IRE)"	"12.00"	"15.5"	"Handicap"	"2"	"9"	"Mason, Joanna"	"Scott, Miss Katie"	"6f "	"6"	"7"	"9"	"10"
"14:10:00"	"2026-06-15"	"Carlisle"	"Rambuso Creek (IRE)"	"1.38"	"2.42"	"Handicap"	"5"	"9"	"Tudhope, Daniel"	"Herrington,M "	"6f "	"6"	"4"	"1"	"9"
"16:57:00"	"2026-06-14"	"Salisbury"	"Thiscouldbefun (IRE)"	"25.00"	"44"	"Handicap"	"10"	"13"	"Wonnacott, Millie"	"Moore, J S"	"1m "	"5"	"10"	"6"	"11"
"16:40:00"	"2026-06-14"	"Doncaster"	"Bella Bisbee"	"20.00"	"22.61"	"Handicap"	"1"	"12"	"Howarth, Christian"	"Dixon, Scott"	"7f "	"5"	"10"	"3"	"8"
"16:13:00"	"2026-06-14"	"Cork"	"Nouvel Espoir (IRE)"	"5.50"	"7.6"	"Handicap"	"4"	"10"	"McMonagle, Dylan B"	"Barcoe, James M"	"5f "	"0"	"7"	"6"	"9"
"16:05:00"	"2026-06-14"	"Doncaster"	"Mereside Madness (IRE)"	"100.00"	"219.96"	"Handicap"	"10"	"11"	"Sullivan, James P"	"Dixon, Scott"	"7f "	"5"	"10"	"9"	"11"
"14:44:00"	"2026-06-14"	"Salisbury"	"Blue Prince (IRE)"	"1.88"	"3"	"Handicap"	"1"	"7"	"Loughnane, Mr Billy"	"Evans, P D"	"7f "	"4"	"7"	"3"	"8"
"14:44:00"	"2026-06-14"	"Salisbury"	"Ararat (IRE)"	"40.00"	"60"	"Handicap"	"4"	"7"	"Kavanagh, Ryan"	"Bridger, J / Cook, R"	"7f "	"4"	"9"	"6"	"9"
"17:25:00"	"2026-06-13"	"York"	"Kats Bob"	"20.00"	"34"	"Handicap"	"20"	"21"	"Pyle, William"	"Carr, Mrs R A"	"6f "	"4"	"8"	"4"	"13"
"14:13:00"	"2026-06-12"	"Sandown"	"Betties Bay"	"2.00"	"3.46"	"Handicap"	"4"	"9"	"Morris, Luke"	"Owen, J P"	"5f "	"4"	"7"	"2"	"13"
"13:38:00"	"2026-06-12"	"Sandown"	"Charlie Mason"	"2.50"	"4.13"	"Handicap"	"6"	"9"	"Ryan, Rossa"	"Carroll, A W"	"5f "	"4"	"6"	"1"	"8"
"19:52:00"	"2026-06-11"	"Catterick"	"Winchurch (IRE)"	"8.00"	"9.77"	"Handicap"	"1"	"7"	"Stott, Kevin"	"Appleby, M"	"5f "	"5"	"10"	"6"	"12"
"19:52:00"	"2026-06-11"	"Catterick"	"Arctic Summer"	"6.00"	"7.45"	"Handicap"	"7"	"7"	"Fraser, Kaiya"	"Tutty, Gemma"	"5f "	"5"	"2"	"9"	"11"
"17:22:00"	"2026-06-11"	"Nottingham"	"South Shore Island (IRE)"	"2.75"	"3.96"	"Non-Handicap"	"4"	"9"	"Fallon, Cieren"	"Quinlan, Elizabeth"	"6f "	"6"	"7"	"3"	"9"
"17:22:00"	"2026-06-11"	"Nottingham"	"Green Valentine (IRE)"	"40.00"	"52.31"	"Non-Handicap"	"7"	"9"	"Doughty, Jack"	"Wingrove, D"	"6f "	"6"	"9"	"9"	"10"
"16:52:00"	"2026-06-11"	"Nottingham"	"Toptime"	"5.00"	"6.4"	"Handicap"	"1"	"6"	"Gilligan, Jack"	"Bowring, S R"	"5f "	"6"	"6"	"3"	"12"
"16:52:00"	"2026-06-11"	"Nottingham"	"Albegone"	"3.33"	"4.9"	"Handicap"	"3"	"6"	"Hardie, Cameron"	"Easterby, T D"	"5f "	"6"	"5"	"2"	"7"
"16:52:00"	"2026-06-11"	"Nottingham"	"Thornaby Pearl"	"3.00"	"4.1"	"Handicap"	"4"	"6"	"Carmichael, Oliver"	"Nicholls, Adrian"	"5f "	"6"	"3"	"1"	"7"
"16:52:00"	"2026-06-11"	"Nottingham"	"High Opinion"	"5.50"	"8.2"	"Handicap"	"5"	"6"	"Mulrennan, Paul"	"Smart, B"	"5f "	"6"	"8"	"5"	"8"
"15:53:00"	"2026-06-11"	"Yarmouth"	"Tilsworth Turf"	"25.00"	"34"	"Handicap"	"3"	"8"	"Peate, Jonny"	"Jenkins, J R"	"6f "	"6"	"8"	"9"	"9"
"15:53:00"	"2026-06-11"	"Yarmouth"	"Court Of Session"	"4.00"	"6"	"Handicap"	"6"	"8"	"Callan, Mr Jack"	"McEntee, P S"	"6f "	"6"	"1"	"8"	"9"
"15:53:00"	"2026-06-11"	"Yarmouth"	"Walking On Clouds (IRE)"	"4.50"	"7.3"	"Handicap"	"7"	"8"	"Haynes, Joey"	"Banham, Chelsea"	"6f "	"6"	"10"	"1"	"7"
"15:20:00"	"2026-06-11"	"Yarmouth"	"Thunder Star"	"2.75"	"4.1"	"Handicap"	"4"	"5"	"Wood, George"	"Macey, Jessica"	"5f "	"5"	"6"	"2"	"11"
"20:30:00"	"2026-06-10"	"Hamilton"	"Iris Dancer"	"6.00"	"7.4"	"Handicap"	"1"	"6"	"Scott, Rowan"	"Davidson, Tristan"	"6f "	"5"	"6"	"6"	"9"
"20:30:00"	"2026-06-10"	"Hamilton"	"Jet Warrior"	"2.50"	"3.45"	"Handicap"	"4"	"6"	"Lee, Clifford"	"Haslam, B M R"	"6f "	"5"	"1"	"3"	"6"
"20:00:00"	"2026-06-10"	"Hamilton"	"Canaria Queen"	"4.00"	"6.48"	"Handicap"	"1"	"7"	"Fentiman, Duran"	"Easterby, T D"	"5f "	"5"	"7"	"2"	"8"
"20:00:00"	"2026-06-10"	"Hamilton"	"Hi Lord"	"2.25"	"3.6"	"Handicap"	"7"	"7"	"McHugh, B"	"Harrison, Gary"	"5f "	"5"	"6"	"3"	"6"
"18:30:00"	"2026-06-10"	"Hamilton"	"Doon The Glen"	"5.50"	"7.98"	"Handicap"	"1"	"7"	"Williams, Miss Kayleigh"	"Goldie, J S"	"6f "	"6"	"4"	"6"	"11"
"18:30:00"	"2026-06-10"	"Hamilton"	"Penny Mountain (IRE)"	"4.50"	"6.63"	"Handicap"	"3"	"7"	"Brown, Miss Emma J"	"Rutherford, Gary"	"6f "	"6"	"8"	"6"	"13"
"18:30:00"	"2026-06-10"	"Hamilton"	"Pebble Dash (IRE)"	"3.50"	"5.14"	"Handicap"	"4"	"7"	"Burke, Louis"	"Harrison, Gary"	"6f "	"6"	"4"	"4"	"11"
"16:50:00"	"2026-06-10"	"Yarmouth"	"Renewal"	"20.00"	"23.22"	"Handicap"	"5"	"11"	"Greatrex, Edward"	"Beckett, R M"	"1m "	"4"	"10"	"11"	"11"
"15:48:00"	"2026-06-10"	"Yarmouth"	"Elvetham (IRE)"	"5.00"	"6.43"	"Handicap"	"2"	"9"	"Gilligan, Jack"	"Allen, C N"	"6f "	"6"	"5"	"3"	"10"
"15:48:00"	"2026-06-10"	"Yarmouth"	"Court Of Session"	"5.00"	"8.2"	"Handicap"	"8"	"9"	"Fallon, Cieren"	"McEntee, P S"	"6f "	"6"	"7"	"1"	"9"
"19:42:00"	"2026-06-09"	"Carlisle"	"Parisiac (IRE)"	"10.00"	"13.5"	"Handicap"	"2"	"11"	"Nicholls, Mr Jack"	"Jardine, I"	"5f "	"4"	"5"	"1"	"6"
"18:12:00"	"2026-06-09"	"Carlisle"	"Bay Breeze"	"4.00"	"5.5"	"Handicap"	"4"	"6"	"Easterby, Mr Thomas"	"Easterby, T D"	"6f "	"6"	"6"	"3"	"10"
"15:18:00"	"2026-06-09"	"Salisbury"	"Lazzar (IRE)"	"28.00"	"42.5"	"Handicap"	"4"	"10"	"Marsh, Finley"	"Hughes, Richard"	"6f "	"5"	"4"	"9"	"10"
"15:18:00"	"2026-06-09"	"Salisbury"	"Invincible Speed (IRE)"	"16.00"	"21.87"	"Handicap"	"5"	"10"	"Loughnane, Mr Billy"	"Loughnane, Daniel Mark"	"6f "	"5"	"10"	"2"	"5"
"15:18:00"	"2026-06-09"	"Salisbury"	"Thunderous Love"	"3.33"	"4.58"	"Handicap"	"6"	"10"	"Hornby, Rob"	"Portman, J G"	"6f "	"5"	"4"	"9"	"10"
"16:00:00"	"2026-06-08"	"Leicester"	"Bungle Bay (IRE)"	"3.00"	"4.5"	"Non-Handicap"	"4"	"13"	"Leavy, Mr Joe"	"Evans, H J"	"7f "	"6"	"6"	"2"	"10"
"14:52:00"	"2026-06-07"	"Navan"	"I Bid You Ajou (FR)"	"3.33"	"5.1"	"Handicap"	"4"	"9"	"Holohan, Reese"	"Fahey, Mark"	"6f "	"0"	"7"	"4"	"13"
"14:52:00"	"2026-06-07"	"Navan"	"Aurora Nova (IRE)"	"12.00"	"16"	"Handicap"	"9"	"9"	"Joyce, Wesley"	"McNamara, Andrew"	"6f "	"0"	"7"	"5"	"13"
"14:17:00"	"2026-06-07"	"Navan"	"Happy Henry (IRE)"	"12.00"	"18.47"	"Handicap"	"1"	"21"	"Roche, L F"	"McCreery, W"	"5f "	"0"	"10"	"3"	"18"
"14:17:00"	"2026-06-07"	"Navan"	"Mint Man"	"11.00"	"17.5"	"Handicap"	"10"	"21"	"Whelan, R P"	"Murphy, P J F"	"5f "	"0"	"7"	"8"	"13"
"14:17:00"	"2026-06-07"	"Navan"	"Three Sixteen (IRE)"	"66.00"	"240"	"Handicap"	"21"	"21"	"McAteer, L T"	"McIntyre, Alan"	"5f "	"0"	"10"	"6"	"7"
"13:50:00"	"2026-06-07"	"Goodwood"	"Toyotomi (FR)"	"1.25"	"2.34"	"Handicap"	"1"	"7"	"Tudhope, Daniel"	"OMeara, D"	"6f "	"3"	"7"	"3"	"14"
"13:50:00"	"2026-06-07"	"Goodwood"	"Brosay"	"4.00"	"6.25"	"Handicap"	"6"	"7"	"Murphy, Oisin"	"Pike, Charlie"	"6f "	"3"	"8"	"12"	"14"
"20:25:00"	"2026-06-06"	"Chepstow"	"Too Much Trevor"	"5.00"	"7.31"	"Handicap"	"1"	"11"	"Tubb, Olivia"	"Harris, Miss G"	"6f "	"6"	"8"	"3"	"10"
"20:25:00"	"2026-06-06"	"Chepstow"	"On Key"	"5.00"	"7.6"	"Handicap"	"3"	"11"	"Morris, Luke"	"Dixon, Scott"	"6f "	"6"	"8"	"2"	"13"
"19:55:00"	"2026-06-06"	"Chepstow"	"King of The Dance (IRE)"	"3.33"	"4.89"	"Handicap"	"5"	"9"	"Probert, David"	"Llewellyn, B J"	"1m "	"6"	"8"	"4"	"10"
"18:53:00"	"2026-06-06"	"Chepstow"	"This Farh"	"7.00"	"10.06"	"Handicap"	"4"	"10"	"Coakley, Ross"	"Loughnane, David"	"7f "	"4"	"10"	"1"	"11"
"17:00:00"	"2026-06-06"	"Doncaster"	"Singoura"	"5.50"	"8"	"Handicap"	"6"	"11"	"Pyle, William"	"Tutty, Gemma"	"7f "	"6"	"8"	"4"	"9"
"17:00:00"	"2026-06-06"	"Doncaster"	"Ziggys Angel (FR)"	"50.00"	"77.44"	"Handicap"	"11"	"11"	"Gray, S A"	"Fahey, R A"	"7f "	"6"	"8"	"8"	"8"
"13:40:00"	"2026-06-06"	"Musselburgh"	"Wee Mary (IRE)"	"2.50"	"3.7"	"Handicap"	"1"	"7"	"Waugh, Amie"	"Goldie, J S"	"5f "	"6"	"8"	"2"	"10"
"13:40:00"	"2026-06-06"	"Musselburgh"	"Albegone"	"2.25"	"3.83"	"Handicap"	"2"	"7"	"Allan, David"	"Easterby, T D"	"5f "	"6"	"8"	"5"	"10"
"13:20:00"	"2026-06-06"	"Doncaster"	"Desert Master"	"50.00"	"119.3"	"Handicap"	"2"	"16"	"Pyle, William"	"Brittain, Antony"	"6f "	"6"	"10"	"6"	"9"
"13:20:00"	"2026-06-06"	"Doncaster"	"Run This Way"	"4.00"	"7"	"Handicap"	"3"	"16"	"Nolan, D"	"Midgley, P T"	"6f "	"6"	"3"	"4"	"9"
"20:05:00"	"2026-06-05"	"Doncaster"	"Alondra"	"14.00"	"20.04"	"Handicap"	"8"	"13"	"ONeill, K T"	"Dixon, Scott"	"6f "	"4"	"7"	"5"	"10"
"18:27:00"	"2026-06-05"	"Goodwood"	"Thunderous Love"	"4.00"	"5.4"	"Handicap"	"9"	"10"	"Tubb, Olivia"	"Portman, J G"	"6f "	"5"	"10"	"6"	"7"
"16:15:00"	"2026-06-05"	"Musselburgh"	"Woohoo (IRE)"	"2.25"	"3.58"	"Handicap"	"2"	"7"	"Young, Lauren"	"Goldie, J S"	"5f "	"4"	"5"	"9"	"17"
"16:15:00"	"2026-06-05"	"Musselburgh"	"Curious Rover (IRE)"	"7.00"	"9.88"	"Handicap"	"7"	"7"	"Sexton, Ryan"	"Scott, Miss Katie"	"5f "	"4"	"7"	"4"	"10"
"14:50:00"	"2026-06-05"	"Thirsk"	"Auroras Doublesix (IRE)"	"150.00"	"244.53"	"Handicap"	"9"	"12"	"McManoman, Faye"	"Rothwell, B S"	"5f "	"6"	"6"	"6"	"6"
"14:50:00"	"2026-06-05"	"Thirsk"	"Ninety Nine (IRE)"	"40.00"	"55"	"Handicap"	"12"	"12"	"Fentiman, Duran"	"Wainwright, J S"	"5f "	"6"	"10"	"7"	"10"
"20:12:00"	"2026-06-03"	"Ripon"	"Canaria Queen"	"3.33"	"4.42"	"Handicap"	"2"	"8"	"Fentiman, Duran"	"Easterby, T D"	"5f "	"5"	"6"	"2"	"8"
"16:00:00"	"2026-06-01"	"Newbury"	"Aces Wild (IRE)"	"2.75"	"3.87"	"Handicap"	"1"	"7"	"Marsh, Finley"	"Wintle, A"	"5f "	"5"	"6"	"1"	"6"
"15:25:00"	"2026-06-01"	"Newbury"	"Fozzy Osbourne"	"100.00"	"258.56"	"Maiden"	"5"	"6"	"Lewis, Ashley"	"Harris, Miss G"	"6f "	"4"	"9"	"9"	"12"
"14:50:00"	"2026-06-01"	"Newbury"	"Classic Encounter (IRE)"	"3.33"	"5.42"	"Handicap"	"4"	"12"	"Callan, Mr Jack"	"Boughey, George"	"1m "	"4"	"6"	"1"	"6"
"16:45:00"	"2026-05-31"	"Thirsk"	"Al Hussar"	"6.50"	"10.05"	"Handicap"	"1"	"17"	"Stammers, Oliver"	"Tuer, Grant"	"5f "	"4"	"8"	"5"	"20"
"16:45:00"	"2026-05-31"	"Thirsk"	"Changeofmind (IRE)"	"20.00"	"29.79"	"Handicap"	"8"	"17"	"Wheatley, Zak"	"Carroll, D"	"5f "	"4"	"9"	"1"	"10"
"14:00:00"	"2026-05-30"	"Carlisle"	"Mister Sox"	"9.00"	"15.56"	"Handicap"	"7"	"14"	"Kirrane, Sean"	"Easterby, T D"	"6f "	"3"	"7"	"8"	"20"
"14:00:00"	"2026-05-30"	"Carlisle"	"Native Honey (IRE)"	"14.00"	"24.63"	"Handicap"	"11"	"14"	"Young, Lauren"	"Goldie, J S"	"6f "	"3"	"10"	"1"	"8"
"13:55:00"	"2026-05-30"	"Catterick"	"Auroras Doublesix (IRE)"	"200.00"	"773.06"	"Novices"	"6"	"6"	"McManoman, Faye"	"Rothwell, B S"	"5f "	"4"	"4"	"10"	"10"
"17:10:00"	"2026-05-29"	"Chepstow"	"Too Much Trevor"	"5.00"	"7.6"	"Handicap"	"3"	"10"	"Tubb, Olivia"	"Harris, Miss G"	"7f "	"6"	"8"	"2"	"11"
"17:10:00"	"2026-05-29"	"Chepstow"	"Romanovich (IRE)"	"4.00"	"5.95"	"Handicap"	"7"	"10"	"Lewis, Ashley"	"Oshea, J G M"	"7f "	"6"	"8"	"5"	"11"
"15:30:00"	"2026-05-29"	"Chepstow"	"Cayman Tai (IRE)"	"0.83"	"1.98"	"Handicap"	"2"	"5"	"Cronin, S C"	"Hannon (Jnr), Richard"	"5f "	"5"	"8"	"1"	"10"
"15:30:00"	"2026-05-29"	"Chepstow"	"Over Spiced"	"3.50"	"5.01"	"Handicap"	"4"	"5"	"Ryan, Rossa"	"Harris, Miss G"	"5f "	"5"	"3"	"5"	"6"
"15:10:00"	"2026-05-29"	"Carlisle"	"Wee Mary (IRE)"	"4.00"	"5.2"	"Handicap"	"2"	"10"	"Young, Lauren"	"Goldie, J S"	"5f "	"6"	"9"	"4"	"10"
"17:20:00"	"2026-05-28"	"Ripon"	"Canaria Queen"	"4.50"	"6.5"	"Handicap"	"2"	"8"	"Fentiman, Duran"	"Easterby, T D"	"5f "	"5"	"7"	"1"	"8"
"17:20:00"	"2026-05-28"	"Ripon"	"Dc Cogent"	"8.00"	"11.5"	"Handicap"	"8"	"8"	"Mulrennan, Paul"	"Smart, B"	"5f "	"5"	"10"	"6"	"10"
"16:23:00"	"2026-05-28"	"Yarmouth"	"Travel Agent (IRE)"	"10.00"	"14.39"	"Handicap"	"4"	"8"	"Cosgrave, Pat"	"Kirby, Adam"	"6f "	"4"	"10"	"2"	"7"
"16:10:00"	"2026-05-28"	"Ripon"	"Jet Warrior"	"1.00"	"2.11"	"Handicap"	"1"	"8"	"Lee, Clifford"	"Haslam, B M R"	"6f "	"6"	"8"	"1"	"10"
"16:10:00"	"2026-05-28"	"Ripon"	"Barmyblade (IRE)"	"16.00"	"20"	"Handicap"	"8"	"8"	"Sullivan, James P"	"Easterby, T D"	"6f "	"6"	"9"	"12"	"13"
"14:48:00"	"2026-05-28"	"Yarmouth"	"Sea Suite (IRE)"	"3.00"	"4.1"	"Handicap"	"1"	"7"	"Paetel, Mason"	"Owen, J P"	"7f "	"4"	"8"	"4"	"11"
"14:48:00"	"2026-05-28"	"Yarmouth"	"Berry Clever"	"4.00"	"5.74"	"Handicap"	"4"	"7"	"Wright, Liam"	"Dwyer, C A"	"7f "	"4"	"8"	"1"	"10"
"16:05:00"	"2026-05-27"	"Hamilton"	"Classy Al"	"11.00"	"13.04"	"Handicap"	"4"	"6"	"Young, Lauren"	"Goldie, J S"	"5f "	"4"	"7"	"4"	"6"
"17:23:00"	"2026-05-26"	"Redcar"	"Andalprofit (IRE)"	"3.50"	"5.9"	"Handicap"	"1"	"12"	"Evans, Miss Tilly"	"Tinkler, N"	"6f "	"6"	"10"	"8"	"17"
"16:50:00"	"2026-05-26"	"Redcar"	"Crocus Time (IRE)"	"3.50"	"5.66"	"Handicap"	"1"	"10"	"Nicholls, Mr Jack"	"Barr, R E"	"5f "	"6"	"10"	"10"	"17"
"15:40:00"	"2026-05-25"	"Leicester"	"Call Glory (IRE)"	"3.33"	"5.09"	"Handicap"	"6"	"8"	"Kavanagh, Ryan"	"Williams, Ian"	"6f "	"5"	"6"	"5"	"9"
"15:04:00"	"2026-05-25"	"Leicester"	"Grand Citadel (IRE)"	"2.75"	"3.8"	"Handicap"	"1"	"11"	"McEntee, Grace"	"Fenton, M P"	"7f "	"6"	"6"	"2"	"11"
"15:04:00"	"2026-05-25"	"Leicester"	"Mini Mac (IRE)"	"5.00"	"8.2"	"Handicap"	"2"	"11"	"Dace, Jack"	"Macey, Jessica"	"7f "	"6"	"9"	"4"	"16"
"14:57:00"	"2026-05-25"	"Redcar"	"Perfidia (IRE)"	"3.00"	"4.9"	"Handicap"	"3"	"11"	"Dickson, Mr Jake"	"Easterby, T D"	"7f "	"6"	"10"	"1"	"8"
"16:57:00"	"2026-05-23"	"Windsor"	"Distant Rumble"	"3.50"	"6.63"	"Handicap"	"1"	"14"	"Callan, Mr Jack"	"Teal, R A"	"6f "	"6"	"9"	"2"	"9"
"13:30:00"	"2026-05-23"	"York"	"Yes Im Mali"	"6.00"	"9.42"	"Handicap"	"2"	"20"	"Tudhope, Daniel"	"OMeara, D"	"6f "	"4"	"7"	"7"	"14"
"13:30:00"	"2026-05-23"	"York"	"Jonny Concrete (IRE)"	"4.50"	"8.55"	"Handicap"	"4"	"20"	"Gray, S A"	"Jardine, I"	"6f "	"4"	"6"	"2"	"13"
"13:30:00"	"2026-05-23"	"York"	"Al Hussar"	"10.00"	"19.04"	"Handicap"	"5"	"20"	"Stammers, Oliver"	"Tuer, Grant"	"6f "	"4"	"7"	"2"	"17"
"13:30:00"	"2026-05-23"	"York"	"Miraculous (IRE)"	"28.00"	"46"	"Handicap"	"9"	"20"	"McSweeney, O"	"Easterby, T D"	"6f "	"4"	"7"	"5"	"10"
"13:30:00"	"2026-05-23"	"York"	"Orne (IRE)"	"14.00"	"23.43"	"Handicap"	"13"	"20"	"Hardie, Cameron"	"Brittain, Antony"	"6f "	"4"	"8"	"3"	"22"
"13:30:00"	"2026-05-23"	"York"	"Tiriac"	"22.00"	"37.5"	"Handicap"	"17"	"20"	"McHugh, B"	"Midgley, P T"	"6f "	"4"	"7"	"8"	"17"
"13:30:00"	"2026-05-23"	"York"	"Mae Amor (IRE)"	"14.00"	"20"	"Handicap"	"18"	"20"	"Marshall, Tom Kiely"	"Menzies, Rebecca"	"6f "	"4"	"6"	"1"	"13"
"19:40:00"	"2026-05-21"	"Chepstow"	"Alyara"	"50.00"	"85"	"Handicap"	"9"	"12"	"Bass, George"	"Ponting, J"	"6f "	"6"	"8"	"6"	"7"
"17:35:00"	"2026-05-21"	"Musselburgh"	"Classy Clarets (IRE)"	"2.25"	"3.62"	"Handicap"	"2"	"8"	"Tabti, M"	"Jardine, I"	"5f "	"6"	"1"	"3"	"10"
"20:10:00"	"2026-05-20"	"Yarmouth"	"Berry Clever"	"2.25"	"3.96"	"Handicap"	"1"	"10"	"Sousa, Silvestre De"	"Dwyer, C A"	"7f "	"5"	"7"	"2"	"7"
"20:10:00"	"2026-05-20"	"Yarmouth"	"Noble Guest"	"11.00"	"15.07"	"Handicap"	"6"	"10"	"Burns, Harry"	"Margarson, G G"	"7f "	"5"	"7"	"5"	"7"
"19:40:00"	"2026-05-20"	"Yarmouth"	"Tilani (IRE)"	"2.13"	"3.6"	"Handicap"	"1"	"10"	"Dace, Jack"	"Williams, Ian"	"1m "	"6"	"5"	"1"	"13"
"19:40:00"	"2026-05-20"	"Yarmouth"	"Kamaway"	"2.00"	"3.18"	"Handicap"	"2"	"10"	"Hutchinson, Callum"	"Houghton, Eve Johnson"	"1m "	"6"	"7"	"1"	"10"
"15:12:00"	"2026-05-20"	"Ayr"	"Thunderstorm Katie"	"1.10"	"2.28"	"Handicap"	"2"	"6"	"Young, Lauren"	"Goldie, J S"	"5f "	"5"	"5"	"2"	"10"
"14:12:00"	"2026-05-20"	"Ayr"	"Classy Clarets (IRE)"	"2.00"	"3.5"	"Handicap"	"3"	"10"	"Tabti, M"	"Jardine, I"	"6f "	"6"	"5"	"1"	"10"
"14:12:00"	"2026-05-20"	"Ayr"	"Wee Mary (IRE)"	"3.33"	"5"	"Handicap"	"4"	"10"	"Waugh, Amie"	"Goldie, J S"	"6f "	"6"	"5"	"4"	"10"
"14:12:00"	"2026-05-20"	"Ayr"	"Siviez"	"12.00"	"15.12"	"Handicap"	"7"	"10"	"Stammers, Oliver"	"Tuer, Grant"	"6f "	"6"	"9"	"4"	"11"
"19:12:00"	"2026-05-19"	"Cork"	"Usuario Amigo"	"9.00"	"11.22"	"Handicap"	"7"	"8"	"Cleary, Jack"	"OBrien, Richard John"	"7f "	"0"	"10"	"7"	"13"
"17:55:00"	"2026-05-19"	"Lingfield"	"Faustus"	"4.50"	"7.2"	"Handicap"	"7"	"8"	"Leavy, Mr Joe"	"Bridger, J / Cook, R"	"5f "	"6"	"10"	"3"	"8"
"17:42:00"	"2026-05-19"	"Cork"	"Whatswrongnow (IRE)"	"3.33"	"5"	"Handicap"	"2"	"9"	"McMonagle, Dylan B"	"Burke, Batt"	"5f "	"0"	"3"	"9"	"17"
"17:42:00"	"2026-05-19"	"Cork"	"Snowballs (IRE)"	"22.00"	"32"	"Handicap"	"8"	"9"	"Roche, L F"	"McCreery, W"	"5f "	"0"	"10"	"7"	"16"
"17:20:00"	"2026-05-19"	"Lingfield"	"My Boy Harry"	"7.50"	"11.5"	"Handicap"	"1"	"10"	"Morris, Luke"	"Best, Jim/Suzi"	"7f "	"6"	"10"	"4"	"8"
"16:45:00"	"2026-05-19"	"Lingfield"	"Call Glory (IRE)"	"3.50"	"5.42"	"Handicap"	"5"	"9"	"Kavanagh, Ryan"	"Williams, Ian"	"7f "	"6"	"10"	"3"	"9"
"16:22:00"	"2026-05-18"	"Lingfield"	"Twilight Jet (IRE)"	"1.38"	"2.5"	"Handicap"	"1"	"7"	"Levey, S M"	"Best, Jim/Suzi"	"6f "	"5"	"9"	"8"	"18"
"15:40:00"	"2026-05-18"	"Redcar"	"Glory Hyde (IRE)"	"2.75"	"4.1"	"Handicap"	"1"	"11"	"Mason, Joanna"	"Fell, R / Murray, S"	"6f "	"6"	"6"	"5"	"10"
"15:00:00"	"2026-05-18"	"Carlisle"	"Surprised"	"25.00"	"36"	"Handicap"	"3"	"12"	"Mulrennan, Paul"	"Smart, B"	"6f "	"5"	"7"	"6"	"8"
"15:00:00"	"2026-05-18"	"Carlisle"	"Mount Ruapehu (IRE)"	"10.00"	"12.5"	"Handicap"	"8"	"12"	"Mullen, Andrew"	"Jardine, I"	"6f "	"5"	"7"	"8"	"13"
"14:40:00"	"2026-05-18"	"Redcar"	"Up The Jazz (IRE)"	"3.50"	"5.4"	"Handicap"	"6"	"12"	"Orr, Oisin"	"Fahey, R A"	"1m "	"5"	"9"	"3"	"9"
"14:30:00"	"2026-05-18"	"Carlisle"	"Dc Cogent"	"4.00"	"5.9"	"Handicap"	"6"	"10"	"Mulrennan, Paul"	"Smart, B"	"5f "	"5"	"9"	"3"	"9"
"14:30:00"	"2026-05-18"	"Carlisle"	"Hurt You Never (IRE)"	"12.00"	"19"	"Handicap"	"9"	"10"	"Nicholls, Mr Jack"	"Nicholls, Adrian"	"5f "	"5"	"10"	"3"	"8"
"18:15:00"	"2026-05-17"	"Hamilton"	"Jonny Concrete (IRE)"	"2.50"	"4"	"Handicap"	"2"	"13"	"Hart, Jason"	"Jardine, I"	"6f "	"4"	"9"	"3"	"12"
"18:15:00"	"2026-05-17"	"Hamilton"	"Secret Guest"	"7.00"	"9.6"	"Handicap"	"5"	"13"	"Beasley, Connor"	"Smart, B"	"6f "	"4"	"9"	"6"	"12"
"18:15:00"	"2026-05-17"	"Hamilton"	"The Good Biscuit"	"8.50"	"13.5"	"Handicap"	"8"	"13"	"Fentiman, Warren"	"Carr, Mrs R A"	"6f "	"4"	"9"	"2"	"12"
"20:45:00"	"2026-05-16"	"Doncaster"	"On Key"	"6.00"	"8.58"	"Handicap"	"5"	"16"	"Morris, Luke"	"Dixon, Scott"	"7f "	"6"	"9"	"2"	"10"
"20:15:00"	"2026-05-16"	"Doncaster"	"Bullington Bry"	"7.00"	"9.8"	"Handicap"	"7"	"13"	"Langley, Miss Taryn"	"Ramsden, Joey"	"7f "	"6"	"9"	"4"	"10"
"20:15:00"	"2026-05-16"	"Doncaster"	"Zivas Star"	"25.00"	"38"	"Handicap"	"9"	"13"	"Elliott, Andrew"	"Whitaker, Simon"	"7f "	"6"	"9"	"7"	"12"
"18:38:00"	"2026-05-16"	"Doncaster"	"Wreck It Ryley (IRE)"	"18.00"	"27.46"	"Handicap"	"3"	"12"	"Morris, Luke"	"Brown, A D"	"6f "	"4"	"8"	"8"	"9"
"17:57:00"	"2026-05-16"	"Thirsk"	"Run This Way"	"6.00"	"8.2"	"Handicap"	"1"	"17"	"Mulrennan, Paul"	"Midgley, P T"	"6f "	"6"	"9"	"1"	"11"
"17:57:00"	"2026-05-16"	"Thirsk"	"Stormy Pearl"	"8.00"	"12"	"Handicap"	"4"	"17"	"Elliott, Rhys"	"Thompson, D W"	"6f "	"6"	"9"	"5"	"11"
"17:10:00"	"2026-05-16"	"Newmarket (Rowley)"	"Mickey Mongoose"	"8.50"	"12"	"Handicap"	"4"	"7"	"Dickson, Mr Jake"	"Williams, Olly"	"7f "	"5"	"9"	"1"	"10"
"15:37:00"	"2026-05-16"	"Thirsk"	"Albegone"	"33.00"	"80"	"Handicap"	"13"	"17"	"Fentiman, Duran"	"Easterby, T D"	"5f "	"4"	"7"	"8"	"9"
"15:32:00"	"2026-05-16"	"Navan"	"Nouvel Espoir (IRE)"	"6.50"	"9.77"	"Handicap"	"3"	"10"	"Ryan, Gavin"	"Barcoe, James M"	"5f "	"0"	"7"	"2"	"16"
"15:32:00"	"2026-05-16"	"Navan"	"Sommelier"	"9.00"	"11.5"	"Handicap"	"7"	"10"	"McDonogh, D P"	"Cotter, Kieran P"	"5f "	"0"	"7"	"8"	"13"
"15:27:00"	"2026-05-16"	"Newmarket (Rowley)"	"Miraculous (IRE)"	"6.50"	"8.5"	"Handicap"	"5"	"10"	"Kirrane, Sean"	"Easterby, T D"	"6f "	"4"	"8"	"5"	"12"
"14:50:00"	"2026-05-16"	"Newmarket (Rowley)"	"Son"	"6.00"	"8.55"	"Handicap"	"9"	"11"	"Kirrane, Sean"	"Easterby, T D"	"7f "	"3"	"7"	"2"	"10"
"13:47:00"	"2026-05-16"	"Navan"	"Whatswrongnow (IRE)"	"5.50"	"8.79"	"Handicap"	"9"	"17"	"Dalton, J S"	"Burke, Batt"	"6f "	"0"	"7"	"6"	"16"
"13:42:00"	"2026-05-16"	"Newmarket (Rowley)"	"Mr Baloo (IRE)"	"14.00"	"22"	"Handicap"	"7"	"12"	"Leavy, Mr Joe"	"Hannon (Jnr), Richard"	"1m "	"4"	"10"	"8"	"14"
"17:30:00"	"2026-05-15"	"Hamilton"	"Wee Mary (IRE)"	"6.50"	"8.59"	"Handicap"	"4"	"10"	"Waugh, Amie"	"Goldie, J S"	"5f "	"6"	"10"	"3"	"9"
"17:30:00"	"2026-05-15"	"Hamilton"	"Ski Angel"	"14.00"	"20"	"Handicap"	"5"	"10"	"Marshall, Tom Kiely"	"Smith, R Michael"	"5f "	"6"	"10"	"4"	"9"
"17:30:00"	"2026-05-15"	"Hamilton"	"Tarlac (IRE)"	"9.00"	"13.5"	"Handicap"	"8"	"10"	"Dickson, Mr Jake"	"Scott, Miss Katie"	"5f "	"6"	"10"	"5"	"7"
"16:18:00"	"2026-05-15"	"Newmarket (Rowley)"	"Expressionless"	"5.00"	"7.09"	"Handicap"	"3"	"8"	"Lewis, Ashley"	"Cunha, Dylan"	"1m2f "	"5"	"7"	"10"	"12"
"14:08:00"	"2026-05-15"	"Newbury"	"Miss Chester (IRE)"	"22.00"	"36"	"Handicap"	"12"	"13"	"Perkins, Miss Alicia"	"Usher, M D I"	"1m "	"5"	"9"	"3"	"9"
"14:08:00"	"2026-05-14"	"Salisbury"	"Strike"	"4.50"	"7.6"	"Handicap"	"3"	"9"	"DArcy, Arron"	"Portman, J G"	"6f "	"5"	"10"	"8"	"11"
"14:08:00"	"2026-05-14"	"Salisbury"	"Mumayaz (IRE)"	"2.75"	"3.94"	"Handicap"	"4"	"9"	"Bradnam, Joe"	"Carroll, A W"	"6f "	"5"	"5"	"1"	"5"
"16:00:00"	"2026-05-12"	"Beverley"	"Tanjen (IRE)"	"6.00"	"7.71"	"Handicap"	"9"	"10"	"Allan, David"	"Easterby, T D"	"5f "	"5"	"10"	"5"	"9"
"19:17:00"	"2026-05-11"	"Windsor"	"Over Spiced"	"4.00"	"5.29"	"Handicap"	"5"	"7"	"Lewis, Ashley"	"Harris, Miss G"	"5f "	"5"	"7"	"1"	"6"
"18:17:00"	"2026-05-11"	"Windsor"	"Diligently"	"2.75"	"4.21"	"Handicap"	"8"	"9"	"Osborne, Saffie"	"Cox, C G"	"6f "	"3"	"10"	"4"	"9"
"19:25:00"	"2026-05-09"	"Leicester"	"Tattie Bogle"	"5.50"	"7.56"	"Handicap"	"8"	"9"	"Callan, Mr Jack"	"Johnston, Charlie"	"7f "	"5"	"10"	"1"	"10"
"18:25:00"	"2026-05-09"	"Leicester"	"Emperor Caradoc (FR)"	"1.75"	"3"	"Handicap"	"3"	"5"	"Nolan, D"	"Midgley, P T"	"6f "	"5"	"7"	"1"	"9"
"16:40:00"	"2026-05-09"	"Ascot"	"Neyvas Angel"	"7.50"	"11"	"Handicap"	"4"	"18"	"Murphy, Oisin"	"Dunne, M"	"6f "	"4"	"10"	"5"	"8"
"16:40:00"	"2026-05-09"	"Ascot"	"Serenity Dream (IRE)"	"14.00"	"22"	"Handicap"	"5"	"18"	"Bishop, Charles"	"Carroll, A W"	"6f "	"4"	"7"	"8"	"9"
"16:40:00"	"2026-05-09"	"Ascot"	"Dicko The Legend (IRE)"	"7.50"	"14.69"	"Handicap"	"9"	"18"	"Watson, Jason"	"Bailey, Liam"	"6f "	"4"	"10"	"2"	"8"
"16:40:00"	"2026-05-09"	"Ascot"	"Rage Of Thunder (IRE)"	"25.00"	"30.31"	"Handicap"	"16"	"18"	"Clutterbuck, Rhys"	"Moore, Gary and Josh"	"6f "	"4"	"8"	"15"	"17"
"16:25:00"	"2026-05-09"	"Lingfield"	"Harry Brown"	"9.00"	"14"	"Handicap"	"1"	"8"	"Doyle, Hollie"	"Crate, Peter"	"5f "	"5"	"9"	"9"	"10"
"16:25:00"	"2026-05-09"	"Lingfield"	"Faustus"	"5.50"	"7.4"	"Handicap"	"3"	"8"	"Leavy, Mr Joe"	"Bridger, J / Cook, R"	"5f "	"5"	"7"	"7"	"9"
"16:25:00"	"2026-05-09"	"Lingfield"	"My Boy Harry"	"18.00"	"30.96"	"Handicap"	"4"	"8"	"Fox, Kieren"	"Best, Jim/Suzi"	"5f "	"5"	"9"	"6"	"12"
"16:25:00"	"2026-05-09"	"Lingfield"	"Desert Champion (IRE)"	"16.00"	"17.43"	"Handicap"	"8"	"8"	"Jamin, Pierre-Louis"	"Midgley, P T"	"5f "	"5"	"9"	"7"	"9"
"15:10:00"	"2026-05-09"	"Naas"	"Pinar Del Rio"	"10.00"	"17.99"	"Handicap"	"5"	"13"	"Whelan, R P"	"McIntyre, Alan"	"6f "	"0"	"5"	"10"	"15"
"19:20:00"	"2026-05-07"	"Redcar"	"El Matador (IRE)"	"3.00"	"4.36"	"Handicap"	"2"	"9"	"Doyle, Hollie"	"Beckett, R M"	"1m "	"3"	"10"	"2"	"7"
"17:15:00"	"2026-05-07"	"Redcar"	"Due Respect (IRE)"	"6.00"	"7.61"	"Handicap"	"5"	"12"	"Hart, Jason"	"Rutherford, Gary"	"6f "	"6"	"8"	"7"	"11"
"17:10:00"	"2026-05-07"	"Windsor"	"Twirler"	"5.00"	"6.38"	"Handicap"	"1"	"8"	"Fox, Kieren"	"Attwater, M J"	"6f "	"6"	"10"	"5"	"10"
"16:30:00"	"2026-05-05"	"Ayr"	"The Gay Blade"	"2.13"	"3.3"	"Handicap"	"6"	"7"	"Tuke, Cara"	"Jardine, I"	"6f "	"6"	"6"	"2"	"11"
"17:20:00"	"2026-05-04"	"Curragh"	"Green Icon (FR)"	"50.00"	"83.26"	"Handicap"	"19"	"20"	"Sheridan, J M"	"Hogan, Denis Gerard"	"6f "	"0"	"9"	"11"	"15"
"16:08:00"	"2026-05-04"	"Windsor"	"Tiger Tulip"	"4.50"	"6.4"	"Handicap"	"6"	"11"	"Osborne, Saffie"	"Main, Mrs H S"	"6f "	"4"	"2"	"9"	"9"
"17:00:00"	"2026-05-03"	"Hamilton"	"Mount Ruapehu (IRE)"	"3.50"	"5.89"	"Handicap"	"2"	"12"	"Mullen, Andrew"	"Jardine, I"	"5f "	"6"	"5"	"1"	"10"
"17:00:00"	"2026-05-03"	"Hamilton"	"Until Dawn (IRE)"	"18.00"	"23.03"	"Handicap"	"3"	"12"	"Elliott, Rhys"	"Brown, A D"	"5f "	"6"	"10"	"7"	"9"
"14:35:00"	"2026-05-03"	"Salisbury"	"Dapper Valley (IRE)"	"0.62"	"1.69"	"Handicap"	"1"	"5"	"Bradley, Paddy"	"Owen, J P"	"5f "	"4"	"8"	"1"	"7"
"14:30:00"	"2026-05-03"	"Cork"	"Collecting Coin"	"2.25"	"3.38"	"Handicap"	"3"	"12"	"Hayes, C D"	"Harrington, Mrs John"	"7f "	"0"	"8"	"4"	"16"
"14:30:00"	"2026-05-03"	"Cork"	"Final Voyage (IRE)"	"8.00"	"13"	"Handicap"	"7"	"12"	"Maye, Jessica"	"Murtagh, J P"	"7f "	"0"	"9"	"1"	"16"
"14:30:00"	"2026-05-03"	"Cork"	"Quatre Bras (IRE)"	"14.00"	"27"	"Handicap"	"8"	"12"	"Slattery, A J"	"OBrien, Richard John"	"7f "	"0"	"9"	"11"	"16"
"13:30:00"	"2026-05-03"	"Salisbury"	"Moonhall Lass (IRE)"	"0.50"	"1.54"	"Handicap"	"1"	"7"	"Callan, Mr Henry"	"Owen, J P"	"6f "	"6"	"5"	"1"	"8"
"20:02:00"	"2026-05-02"	"Doncaster"	"Evocative Spark (IRE)"	"4.00"	"5.9"	"Handicap"	"7"	"10"	"Tindall, Ethan"	"Riches, John"	"7f "	"5"	"10"	"1"	"9"
"16:25:00"	"2026-05-02"	"Thirsk"	"Equity Law"	"8.50"	"11.55"	"Handicap"	"3"	"10"	"Fentiman, Duran"	"Easterby, T D"	"5f "	"3"	"7"	"3"	"8"
"15:20:00"	"2026-05-02"	"Goodwood"	"The Thames Boatman"	"4.50"	"6.8"	"Handicap"	"1"	"9"	"Marsh, Finley"	"Hughes, Richard"	"5f "	"5"	"5"	"2"	"7"
"15:58:00"	"2026-04-30"	"Redcar"	"Beerwah (IRE)"	"2.25"	"3.92"	"Handicap"	"1"	"9"	"Hart, Jason"	"Quinn, J J"	"5f "	"6"	"6"	"2"	"14"
"15:58:00"	"2026-04-30"	"Redcar"	"Doralee"	"1.75"	"2.94"	"Handicap"	"6"	"9"	"Mason, Joanna"	"Barron, T D"	"5f "	"6"	"6"	"3"	"14"
"15:15:00"	"2026-04-29"	"Musselburgh"	"Rosenpur (GER)"	"4.50"	"5.91"	"Handicap"	"6"	"8"	"Mulrennan, Paul"	"Candlish, Jennie"	"5f "	"4"	"7"	"2"	"5"
"16:28:00"	"2026-04-28"	"Yarmouth"	"Ironist (IRE)"	"22.00"	"33.87"	"Handicap"	"3"	"7"	"Bowen, S D"	"Margarson, G G"	"7f "	"3"	"7"	"4"	"6"
"14:12:00"	"2026-04-28"	"Yarmouth"	"Diamont Katie (IRE)"	"1.25"	"2.58"	"Handicap"	"2"	"6"	"Nicholls, Mr Jack"	"Burke, K R"	"7f "	"5"	"7"	"1"	"8"
"18:45:00"	"2026-04-26"	"Musselburgh"	"Im Next"	"3.00"	"4.6"	"Handicap"	"4"	"12"	"Allan, David"	"Easterby, T D"	"5f "	"4"	"3"	"1"	"9"
"15:20:00"	"2026-04-26"	"Nottingham"	"Winchurch (IRE)"	"3.50"	"5"	"Handicap"	"1"	"7"	"Havlin, Robert"	"Appleby, M"	"6f "	"6"	"8"	"4"	"8"
"16:55:00"	"2026-04-25"	"Haydock"	"Sedgemoor (IRE)"	"25.00"	"27.81"	"Handicap"	"3"	"11"	"Mullen, Andrew"	"Ryan, J"	"6f "	"5"	"5"	"10"	"11"
"15:19:00"	"2026-04-25"	"Leicester"	"Call Glory (IRE)"	"7.50"	"10.5"	"Handicap"	"2"	"10"	"Kavanagh, Ryan"	"Williams, Ian"	"6f "	"6"	"10"	"4"	"12"
"14:44:00"	"2026-04-25"	"Leicester"	"Justcallmepete"	"6.50"	"8.68"	"Handicap"	"3"	"7"	"Costello, Dougie"	"Carroll, A W"	"6f "	"4"	"8"	"1"	"11"
"13:20:00"	"2026-04-25"	"Navan"	"Nouvel Espoir (IRE)"	"12.00"	"21"	"Handicap"	"14"	"16"	"Ryan, E E"	"Barcoe, James M"	"5f "	"0"	"6"	"18"	"21"
"13:20:00"	"2026-04-25"	"Navan"	"Romantic War (IRE)"	"50.00"	"160"	"Handicap"	"16"	"16"	"Frain, Freya"	"Murray, J G"	"5f "	"0"	"10"	"9"	"12"
"13:40:00"	"2026-04-24"	"Doncaster"	"Auntie Jo"	"3.50"	"5.98"	"Handicap"	"4"	"14"	"Tudhope, Daniel"	"OMeara, D"	"5f "	"6"	"4"	"4"	"11"
"13:40:00"	"2026-04-24"	"Doncaster"	"Golden Prosperity (IRE)"	"9.00"	"16.01"	"Handicap"	"10"	"14"	"Nolan, D"	"Coyle, Tony"	"5f "	"6"	"6"	"16"	"17"
"14:52:00"	"2026-04-23"	"Beverley"	"Im Next"	"1.38"	"2.46"	"Handicap"	"1"	"9"	"Allan, David"	"Easterby, T D"	"5f "	"4"	"8"	"2"	"10"
"14:52:00"	"2026-04-23"	"Beverley"	"Fuji Mountain (IRE)"	"11.00"	"14.81"	"Handicap"	"4"	"9"	"Wheatley, Zak"	"Carroll, D"	"5f "	"4"	"2"	"2"	"6"
"13:52:00"	"2026-04-22"	"Catterick"	"Fortunate Star (IRE)"	"2.50"	"4.07"	"Handicap"	"8"	"8"	"Whiteley, C J"	"Hanlon, Stephen"	"5f "	"6"	"7"	"3"	"10"
"16:55:00"	"2026-04-21"	"Yarmouth"	"Rogue Allegiance (IRE)"	"25.00"	"44"	"Handicap"	"3"	"11"	"Morris, Luke"	"Jones, Jack"	"7f "	"4"	"8"	"2"	"9"
"15:12:00"	"2026-04-20"	"Redcar"	"Perfidia (IRE)"	"3.33"	"4.7"	"Handicap"	"2"	"14"	"Allan, David"	"Easterby, T D"	"7f "	"6"	"10"	"3"	"13"
"15:12:00"	"2026-04-20"	"Redcar"	"Woodrafff"	"6.50"	"9.4"	"Handicap"	"8"	"14"	"Sullivan, James P"	"Carr, Mrs R A"	"7f "	"6"	"10"	"4"	"14"
"15:12:00"	"2026-04-20"	"Redcar"	"Angel Of England"	"66.00"	"110.08"	"Handicap"	"13"	"14"	"Nolan, D"	"Brown, A D"	"7f "	"6"	"10"	"14"	"14"
"17:45:00"	"2026-04-18"	"Nottingham"	"Initial Blue (IRE)"	"5.50"	"4.85"	"Handicap"	"7"	"8"	"Bell, Mr Charlie"	"Newland, Dr R D P"	"5f "	"6"	"10"	"1"	"11"
"17:40:00"	"2026-04-18"	"Thirsk"	"Piperstown (IRE)"	"5.50"	"8.18"	"Handicap"	"5"	"17"	"Stammers, Oliver"	"Frost, Kevin"	"6f "	"6"	"7"	"1"	"9"
"17:40:00"	"2026-04-18"	"Thirsk"	"Siviez"	"18.00"	"36"	"Handicap"	"11"	"17"	"Lewis, Owen"	"Tuer, Grant"	"6f "	"6"	"10"	"6"	"12"
"17:40:00"	"2026-04-18"	"Thirsk"	"Tommytwohoots"	"4.50"	"6.8"	"Handicap"	"12"	"17"	"McDonald, P J"	"Mackie, J"	"6f "	"6"	"10"	"4"	"12"
"17:40:00"	"2026-04-18"	"Thirsk"	"Golden Prosperity (IRE)"	"10.00"	"15.44"	"Handicap"	"16"	"17"	"Marshall, Tom Kiely"	"Coyle, Tony"	"6f "	"6"	"10"	"1"	"12"
"14:47:00"	"2026-04-18"	"Thirsk"	"Sherlock (IRE)"	"18.00"	"25.45"	"Handicap"	"2"	"18"	"Callan, Mr Jack"	"Ryan, K A"	"6f "	"5"	"7"	"4"	"8"
"14:47:00"	"2026-04-18"	"Thirsk"	"Lord Abama (IRE)"	"9.00"	"14.5"	"Handicap"	"9"	"18"	"Elliott, Rhys"	"Dods, M"	"6f "	"5"	"8"	"5"	"15"
"14:47:00"	"2026-04-18"	"Thirsk"	"Hurt You Never (IRE)"	"33.00"	"55"	"Handicap"	"15"	"18"	"Nicholls, Mr Jack"	"Nicholls, Adrian"	"6f "	"5"	"8"	"7"	"15"
"14:47:00"	"2026-04-18"	"Thirsk"	"One More Dream"	"33.00"	"57.22"	"Handicap"	"18"	"18"	"Hart, Jason"	"Quinn, J J"	"6f "	"5"	"8"	"12"	"15"
"15:45:00"	"2026-04-16"	"Ripon"	"Kats Bob"	"5.50"	"8.18"	"Handicap"	"9"	"16"	"Pyle, William"	"Carr, Mrs R A"	"6f "	"4"	"8"	"2"	"9"
"16:22:00"	"2026-04-13"	"Leicester"	"Mission Command (IRE)"	"2.75"	"4.2"	"Handicap"	"3"	"7"	"Keenan, Darragh"	"Candlish, Jennie"	"7f "	"5"	"6"	"3"	"9"
"14:22:00"	"2026-04-13"	"Leicester"	"Clough (IRE)"	"300.00"	"1000"	"Novices"	"11"	"12"	"Keeley, Aidan"	"Cunha, Dylan"	"7f "	"4"	"6"	"8"	"8"
"18:45:00"	"2026-04-12"	"Musselburgh"	"Montezuma"	"2.50"	"4.4"	"Handicap"	"1"	"17"	"Mulrennan, Paul"	"Goldie, J S"	"5f "	"4"	"8"	"2"	"12"
"18:45:00"	"2026-04-12"	"Musselburgh"	"Al Hussar"	"5.50"	"8.77"	"Handicap"	"4"	"17"	"Stammers, Oliver"	"Tuer, Grant"	"5f "	"4"	"8"	"3"	"12"
"18:45:00"	"2026-04-12"	"Musselburgh"	"Pop Star (IRE)"	"16.00"	"20.25"	"Handicap"	"12"	"17"	"Mullen, Andrew"	"Jardine, I"	"5f "	"4"	"8"	"10"	"12"
"18:45:00"	"2026-04-12"	"Musselburgh"	"Classy Al"	"50.00"	"140"	"Handicap"	"14"	"17"	"Young, Lauren"	"Goldie, J S"	"5f "	"4"	"8"	"11"	"12"
"18:30:00"	"2026-04-11"	"Bellewstown"	"Aurora Nova (IRE)"	"11.00"	"14"	"Handicap"	"3"	"10"	"Powell, J A"	"McNamara, Andrew"	"5f "	"0"	"8"	"12"	"16"
"18:30:00"	"2026-04-11"	"Bellewstown"	"Asdana (IRE)"	"7.50"	"10.49"	"Handicap"	"4"	"10"	"Lee, W J"	"McCreery, W"	"5f "	"0"	"8"	"10"	"16"
"18:30:00"	"2026-04-11"	"Bellewstown"	"Sporting Hero"	"7.50"	"9.8"	"Handicap"	"6"	"10"	"Orr, J A"	"Durkan, William"	"5f "	"0"	"10"	"10"	"12"
"17:55:00"	"2026-04-11"	"Bellewstown"	"Jordan Breeze (IRE)"	"4.50"	"7.2"	"Handicap"	"2"	"15"	"Donaghue-Leahy, R"	"Flynn, Patrick J"	"5f "	"0"	"10"	"2"	"10"
"17:55:00"	"2026-04-11"	"Bellewstown"	"Jazzit"	"16.00"	"28"	"Handicap"	"13"	"15"	"Ryan, J J G"	"McCourt, T G"	"5f "	"0"	"10"	"3"	"10"
"14:02:00"	"2026-04-11"	"Yarmouth"	"The Ubermensch (GER)"	"1.75"	"3.54"	"Handicap"	"6"	"14"	"Crouch, Hector"	"Bell, M L W"	"1m "	"6"	"5"	"2"	"7"
"16:45:00"	"2026-04-04"	"Musselburgh"	"Wheels Of Fire (IRE)"	"4.00"	"6.07"	"Handicap"	"1"	"12"	"Levey, S M"	"Hannon (Jnr), Richard"	"5f "	"4"	"8"	"10"	"14"
"16:45:00"	"2026-04-04"	"Musselburgh"	"Thecoffeepoddotco"	"10.00"	"12.83"	"Handicap"	"4"	"12"	"Voikhansky, Alexander"	"Hannon (Jnr), Richard"	"5f "	"4"	"10"	"3"	"7"
"16:45:00"	"2026-04-04"	"Musselburgh"	"Water Of Leith (IRE)"	"12.00"	"15"	"Handicap"	"6"	"12"	"Hardie, Cameron"	"Goldie, J S"	"5f "	"4"	"8"	"4"	"9"
"14:18:00"	"2026-03-30"	"Navan"	"Exceeding (IRE)"	"3.33"	"5.8"	"Handicap"	"10"	"15"	"Slattery, A J"	"Slattery, Andrew"	"6f "	"0"	"8"	"2"	"15"
"17:50:00"	"2026-03-29"	"Doncaster"	"Charlie Mason"	"3.00"	"5.28"	"Handicap"	"7"	"17"	"Ryan, Rossa"	"Carroll, A W"	"5f "	"5"	"9"	"2"	"9"
"17:50:00"	"2026-03-29"	"Doncaster"	"Glory Hyde (IRE)"	"14.00"	"22.85"	"Handicap"	"11"	"17"	"Mason, Joanna"	"Fell, R / Murray, S"	"5f "	"5"	"9"	"5"	"9"
"17:15:00"	"2026-03-29"	"Doncaster"	"Valley Ofthe Kings (SAF)"	"50.00"	"95"	"Handicap"	"7"	"19"	"Levey, S M"	"Cunha, Dylan"	"6f "	"3"	"9"	"8"	"11"
"14:55:00"	"2026-03-29"	"Doncaster"	"Grabajabba"	"12.00"	"18.5"	"Handicap"	"2"	"16"	"Rawlinson, Ali"	"Appleby, M"	"7f "	"4"	"8"	"3"	"12"
"13:47:00"	"2026-03-29"	"Doncaster"	"Star Cast"	"5.50"	"7.6"	"Handicap"	"3"	"22"	"Collier, Miss A"	"Tutty, Gemma"	"1m "	"5"	"10"	"6"	"10"
"13:47:00"	"2026-03-29"	"Doncaster"	"Cartwheel"	"80.00"	"150.3"	"Handicap"	"13"	"22"	"Kent, Mr Lewis"	"Cunha, Dylan"	"1m "	"5"	"9"	"6"	"6"
"13:47:00"	"2026-03-29"	"Doncaster"	"King Of York (IRE)"	"33.00"	"61.56"	"Handicap"	"18"	"22"	"Walker, Mr S"	"Dixon, Scott"	"1m "	"5"	"8"	"5"	"12"
"13:35:00"	"2026-03-22"	"Naas"	"Tai Tam Bay (IRE)"	"5.00"	"9.74"	"Handicap"	"5"	"15"	"Powell, J A"	"Harty, Edward and Patrick"	"6f "	"0"	"7"	"2"	"12"
"13:35:00"	"2026-03-22"	"Naas"	"Zabriskie Point"	"25.00"	"52.37"	"Handicap"	"9"	"15"	"Caffrey, Adam"	"McGuinness, Adrian"	"6f "	"0"	"7"	"PU"	"26"
"13:35:00"	"2026-03-22"	"Naas"	"Kilmood Susan (IRE)"	"18.00"	"27"	"Handicap"	"13"	"15"	"Lee, W J"	"Mulvany, Michael"	"6f "	"0"	"7"	"22"	"26"
"14:35:00"	"2026-03-15"	"Curragh"	"Go Out (FR)"	"14.00"	"24"	"Handicap"	"7"	"12"	"Foley, Shane"	"Murphy, Daniel"	"6f "	"0"	"9"	"8"	"11"
"11:37:00"	"2025-11-08"	"Doncaster"	"Look Back Smiling (IRE)"	"5.00"	"8.4"	"Handicap"	"6"	"21"	"Gee, Alfie"	"Tutty, Gemma"	"7f "	"4"	"4"	"11"	"14"
"15:27:00"	"2025-11-04"	"Redcar"	"Mrs Trump (IRE)"	"5.50"	"7.45"	"Handicap"	"4"	"9"	"Winn, Mark"	"Midgley, P T"	"6f "	"6"	"8"	"5"	"13"
"15:27:00"	"2025-11-04"	"Redcar"	"Carlton And Co"	"4.50"	"6.2"	"Handicap"	"5"	"9"	"Garritty, Billy"	"Easterby, M W"	"6f "	"6"	"10"	"9"	"12"
"15:27:00"	"2025-11-04"	"Redcar"	"Giselles Izzy (IRE)"	"5.50"	"8.4"	"Handicap"	"8"	"9"	"Tuke, Cara"	"Jardine, I"	"6f "	"6"	"8"	"1"	"13"
"14:57:00"	"2025-11-04"	"Redcar"	"Rain Cap"	"5.00"	"7.81"	"Handicap"	"2"	"10"	"Kirrane, Sean"	"Riches, John"	"6f "	"6"	"7"	"5"	"10"
"14:57:00"	"2025-11-04"	"Redcar"	"Hurstwood"	"5.50"	"8.1"	"Handicap"	"7"	"10"	"Dickson, Mr Jake"	"Niven, P D"	"6f "	"6"	"8"	"6"	"13"
"14:57:00"	"2025-11-04"	"Redcar"	"Crocodile Power (IRE)"	"5.00"	"6.4"	"Handicap"	"8"	"10"	"Swift, Mr Dale"	"Spencer, Seb"	"6f "	"6"	"7"	"1"	"10"
"13:25:00"	"2025-11-04"	"Redcar"	"Look Back Smiling (IRE)"	"5.50"	"9.6"	"Handicap"	"11"	"14"	"Mason, Joanna"	"Tutty, Gemma"	"7f "	"5"	"10"	"7"	"14"
"13:25:00"	"2025-11-04"	"Redcar"	"Streak Lightning (IRE)"	"33.00"	"48"	"Handicap"	"UR"	"14"	"Sullivan, James P"	"Carr, Mrs R A"	"7f "	"5"	"8"	"UR"	"12"
"16:00:00"	"2025-11-01"	"Newmarket (Rowley)"	"Onemorenomore"	"5.50"	"7.56"	"Handicap"	"7"	"8"	"Doyle, Hollie"	"McBride, P J"	"7f "	"4"	"7"	"7"	"15"
"15:57:00"	"2025-10-31"	"Newmarket (Rowley)"	"Mcted"	"3.33"	"5.4"	"Handicap"	"4"	"14"	"Bond, Alice"	"Dunne, M"	"1m1f "	"5"	"6"	"1"	"12"
"13:40:00"	"2025-10-31"	"Newmarket (Rowley)"	"Thunder Star"	"9.00"	"11.5"	"Handicap"	"9"	"11"	"Wood, George"	"Macey, Jessica"	"5f "	"4"	"10"	"2"	"10"
"16:20:00"	"2025-10-28"	"Leicester"	"Impressor (IRE)"	"11.00"	"16"	"Handicap"	"7"	"9"	"Gray, S A"	"Makin, Phillip"	"5f "	"5"	"4"	"6"	"14"
"17:30:00"	"2025-10-25"	"Doncaster"	"Stanage"	"16.00"	"24"	"Handicap"	"5"	"15"	"Mason, Joanna"	"Easterby, M W"	"7f "	"4"	"8"	"4"	"6"
"17:30:00"	"2025-10-25"	"Doncaster"	"Onemorenomore"	"5.00"	"7.35"	"Handicap"	"7"	"15"	"Ghiani, Marco"	"McBride, P J"	"7f "	"4"	"9"	"3"	"7"
"17:00:00"	"2025-10-25"	"Doncaster"	"On The River"	"8.00"	"11.5"	"Handicap"	"2"	"15"	"Bowen, S D"	"Bethell, Harriet"	"7f "	"4"	"8"	"4"	"11"
"17:00:00"	"2025-10-25"	"Doncaster"	"Abduction (FR)"	"16.00"	"25"	"Handicap"	"15"	"15"	"Farmer, Shay"	"Goldie, J S"	"7f "	"4"	"8"	"6"	"6"
"15:50:00"	"2025-10-25"	"Doncaster"	"Look Back Smiling (IRE)"	"10.00"	"16"	"Handicap"	"7"	"14"	"Fentiman, Warren"	"Tutty, Gemma"	"1m "	"3"	"8"	"5"	"6"
"15:50:00"	"2025-10-25"	"Doncaster"	"Empirestateofmind (IRE)"	"16.00"	"32"	"Handicap"	"9"	"14"	"Hart, Jason"	"Quinn, J J"	"1m "	"3"	"8"	"2"	"6"
"17:10:00"	"2025-10-24"	"Newbury"	"Charlie Mason"	"4.00"	"6.71"	"Handicap"	"2"	"18"	"Mangan, Gina"	"Carroll, A W"	"6f "	"3"	"8"	"2"	"9"
"16:28:00"	"2025-10-24"	"Doncaster"	"Amayretto"	"8.00"	"10.37"	"Handicap"	"8"	"14"	"Allan, David"	"Easterby, T D"	"6f "	"4"	"4"	"4"	"8"
"14:30:00"	"2025-10-23"	"Nottingham"	"Hiatus (IRE)"	"7.00"	"10.53"	"Handicap"	"6"	"12"	"Planas, Connor"	"Allen, C N"	"6f "	"5"	"7"	"6"	"9"
"16:30:00"	"2025-10-22"	"Navan"	"Nouvel Espoir (IRE)"	"4.50"	"6.62"	"Handicap"	"4"	"11"	"McMonagle, Dylan B"	"Barcoe, James M"	"5f "	"0"	"6"	"13"	"16"
"14:47:00"	"2025-10-22"	"Navan"	"Velvet Skies (IRE)"	"3.50"	"5"	"Handicap"	"1"	"19"	"Coen, Ben M"	"Mulvany, Michael"	"6f "	"0"	"5"	"3"	"11"
"14:47:00"	"2025-10-22"	"Navan"	"Happy Henry (IRE)"	"10.00"	"13.5"	"Handicap"	"2"	"19"	"Kelly, M Telford"	"McCreery, W"	"6f "	"0"	"8"	"8"	"14"
"14:47:00"	"2025-10-22"	"Navan"	"Whatswrongnow (IRE)"	"8.50"	"13"	"Handicap"	"3"	"19"	"Mulligan, R M"	"Burke, Batt"	"6f "	"0"	"8"	"6"	"14"
"14:47:00"	"2025-10-22"	"Navan"	"Iva Batt (IRE)"	"40.00"	"80"	"Handicap"	"16"	"19"	"Heffernan, J A"	"Watson, R K"	"6f "	"0"	"6"	"16"	"16"
"17:30:00"	"2025-10-21"	"Yarmouth"	"State Of Madness"	"0.57"	"1.7"	"Handicap"	"2"	"16"	"Egan, Ms A"	"Clover, Charlie"	"6f "	"6"	"5"	"1"	"11"
"15:45:00"	"2025-10-21"	"Yarmouth"	"Sturlasson (IRE)"	"2.75"	"4"	"Handicap"	"1"	"10"	"Donohoe, Stephen"	"Ryan, J"	"5f "	"4"	"7"	"4"	"8"
"15:45:00"	"2025-10-21"	"Yarmouth"	"Thunder Star"	"14.00"	"19.19"	"Handicap"	"2"	"10"	"Edmunds, Lewis"	"Macey, Jessica"	"5f "	"4"	"4"	"10"	"10"
"15:45:00"	"2025-10-21"	"Yarmouth"	"Fletchers Flight (IRE)"	"5.00"	"6.91"	"Handicap"	"8"	"10"	"Davies, Harry"	"McBride, P J"	"5f "	"4"	"8"	"3"	"8"
"14:42:00"	"2025-10-21"	"Curragh"	"Staysound Susie (IRE)"	"10.00"	"13.5"	"Handicap"	"9"	"17"	"Slattery, A J"	"Slattery, Andrew"	"6f "	"0"	"5"	"3"	"10"
"17:25:00"	"2025-10-17"	"Haydock"	"Royal Duke"	"9.00"	"12.33"	"Handicap"	"8"	"10"	"McSweeney, O"	"Smith, R Michael"	"5f "	"5"	"4"	"6"	"10"
"16:35:00"	"2025-10-17"	"Redcar"	"Military Leader"	"5.00"	"7.14"	"Handicap"	"4"	"10"	"Stott, Kevin"	"Makin, Phillip"	"7f "	"6"	"8"	"2"	"7"
"16:35:00"	"2025-10-17"	"Redcar"	"Evocative Spark (IRE)"	"7.50"	"9.82"	"Handicap"	"7"	"10"	"Gray, S A"	"Riches, John"	"7f "	"6"	"8"	"2"	"10"
"16:00:00"	"2025-10-17"	"Redcar"	"Outrun The Storm (IRE)"	"5.00"	"7.6"	"Handicap"	"3"	"11"	"Tindall, Ethan"	"Fahey, R A"	"7f "	"6"	"10"	"9"	"14"
"16:00:00"	"2025-10-17"	"Redcar"	"Albeyours"	"5.50"	"8.04"	"Handicap"	"5"	"11"	"Fentiman, Duran"	"Hollinshead, Steph"	"7f "	"6"	"10"	"2"	"14"
"15:00:00"	"2025-10-16"	"Curragh"	"Dontspoilasale (IRE)"	"10.00"	"19"	"Handicap"	"10"	"16"	"Harnett, J E"	"Hogan, Denis Gerard"	"5f "	"0"	"5"	"8"	"11"
"16:44:00"	"2025-10-14"	"Leicester"	"Leadman"	"4.50"	"7.4"	"Handicap"	"6"	"15"	"Tudhope, Daniel"	"OMeara, D"	"7f "	"3"	"4"	"UR"	"17"
"14:52:00"	"2025-10-13"	"Musselburgh"	"Parisiac (IRE)"	"4.50"	"6.2"	"Handicap"	"2"	"10"	"Nicholls, Mr Jack"	"Jardine, I"	"5f "	"5"	"3"	"4"	"18"
"15:37:00"	"2025-10-12"	"Goodwood"	"Aberama Gold"	"3.00"	"4.79"	"Handicap"	"2"	"8"	"Murphy, Oisin"	"OMeara, D"	"6f "	"3"	"10"	"3"	"14"
"16:25:00"	"2025-10-11"	"Naas"	"Escaping Thejungle (IRE)"	"7.50"	"10.5"	"Handicap"	"7"	"11"	"Joyce, Wesley"	"Delany, E D"	"5f "	"0"	"10"	"2"	"10"
"16:25:00"	"2025-10-11"	"Naas"	"Dontspoilasale (IRE)"	"11.00"	"14.17"	"Handicap"	"8"	"11"	"Hayes, C D"	"Hogan, Denis Gerard"	"5f "	"0"	"10"	"4"	"10"
"16:25:00"	"2025-10-11"	"Naas"	"Nezeeh (IRE)"	"6.00"	"8.2"	"Handicap"	"11"	"11"	"Sheridan, J M"	"Hogan, Denis Gerard"	"5f "	"0"	"10"	"1"	"10"
"16:25:00"	"2025-10-10"	"York"	"Parisiac (IRE)"	"40.00"	"79.47"	"Handicap"	"4"	"18"	"Nicholls, Mr Jack"	"Jardine, I"	"5f "	"3"	"9"	"1"	"9"
"16:25:00"	"2025-10-10"	"York"	"Roach Power (IRE)"	"9.00"	"16"	"Handicap"	"7"	"18"	"Egan, John"	"Wigham, M"	"5f "	"3"	"6"	"1"	"11"
"16:25:00"	"2025-10-10"	"York"	"Jenever"	"16.00"	"26"	"Handicap"	"9"	"18"	"McDonald, P J"	"Macey, Jessica"	"5f "	"3"	"8"	"1"	"14"
"15:25:00"	"2025-10-09"	"Ayr"	"Lord Bertie (FR)"	"2.75"	"4.83"	"Handicap"	"3"	"11"	"Horgan, C"	"OMeara, D"	"6f "	"4"	"9"	"2"	"13"
"15:25:00"	"2025-10-09"	"Ayr"	"Rock Melody (IRE)"	"20.00"	"26.32"	"Handicap"	"6"	"11"	"Waugh, Amie"	"Goldie, J S"	"6f "	"4"	"9"	"9"	"9"
"15:25:00"	"2025-10-09"	"Ayr"	"Kelpie Grey"	"6.00"	"8.13"	"Handicap"	"7"	"11"	"Mulrennan, Paul"	"Goldie, J S"	"6f "	"4"	"9"	"5"	"9"
"15:25:00"	"2025-10-09"	"Ayr"	"Hour By Hour"	"8.50"	"11.06"	"Handicap"	"8"	"11"	"Tabti, M"	"Jardine, I"	"6f "	"4"	"9"	"8"	"13"
"15:25:00"	"2025-10-09"	"Ayr"	"Iris Dancer"	"150.00"	"320"	"Handicap"	"10"	"11"	"Elliott, Rhys"	"Davidson, Tristan"	"6f "	"4"	"10"	"7"	"7"
"17:00:00"	"2025-10-08"	"Nottingham"	"Tommytwohoots"	"6.00"	"8.54"	"Handicap"	"4"	"13"	"Farmer, Shay"	"McInnes, I W"	"6f "	"6"	"7"	"7"	"11"
"17:00:00"	"2025-10-08"	"Nottingham"	"Upper Hand (IRE)"	"20.00"	"48"	"Handicap"	"6"	"13"	"Applegate, Lloyd"	"Newland, Dr R D P"	"6f "	"6"	"9"	"4"	"10"
"15:22:00"	"2025-10-08"	"Navan"	"Step Back In Time (IRE)"	"8.00"	"11.15"	"Handicap"	"1"	"17"	"Keane, C T"	"Timmons, C D"	"6f "	"0"	"8"	"6"	"10"
"15:22:00"	"2025-10-08"	"Navan"	"Platino Bianco (IRE)"	"25.00"	"36"	"Handicap"	"3"	"17"	"Ryan, Gavin"	"Timmons, C D"	"6f "	"0"	"6"	"12"	"12"
"15:22:00"	"2025-10-08"	"Navan"	"Jazzy Dancer (IRE)"	"33.00"	"67.36"	"Handicap"	"5"	"17"	"McCullagh, N G"	"Martin, W J"	"6f "	"0"	"8"	"9"	"10"
"15:22:00"	"2025-10-08"	"Navan"	"Kwa Herini"	"3.50"	"6"	"Handicap"	"9"	"17"	"Pietropaolo, J"	"Coleman, Kevin"	"6f "	"0"	"8"	"5"	"12"
"15:22:00"	"2025-10-08"	"Navan"	"Ukiyo (IRE)"	"3.50"	"5.87"	"Handicap"	"11"	"17"	"Whearty, R"	"Cromwell, Gavin Patrick"	"6f "	"0"	"8"	"1"	"10"
"15:22:00"	"2025-10-08"	"Navan"	"Eruption (IRE)"	"40.00"	"92.85"	"Handicap"	"14"	"17"	"Coakley, Ross"	"McConnell, John C"	"6f "	"0"	"6"	"6"	"12"
"15:22:00"	"2025-10-08"	"Navan"	"Roman Harry (IRE)"	"18.00"	"31.95"	"Handicap"	"17"	"17"	"Coen, Ben M"	"OConnell, Ms Claire"	"6f "	"0"	"7"	"8"	"15"
"17:35:00"	"2025-10-07"	"Leicester"	"The Good Biscuit"	"7.50"	"13.71"	"Handicap"	"3"	"14"	"Fentiman, Warren"	"Carr, Mrs R A"	"6f "	"5"	"1"	"9"	"13"
"16:30:00"	"2025-10-07"	"Leicester"	"Smart Vision"	"2.00"	"3.25"	"Handicap"	"1"	"10"	"Edmunds, Lewis"	"Macey, Jessica"	"5f "	"4"	"10"	"3"	"13"
"17:13:00"	"2025-10-06"	"Yarmouth"	"Jimmy Speaking"	"4.00"	"5.7"	"Handicap"	"10"	"13"	"Sousa, Silvestre De"	"Dwyer, C A"	"1m "	"4"	"10"	"12"	"13"
"16:35:00"	"2025-10-04"	"Curragh"	"Prince Of Love (IRE)"	"25.00"	"43.07"	"Handicap"	"4"	"15"	"Grant, A S"	"McConnell, John C"	"6f "	"0"	"8"	"7"	"13"
"14:52:00"	"2025-10-04"	"Curragh"	"Gerrits Gem (IRE)"	"4.50"	"5.6"	"Handicap"	"2"	"9"	"Cleary, Jack"	"Cotter, Kieran P"	"6f "	"0"	"4"	"9"	"14"
"17:15:00"	"2025-10-03"	"Ascot"	"Mythical Guest (IRE)"	"4.50"	"6.81"	"Non-Handicap"	"2"	"9"	"Havlin, Robert"	"Margarson, G G"	"1m "	"3"	"7"	"8"	"13"
"15:45:00"	"2025-10-02"	"Bellewstown"	"Shes Smart (IRE)"	"7.00"	"10.56"	"Handicap"	"11"	"12"	"Caffrey, Adam"	"McGuinness, Adrian"	"5f "	"0"	"10"	"13"	"18"
"17:13:00"	"2025-10-01"	"Musselburgh"	"Ski Angel"	"2.25"	"3.65"	"Handicap"	"1"	"6"	"Breslin, Andrew"	"Smith, R Michael"	"5f "	"6"	"10"	"4"	"12"
"17:13:00"	"2025-10-01"	"Musselburgh"	"Zaphea (IRE)"	"3.00"	"4.68"	"Handicap"	"6"	"6"	"Mullen, Andrew"	"Jardine, I"	"5f "	"6"	"10"	"3"	"12"
"16:05:00"	"2025-10-01"	"Musselburgh"	"Parisiac (IRE)"	"20.00"	"32"	"Handicap"	"1"	"9"	"Mullen, Andrew"	"Jardine, I"	"5f "	"4"	"9"	"2"	"8"
"16:05:00"	"2025-10-01"	"Musselburgh"	"Lions House"	"7.00"	"9.2"	"Handicap"	"3"	"9"	"Fraser, Kaiya"	"Perratt, Miss L A"	"5f "	"4"	"2"	"7"	"10"
"16:05:00"	"2025-10-01"	"Musselburgh"	"Zarzyni (IRE)"	"16.00"	"23"	"Handicap"	"7"	"9"	"Pyle, William"	"Barron, T D"	"5f "	"4"	"10"	"1"	"14"
"15:58:00"	"2025-10-01"	"Bellewstown"	"Nezeeh (IRE)"	"6.00"	"9.2"	"Handicap"	"1"	"10"	"Sheridan, J M"	"Hogan, Denis Gerard"	"5f "	"0"	"4"	"9"	"11"
"15:58:00"	"2025-10-01"	"Bellewstown"	"Dontspoilasale (IRE)"	"12.00"	"17.5"	"Handicap"	"4"	"10"	"McAteer, L T"	"Hogan, Denis Gerard"	"5f "	"0"	"5"	"6"	"14"
"15:58:00"	"2025-10-01"	"Bellewstown"	"Aurora Nova (IRE)"	"4.50"	"5.94"	"Handicap"	"6"	"10"	"Burns, Ms N"	"McNamara, Andrew"	"5f "	"0"	"1"	"10"	"12"
"13:58:00"	"2025-10-01"	"Catterick"	"Ninety Nine (IRE)"	"10.00"	"14"	"Handicap"	"2"	"11"	"Cagney, Eireann"	"Wainwright, J S"	"5f "	"6"	"6"	"8"	"8"
"13:58:00"	"2025-10-01"	"Catterick"	"Sally Annes Dream"	"40.00"	"65"	"Handicap"	"8"	"11"	"Blakemore, Aiden"	"Spencer, Seb"	"5f "	"6"	"8"	"6"	"7"
"16:30:00"	"2025-09-30"	"Ayr"	"Rousing Encore (IRE)"	"3.50"	"5.73"	"Handicap"	"1"	"13"	"Sullivan, James P"	"Carr, Mrs R A"	"6f "	"4"	"10"	"8"	"25"
"16:30:00"	"2025-09-30"	"Ayr"	"Lord Bertie (FR)"	"8.00"	"11.92"	"Handicap"	"2"	"13"	"Horgan, C"	"OMeara, D"	"6f "	"4"	"10"	"9"	"25"
"16:30:00"	"2025-09-30"	"Ayr"	"Hour By Hour"	"16.00"	"19.95"	"Handicap"	"8"	"13"	"Tabti, M"	"Jardine, I"	"6f "	"4"	"9"	"7"	"7"
"15:15:00"	"2025-09-30"	"Cork"	"Im Spartacus (IRE)"	"3.33"	"4.48"	"Handicap"	"5"	"10"	"Caffrey, Adam"	"McGuinness, Adrian"	"6f "	"0"	"4"	"7"	"14"
"14:45:00"	"2025-09-30"	"Cork"	"Kwa Herini"	"3.33"	"4.45"	"Handicap"	"5"	"12"	"Pietropaolo, J"	"Coleman, Kevin"	"6f "	"0"	"8"	"5"	"18"
"14:45:00"	"2025-09-30"	"Cork"	"White Clover (IRE)"	"10.00"	"17.5"	"Handicap"	"7"	"12"	"Carroll, G F"	"Murphy, Joseph G"	"6f "	"0"	"8"	"6"	"12"
"14:45:00"	"2025-09-30"	"Cork"	"Aurora Nova (IRE)"	"8.00"	"12.75"	"Handicap"	"10"	"12"	"Burns, Ms N"	"McNamara, Andrew"	"6f "	"0"	"8"	"5"	"12"
"16:45:00"	"2025-09-29"	"Hamilton"	"Sir Benedict (IRE)"	"12.00"	"16.07"	"Handicap"	"6"	"8"	"Fentiman, Warren"	"Barclay, Stella"	"5f "	"5"	"8"	"1"	"12"
"16:10:00"	"2025-09-29"	"Hamilton"	"Eternal Sunshine"	"4.00"	"5.8"	"Handicap"	"3"	"10"	"Young, Lauren"	"Goldie, J S"	"5f "	"3"	"10"	"3"	"25"
"16:10:00"	"2025-09-29"	"Hamilton"	"Moonstone Boy (IRE)"	"11.00"	"14"	"Handicap"	"5"	"10"	"Tabti, M"	"Jardine, I"	"5f "	"3"	"10"	"14"	"25"
"16:10:00"	"2025-09-29"	"Hamilton"	"Amayretto"	"7.00"	"9.63"	"Handicap"	"8"	"10"	"Allan, David"	"Easterby, T D"	"5f "	"3"	"8"	"1"	"8"
"14:25:00"	"2025-09-29"	"Hamilton"	"Bay Breeze"	"5.50"	"7.37"	"Handicap"	"2"	"7"	"Easterby, Miss E"	"Easterby, T D"	"6f "	"5"	"7"	"9"	"14"
"14:25:00"	"2025-09-29"	"Hamilton"	"Thunderstorm Katie"	"4.50"	"5.8"	"Handicap"	"3"	"7"	"Cagney, Eireann"	"Goldie, J S"	"6f "	"5"	"8"	"5"	"12"
"14:25:00"	"2025-09-29"	"Hamilton"	"Impressor (IRE)"	"2.50"	"4"	"Handicap"	"5"	"7"	"Maguire, Mr F"	"Makin, Phillip"	"6f "	"5"	"7"	"1"	"8"
"14:25:00"	"2025-09-29"	"Hamilton"	"Giselles Izzy (IRE)"	"4.50"	"6.64"	"Handicap"	"6"	"7"	"Crawford, Miss Hannah"	"Jardine, I"	"6f "	"5"	"8"	"9"	"12"
"14:25:00"	"2025-09-29"	"Hamilton"	"Iris Dancer"	"10.00"	"12"	"Handicap"	"7"	"7"	"Milburn, Miss Amy"	"Davidson, Tristan"	"6f "	"5"	"8"	"7"	"8"
"16:00:00"	"2025-09-27"	"Ripon"	"Mattice"	"4.00"	"5.5"	"Handicap"	"1"	"12"	"Hart, Jason"	"McInnes, I W"	"6f "	"6"	"9"	"3"	"7"
"16:00:00"	"2025-09-27"	"Ripon"	"Annie Edson Taylor"	"4.50"	"7.4"	"Handicap"	"6"	"12"	"Young, Archie"	"Makin, Phillip"	"6f "	"6"	"6"	"2"	"8"
"14:50:00"	"2025-09-27"	"Ripon"	"Smart Vision"	"3.50"	"5.31"	"Handicap"	"3"	"13"	"Rawlinson, Ali"	"Macey, Jessica"	"5f "	"4"	"7"	"2"	"7"
"14:40:00"	"2025-09-27"	"Haydock"	"Pals Battalion (IRE)"	"12.00"	"15.5"	"Handicap"	"6"	"12"	"Mulrennan, Paul"	"OMeara, D"	"6f "	"3"	"7"	"18"	"25"
"16:45:00"	"2025-09-26"	"Newmarket (Rowley)"	"Mythical Guest (IRE)"	"8.00"	"11.5"	"Handicap"	"8"	"13"	"Queally, T P"	"Margarson, G G"	"1m1f "	"3"	"9"	"4"	"9"
"16:45:00"	"2025-09-26"	"Newmarket (Rowley)"	"Mr Baloo (IRE)"	"33.00"	"50"	"Handicap"	"9"	"13"	"Marsh, Finley"	"Hannon (Jnr), Richard"	"1m1f "	"3"	"9"	"7"	"9"
"17:10:00"	"2025-09-24"	"Redcar"	"Operation Gimcrack (IRE)"	"8.50"	"12.81"	"Handicap"	"7"	"12"	"Shaw, Harrison"	"Smart, B"	"7f "	"6"	"10"	"4"	"10"
"16:35:00"	"2025-09-24"	"Redcar"	"Monks Dream (IRE)"	"4.00"	"5.74"	"Handicap"	"2"	"10"	"Allan, David"	"Easterby, T D"	"5f "	"5"	"6"	"6"	"18"
"16:35:00"	"2025-09-24"	"Redcar"	"Without Flaw (IRE)"	"11.00"	"15.68"	"Handicap"	"7"	"10"	"Mason, Joanna"	"Jackson, Miss T"	"5f "	"5"	"8"	"4"	"13"
"17:38:00"	"2025-09-22"	"Leicester"	"Bay Breeze"	"22.00"	"30.57"	"Handicap"	"9"	"14"	"Fentiman, Duran"	"Easterby, T D"	"6f "	"5"	"10"	"15"	"15"
"17:38:00"	"2025-09-22"	"Leicester"	"Wichahpi"	"2.75"	"4.3"	"Handicap"	"10"	"14"	"Shaw, Harrison"	"Smart, B"	"6f "	"5"	"10"	"5"	"10"
"17:05:00"	"2025-09-22"	"Leicester"	"Autumn Rose (IRE)"	"4.00"	"5"	"Handicap"	"1"	"6"	"Marquand, Tom"	"Carroll, A W"	"7f "	"5"	"10"	"4"	"7"
"16:08:00"	"2025-09-22"	"Hamilton"	"Impressor (IRE)"	"2.25"	"3.44"	"Handicap"	"1"	"8"	"Young, Archie"	"Makin, Phillip"	"5f "	"5"	"1"	"2"	"7"
"16:08:00"	"2025-09-22"	"Hamilton"	"Parisiac (IRE)"	"4.00"	"5.99"	"Handicap"	"2"	"8"	"Mullen, Andrew"	"Jardine, I"	"5f "	"5"	"1"	"3"	"7"
"16:08:00"	"2025-09-22"	"Hamilton"	"Stash The Cash (IRE)"	"4.00"	"6.6"	"Handicap"	"7"	"8"	"Allan, David"	"Easterby, T D"	"5f "	"5"	"5"	"8"	"10"
"14:10:00"	"2025-09-22"	"Leicester"	"Ahamoment (IRE)"	"2.25"	"3.45"	"Handicap"	"3"	"9"	"Pyle, William"	"Barron, T D"	"7f "	"6"	"8"	"2"	"10"
"13:40:00"	"2025-09-22"	"Leicester"	"Bear To Dream (IRE)"	"8.00"	"11"	"Handicap"	"5"	"10"	"Glennon, James"	"Attwater, M J"	"7f "	"6"	"9"	"2"	"8"
"13:40:00"	"2025-09-22"	"Leicester"	"Homer Stokes"	"3.50"	"5.03"	"Handicap"	"7"	"10"	"Pyle, William"	"Barron, T D"	"7f "	"6"	"7"	"7"	"11"
"13:40:00"	"2025-09-22"	"Leicester"	"Lockdown Lass"	"10.00"	"11.24"	"Handicap"	"10"	"10"	"Howarth, Christian"	"Hanmer, G D"	"7f "	"6"	"2"	"8"	"8"
"16:43:00"	"2025-09-21"	"Hamilton"	"Impressor (IRE)"	"5.00"	"7"	"Handicap"	"2"	"7"	"James, S H"	"Makin, Phillip"	"6f "	"5"	"9"	"3"	"15"
"15:43:00"	"2025-09-21"	"Hamilton"	"Iris Dancer"	"10.00"	"12.5"	"Handicap"	"7"	"8"	"Mullen, Andrew"	"Davidson, Tristan"	"6f "	"4"	"10"	"10"	"11"
"14:43:00"	"2025-09-21"	"Hamilton"	"Ski Angel"	"12.00"	"16"	"Handicap"	"4"	"12"	"Breslin, Andrew"	"Smith, R Michael"	"5f "	"6"	"8"	"5"	"11"
"14:43:00"	"2025-09-21"	"Hamilton"	"Thunderstorm Katie"	"1.50"	"2.86"	"Handicap"	"5"	"12"	"Mulrennan, Paul"	"Goldie, J S"	"5f "	"6"	"3"	"8"	"18"
"17:05:00"	"2025-09-20"	"Newmarket (Rowley)"	"Mafnood"	"22.00"	"34"	"Handicap"	"14"	"14"	"Millman, Mr P"	"Baker, George"	"1m1f "	"4"	"9"	"12"	"12"
"16:25:00"	"2025-09-20"	"Newbury"	"Akkadian Thunder"	"3.50"	"4.76"	"Handicap"	"7"	"11"	"Tudhope, Daniel"	"OMeara, D"	"7f "	"3"	"6"	"3"	"13"
"15:20:00"	"2025-09-20"	"Newmarket (Rowley)"	"Dapper Valley (IRE)"	"6.50"	"9.08"	"Handicap"	"7"	"9"	"Hardie, Cameron"	"Owen, J P"	"6f "	"4"	"8"	"1"	"10"
"14:15:00"	"2025-09-18"	"Ayr"	"Ganesha"	"33.00"	"68.53"	"Handicap"	"3"	"18"	"Scott, Rowan"	"Makin, Phillip"	"5f "	"5"	"10"	"4"	"11"
"14:15:00"	"2025-09-18"	"Ayr"	"Pockley"	"66.00"	"148.48"	"Handicap"	"13"	"18"	"Ghiani, Marco"	"Perratt, Miss L A"	"5f "	"5"	"5"	"7"	"11"
"14:15:00"	"2025-09-18"	"Ayr"	"Sixcor"	"40.00"	"73.78"	"Handicap"	"15"	"18"	"Mullen, Andrew"	"Perratt, Miss L A"	"5f "	"5"	"5"	"9"	"11"
"14:15:00"	"2025-09-18"	"Ayr"	"Emperors Son (IRE)"	"14.00"	"24.94"	"Handicap"	"18"	"18"	"Orr, Conor"	"Fahey, R A"	"5f "	"5"	"6"	"4"	"10"
"17:40:00"	"2025-09-17"	"Yarmouth"	"Little Keilee (IRE)"	"4.50"	"6.94"	"Handicap"	"5"	"6"	"Bradley, Paddy"	"Owen, J P"	"6f "	"5"	"5"	"5"	"7"
"16:53:00"	"2025-09-17"	"Beverley"	"Good Earth (IRE)"	"9.00"	"12"	"Handicap"	"6"	"10"	"Eaves, Tom"	"Herrington,M "	"5f "	"4"	"5"	"2"	"9"
"14:05:00"	"2025-09-17"	"Sandown"	"Danger Alert"	"2.25"	"3.75"	"Handicap"	"2"	"9"	"Watson, Jason"	"Baker, George"	"5f "	"5"	"2"	"4"	"6"
"16:35:00"	"2025-09-16"	"Redcar"	"Island Of Skye"	"50.00"	"85"	"Handicap"	"10"	"11"	"Peate, Jonny"	"Collins, Paul"	"1m "	"5"	"8"	"6"	"13"
"15:33:00"	"2025-09-16"	"Redcar"	"Zuffolo (IRE)"	"3.50"	"5.6"	"Handicap"	"5"	"13"	"Mulrennan, Paul"	"Dods, M"	"5f "	"6"	"8"	"1"	"11"
"15:50:00"	"2025-09-15"	"Thirsk"	"B Associates (IRE)"	"3.50"	"5.53"	"Handicap Seller"	"4"	"12"	"Hart, Jason"	"Owen, J P"	"6f "	"6"	"3"	"UR"	"10"
"16:40:00"	"2025-09-14"	"Doncaster"	"Jer Batt (IRE)"	"2.00"	"3.08"	"Handicap"	"3"	"13"	"Rodriguez, Callum"	"Barron, T D"	"5f "	"3"	"8"	"3"	"9"
"16:40:00"	"2025-09-14"	"Doncaster"	"Existent"	"9.00"	"12"	"Handicap"	"8"	"13"	"Sousa, Silvestre De"	"Williams, S C"	"5f "	"3"	"8"	"6"	"16"
"16:40:00"	"2025-09-14"	"Doncaster"	"Moonstone Boy (IRE)"	"22.00"	"32"	"Handicap"	"9"	"13"	"Mullen, Andrew"	"Jardine, I"	"5f "	"3"	"8"	"10"	"16"
"17:45:00"	"2025-09-12"	"Salisbury"	"Monsieur Kodi (IRE)"	"4.00"	"5.7"	"Handicap"	"6"	"7"	"Orr, Oisin"	"Fahey, R A"	"6f "	"4"	"10"	"5"	"10"
"17:20:00"	"2025-09-12"	"Doncaster"	"Irish Nectar"	"10.00"	"14.76"	"Handicap"	"4"	"15"	"Callan, Mr Jack"	"Ryan, K A"	"6f "	"4"	"6"	"16"	"16"
"17:20:00"	"2025-09-12"	"Doncaster"	"Lord Bertie (FR)"	"20.00"	"28"	"Handicap"	"5"	"15"	"Horgan, C"	"OMeara, D"	"6f "	"4"	"7"	"11"	"11"
"17:20:00"	"2025-09-12"	"Doncaster"	"Knebworth"	"2.25"	"3.8"	"Handicap"	"12"	"15"	"Murphy, D J"	"Hughes, Richard"	"6f "	"4"	"8"	"2"	"9"
"14:35:00"	"2025-09-12"	"Sandown"	"Lequinto (IRE)"	"6.00"	"8.2"	"Handicap"	"1"	"9"	"Slater, Mr Matthew"	"Carroll, A W"	"5f "	"5"	"3"	"6"	"10"
"14:35:00"	"2025-09-12"	"Sandown"	"Faustus"	"10.00"	"13"	"Handicap"	"8"	"9"	"Fallon, Cieren"	"Bridger, J / Cook, R"	"5f "	"5"	"10"	"6"	"8"
"18:10:00"	"2025-09-10"	"Cork"	"Poppadom (IRE)"	"14.00"	"21.4"	"Handicap"	"3"	"21"	"Foley, Shane"	"Slattery, Andrew"	"7f "	"0"	"8"	"7"	"16"
"17:10:00"	"2025-09-10"	"Cork"	"Dontspoilasale (IRE)"	"12.00"	"16"	"Handicap"	"12"	"20"	"OConnor, D J"	"Hogan, Denis Gerard"	"6f "	"0"	"6"	"1"	"10"
"17:45:00"	"2025-09-09"	"Carlisle"	"Canaria Queen"	"5.50"	"9.6"	"Handicap"	"1"	"14"	"Fentiman, Duran"	"Easterby, T D"	"5f "	"6"	"8"	"7"	"14"
"17:45:00"	"2025-09-09"	"Carlisle"	"Yazaman (IRE)"	"6.50"	"9.48"	"Handicap"	"4"	"14"	"Winn, Mark"	"Midgley, P T"	"5f "	"6"	"10"	"3"	"11"
"17:45:00"	"2025-09-09"	"Carlisle"	"Ramon Di Loria (IRE)"	"5.00"	"6.95"	"Handicap"	"5"	"14"	"Scott, Rowan"	"Whillans, Ewan"	"5f "	"6"	"8"	"2"	"14"
"17:45:00"	"2025-09-09"	"Carlisle"	"Maris Angel"	"5.50"	"7.2"	"Handicap"	"11"	"14"	"Sexton, Ryan"	"Mcsharry, Fionn"	"5f "	"6"	"7"	"1"	"10"
"17:45:00"	"2025-09-09"	"Carlisle"	"Sir Benedict (IRE)"	"20.00"	"23"	"Handicap"	"13"	"14"	"Breslin, Andrew"	"Barclay, Stella"	"5f "	"6"	"8"	"4"	"14"
"17:15:00"	"2025-09-09"	"Carlisle"	"Giselles Izzy (IRE)"	"3.33"	"4.46"	"Handicap"	"1"	"11"	"Mullen, Andrew"	"Jardine, I"	"6f "	"6"	"6"	"3"	"9"
"17:15:00"	"2025-09-09"	"Carlisle"	"Koji (IRE)"	"11.00"	"14.77"	"Handicap"	"8"	"11"	"Swift, Mr Dale"	"Spencer, Seb"	"6f "	"6"	"7"	"4"	"10"
"16:50:00"	"2025-09-09"	"Ffos Las"	"Autumn Festival"	"1.88"	"3.4"	"Handicap"	"2"	"9"	"Callan, Mr Jack"	"De Giles, Ed"	"6f "	"6"	"10"	"9"	"9"
"16:50:00"	"2025-09-09"	"Ffos Las"	"Punchbowl Flyer (IRE)"	"2.00"	"3.4"	"Handicap"	"4"	"9"	"Mangan, Gina"	"Oshea, J G M"	"6f "	"6"	"7"	"2"	"7"
"18:04:00"	"2025-09-08"	"Windsor"	"Kiss And Run"	"5.50"	"7.78"	"Handicap"	"4"	"10"	"ONeill, K T"	"Bridger, J / Cook, R"	"6f "	"4"	"6"	"4"	"6"
"17:34:00"	"2025-09-08"	"Windsor"	"Newsreader (IRE)"	"7.50"	"10"	"Handicap"	"3"	"12"	"Shoemark, Kieran"	"Smyth-Osbourne, Edward"	"6f "	"4"	"10"	"2"	"5"
"16:35:00"	"2025-09-06"	"Thirsk"	"Eternal Sunshine"	"3.50"	"6.2"	"Handicap"	"1"	"16"	"Young, Lauren"	"Goldie, J S"	"6f "	"3"	"8"	"1"	"14"
"16:35:00"	"2025-09-06"	"Thirsk"	"Tiriac"	"50.00"	"170"	"Handicap"	"6"	"16"	"McSweeney, O"	"Midgley, P T"	"6f "	"3"	"8"	"12"	"14"
"16:35:00"	"2025-09-06"	"Thirsk"	"Secret Guest"	"12.00"	"18.7"	"Handicap"	"11"	"16"	"Shaw, Harrison"	"Smart, B"	"6f "	"3"	"8"	"5"	"14"
"15:20:00"	"2025-09-06"	"Navan"	"Nezeeh (IRE)"	"3.00"	"4.66"	"Handicap"	"1"	"7"	"Hassett, M W"	"Hogan, Denis Gerard"	"5f "	"0"	"9"	"2"	"6"
"15:20:00"	"2025-09-06"	"Navan"	"Little Queenie (IRE)"	"5.00"	"7.18"	"Handicap"	"6"	"7"	"Whearty, R"	"Flynn, Paul W"	"5f "	"0"	"9"	"1"	"6"
"14:45:00"	"2025-09-06"	"Navan"	"Nouvel Espoir (IRE)"	"5.50"	"7.4"	"Handicap"	"2"	"18"	"Dalton, J S"	"Barcoe, James M"	"5f "	"0"	"7"	"8"	"21"
"14:45:00"	"2025-09-06"	"Navan"	"Shes Smart (IRE)"	"16.00"	"24.33"	"Handicap"	"4"	"18"	"Caffrey, Adam"	"McGuinness, Adrian"	"5f "	"0"	"7"	"6"	"21"
"14:45:00"	"2025-09-06"	"Navan"	"Whatswrongnow (IRE)"	"10.00"	"15.5"	"Handicap"	"17"	"18"	"Mulligan, R M"	"Burke, Batt"	"5f "	"0"	"2"	"6"	"10"
"14:45:00"	"2025-09-06"	"Navan"	"Sunday Sovereign"	"25.00"	"44"	"Handicap"	"18"	"18"	"Hayes, C D"	"Kingston, G A"	"5f "	"0"	"7"	"10"	"21"
"15:15:00"	"2025-09-05"	"Haydock"	"Jacquelina (IRE)"	"28.00"	"48"	"Handicap"	"13"	"14"	"McEntee, Grace"	"McEntee, P S"	"5f "	"4"	"4"	"2"	"3"
"17:15:00"	"2025-09-03"	"Hamilton"	"Thunderstorm Katie"	"3.33"	"4.73"	"Handicap"	"5"	"9"	"Mulrennan, Paul"	"Goldie, J S"	"6f "	"6"	"7"	"7"	"9"
"17:15:00"	"2025-09-03"	"Hamilton"	"Orbital Chime"	"8.00"	"9.82"	"Handicap"	"8"	"9"	"James, S H"	"Scott, Miss Katie"	"6f "	"6"	"7"	"2"	"9"
"16:45:00"	"2025-09-03"	"Hamilton"	"Belsito (GER)"	"5.50"	"6.6"	"Handicap"	"1"	"10"	"Eaves, Tom"	"Ryan, K A"	"6f "	"6"	"9"	"2"	"14"
"16:45:00"	"2025-09-03"	"Hamilton"	"Ignac Lamar (IRE)"	"16.00"	"23"	"Handicap"	"4"	"10"	"Winn, Mark"	"Goldie, J S"	"6f "	"6"	"7"	"6"	"9"
"16:45:00"	"2025-09-03"	"Hamilton"	"Spun To Gold (USA)"	"14.00"	"24"	"Handicap"	"6"	"10"	"Mulrennan, Paul"	"Goldie, J S"	"6f "	"6"	"7"	"4"	"9"
"17:25:00"	"2025-09-02"	"Chepstow"	"Call Time (IRE)"	"1.10"	"2.4"	"Handicap"	"1"	"8"	"Fisher, Taylor"	"Moore, J S"	"5f "	"6"	"4"	"2"	"5"
"17:25:00"	"2025-09-02"	"Chepstow"	"Marcus"	"6.00"	"7.81"	"Handicap"	"2"	"8"	"Bishop, Charles"	"Wallis, Charlie"	"5f "	"6"	"3"	"5"	"7"
"17:25:00"	"2025-09-02"	"Chepstow"	"Kurimu"	"16.00"	"17"	"Handicap"	"6"	"8"	"Dace, Jack"	"Evans, Mrs N S"	"5f "	"6"	"8"	"6"	"9"
"17:25:00"	"2025-09-02"	"Chepstow"	"Fossos (IRE)"	"66.00"	"120"	"Handicap"	"7"	"8"	"Lewis, Miss Zoe"	"Faulkner, T"	"5f "	"6"	"8"	"7"	"7"
"17:25:00"	"2025-09-02"	"Chepstow"	"Some Nightmare (IRE)"	"3.33"	"4.84"	"Handicap"	"8"	"8"	"Carson, William"	"Oshea, J G M"	"5f "	"6"	"8"	"1"	"7"
"14:58:00"	"2025-09-02"	"Goodwood"	"Faustus"	"11.00"	"14.26"	"Handicap"	"6"	"8"	"ONeill, K T"	"Bridger, J / Cook, R"	"5f "	"4"	"10"	"4"	"8"
"14:00:00"	"2025-09-02"	"Chepstow"	"Punchbowl Flyer (IRE)"	"5.50"	"7"	"Handicap"	"2"	"7"	"Mackay, Jay"	"Oshea, J G M"	"7f "	"5"	"8"	"3"	"7"
"15:30:00"	"2025-09-01"	"Carlisle"	"Canaria Queen"	"4.00"	"7.2"	"Handicap"	"7"	"14"	"Fentiman, Duran"	"Easterby, T D"	"5f "	"6"	"7"	"3"	"11"
"17:20:00"	"2025-08-30"	"Sandown"	"Woolhampton (IRE)"	"1.25"	"2.38"	"Handicap"	"1"	"7"	"Osborne, Saffie"	"Millman, B R"	"5f "	"4"	"10"	"9"	"19"
"16:17:00"	"2025-08-30"	"Beverley"	"Yazaman (IRE)"	"11.00"	"12.39"	"Handicap"	"3"	"11"	"Winn, Mark"	"Midgley, P T"	"5f "	"5"	"5"	"7"	"11"
"16:17:00"	"2025-08-30"	"Beverley"	"Rock Of England (IRE)"	"5.00"	"7.13"	"Handicap"	"5"	"11"	"Rodriguez, Callum"	"Midgley, P T"	"5f "	"5"	"8"	"2"	"7"
"17:13:00"	"2025-08-29"	"Salisbury"	"Silent Flame"	"3.33"	"4.8"	"Handicap"	"2"	"9"	"Millman, Mr P"	"Millman, B R"	"1m "	"5"	"4"	"2"	"7"
"17:13:00"	"2025-08-29"	"Salisbury"	"Uncle Dick"	"3.33"	"5.06"	"Handicap"	"5"	"9"	"Johnstone, Miss Sophie"	"Houghton, Eve Johnson"	"1m "	"5"	"7"	"6"	"10"
"17:13:00"	"2025-08-29"	"Salisbury"	"Alazwar (IRE)"	"7.50"	"10.5"	"Handicap"	"6"	"9"	"Hampson, Brodie"	"Watson, Archie"	"1m "	"5"	"7"	"7"	"10"
"15:38:00"	"2025-08-29"	"Thirsk"	"Eternal Sunshine"	"5.50"	"7.93"	"Handicap"	"1"	"14"	"Young, Lauren"	"Goldie, J S"	"6f "	"3"	"8"	"13"	"18"
"14:45:00"	"2025-08-29"	"Sandown"	"Savannah Smiles (IRE)"	"6.00"	"7.8"	"Handicap"	"7"	"10"	"Egan, David"	"Harris, Miss G"	"5f "	"5"	"10"	"2"	"6"
"15:10:00"	"2025-08-28"	"Ffos Las"	"Coast"	"8.00"	"12.5"	"Non-Handicap"	"3"	"7"	"Haynes, Joey"	"Dixon, Scott"	"6f "	"6"	"9"	"5"	"10"
"15:00:00"	"2025-08-28"	"Navan"	"Nezeeh (IRE)"	"6.00"	"7.11"	"Handicap"	"2"	"6"	"Hassett, M W"	"Hogan, Denis Gerard"	"6f "	"0"	"5"	"3"	"12"
"17:05:00"	"2025-08-27"	"Musselburgh"	"Thunderstorm Katie"	"1.63"	"3.2"	"Handicap"	"7"	"9"	"Mulrennan, Paul"	"Goldie, J S"	"5f "	"6"	"5"	"1"	"7"
"18:55:00"	"2025-08-26"	"Bellewstown"	"Rappell (IRE)"	"2.50"	"3.6"	"Handicap"	"6"	"9"	"McMonagle, Dylan B"	"Flynn, Paul W"	"5f "	"0"	"10"	"6"	"8"
"15:35:00"	"2025-08-26"	"Ripon"	"Woodstock"	"7.00"	"9.4"	"Handicap"	"2"	"12"	"Hart, Jason"	"Carr, Mrs R A"	"6f "	"4"	"10"	"8"	"15"
"15:35:00"	"2025-08-26"	"Ripon"	"Kats Bob"	"4.00"	"5.6"	"Handicap"	"3"	"12"	"Pyle, William"	"Carr, Mrs R A"	"6f "	"4"	"10"	"3"	"15"
"15:35:00"	"2025-08-26"	"Ripon"	"Wreck It Ryley (IRE)"	"7.00"	"8.8"	"Handicap"	"12"	"12"	"Swift, Mr Dale"	"Brown, A D"	"6f "	"4"	"10"	"15"	"15"
"15:20:00"	"2025-08-26"	"Musselburgh"	"Beaumadier (IRE)"	"4.00"	"6.14"	"Handicap"	"1"	"8"	"Leavy, Mr Joe"	"Loughnane, Daniel Mark"	"5f "	"6"	"8"	"VOI"	"7"
"15:20:00"	"2025-08-26"	"Musselburgh"	"Jamies Choice"	"4.50"	"6.2"	"Handicap"	"7"	"8"	"Beasley, Connor"	"Waggott, Miss Tracy"	"5f "	"6"	"8"	"5"	"8"
"16:23:00"	"2025-08-25"	"Ripon"	"Betweenthesticks"	"6.00"	"8.32"	"Handicap"	"2"	"11"	"Fraser, Kaiya"	"Carr, Mrs R A"	"5f "	"5"	"7"	"2"	"8"
"16:13:00"	"2025-08-25"	"Chepstow"	"Fossos (IRE)"	"50.00"	"150"	"Handicap"	"7"	"7"	"Lewis, Miss Zoe"	"Faulkner, T"	"5f "	"6"	"6"	"5"	"6"
"16:00:00"	"2025-08-24"	"Naas"	"Whatswrongnow (IRE)"	"18.00"	"30.45"	"Handicap"	"10"	"21"	"Browne-Souza, A"	"Burke, Batt"	"5f "	"0"	"10"	"9"	"9"
"16:00:00"	"2025-08-24"	"Naas"	"Step Back In Time (IRE)"	"8.00"	"12"	"Handicap"	"16"	"21"	"OSullivan, Darragh"	"Timmons, C D"	"5f "	"0"	"1"	"5"	"12"
"15:20:00"	"2025-08-24"	"Yarmouth"	"Rocking Ends"	"3.00"	"4.3"	"Handicap"	"1"	"6"	"Muscutt, D"	"Clover, Tom"	"5f "	"3"	"10"	"1"	"13"
"15:20:00"	"2025-08-24"	"Yarmouth"	"Brave Nation (IRE)"	"2.50"	"3.97"	"Handicap"	"3"	"6"	"Sousa, Silvestre De"	"Bell, M L W"	"5f "	"3"	"10"	"13"	"13"
"14:40:00"	"2025-08-24"	"Beverley"	"Zarzyni (IRE)"	"7.00"	"10.5"	"Handicap"	"2"	"10"	"Fanning, Joe"	"Barron, T D"	"5f "	"4"	"3"	"10"	"14"
"14:40:00"	"2025-08-24"	"Beverley"	"Sevensees"	"8.00"	"9.4"	"Handicap"	"4"	"10"	"Sullivan, James P"	"Carr, Mrs R A"	"5f "	"4"	"9"	"2"	"6"
"14:40:00"	"2025-08-24"	"Beverley"	"Spirit Of Applause"	"11.00"	"14"	"Handicap"	"5"	"10"	"Allan, David"	"Easterby, T D"	"5f "	"4"	"10"	"5"	"13"
"20:00:00"	"2025-08-23"	"Redcar"	"Golden Prosperity (IRE)"	"2.50"	"3.8"	"Handicap"	"3"	"5"	"Marshall, Tom Kiely"	"Coyle, Tony"	"6f "	"6"	"6"	"2"	"12"
"19:00:00"	"2025-08-23"	"Redcar"	"Hale End (IRE)"	"4.00"	"5.8"	"Handicap"	"3"	"7"	"Nolan, D"	"Dods, M"	"1m "	"4"	"6"	"2"	"5"
"17:40:00"	"2025-08-23"	"Curragh"	"Nezeeh (IRE)"	"1.50"	"3.15"	"Handicap"	"3"	"12"	"Sheridan, J M"	"Hogan, Denis Gerard"	"5f "	"0"	"7"	"1"	"13"
"17:40:00"	"2025-08-23"	"Curragh"	"Hero Of The Hour"	"20.00"	"32.92"	"Handicap"	"12"	"12"	"Ryan, J J G"	"McCourt, T G"	"5f "	"0"	"7"	"6"	"13"
"17:15:00"	"2025-08-23"	"Windsor"	"Strike"	"5.00"	"7.58"	"Handicap"	"2"	"9"	"Hornby, Rob"	"Portman, J G"	"6f "	"4"	"7"	"6"	"11"
"17:15:00"	"2025-08-23"	"Windsor"	"Lequinto (IRE)"	"6.50"	"9"	"Handicap"	"3"	"9"	"Slater, Mr Matthew"	"Carroll, A W"	"6f "	"4"	"5"	"6"	"8"
"17:00:00"	"2025-08-23"	"Goodwood"	"Faustus"	"18.00"	"23.1"	"Handicap"	"4"	"8"	"Kavanagh, Ryan"	"Bridger, J / Cook, R"	"5f "	"3"	"7"	"5"	"11"
"16:20:00"	"2025-08-23"	"Newmarket (July)"	"Rebel Path (FR)"	"3.33"	"4.7"	"Handicap"	"5"	"9"	"Haines, Olivia"	"Williams, S C"	"5f "	"4"	"9"	"10"	"12"
"14:17:00"	"2025-08-23"	"Curragh"	"Java Wood (IRE)"	"100.00"	"530"	"Maiden"	"10"	"15"	"Mulligan, R M"	"Smith, Kevin"	"6f "	"0"	"8"	"7"	"14"
"14:00:00"	"2025-08-23"	"Newmarket (July)"	"Little Keilee (IRE)"	"2.50"	"4"	"Handicap"	"2"	"9"	"Watson, Jason"	"Owen, J P"	"7f "	"5"	"4"	"2"	"12"
"20:05:00"	"2025-08-22"	"Hamilton"	"Rock Of England (IRE)"	"3.00"	"5.16"	"Handicap"	"2"	"7"	"Nolan, D"	"Midgley, P T"	"5f "	"6"	"8"	"1"	"10"
"20:05:00"	"2025-08-22"	"Hamilton"	"South Shore"	"2.75"	"3.99"	"Handicap"	"5"	"7"	"Sullivan, James P"	"Carr, Mrs R A"	"5f "	"6"	"8"	"5"	"10"
"20:05:00"	"2025-08-22"	"Hamilton"	"Global Effort (IRE)"	"12.00"	"16.09"	"Handicap"	"7"	"7"	"Fentiman, Warren"	"McEntee, P S"	"5f "	"6"	"8"	"1"	"7"
"19:48:00"	"2025-08-22"	"Goodwood"	"Danger Alert"	"14.00"	"22.34"	"Handicap"	"6"	"10"	"Watson, Jason"	"Baker, George"	"6f "	"5"	"7"	"7"	"7"
"19:35:00"	"2025-08-22"	"Hamilton"	"Iris Dancer"	"2.50"	"3.75"	"Handicap"	"1"	"5"	"Mullen, Andrew"	"Davidson, Tristan"	"6f "	"4"	"10"	"6"	"10"
"19:35:00"	"2025-08-22"	"Hamilton"	"Brazilian Rose (IRE)"	"4.50"	"5.7"	"Handicap"	"2"	"5"	"Fraser, Kaiya"	"Menzies, Rebecca"	"6f "	"4"	"6"	"10"	"15"
"19:18:00"	"2025-08-22"	"Goodwood"	"Smooth Silesie (IRE)"	"3.00"	"4.41"	"Handicap"	"1"	"7"	"Mitchell, Jack"	"Williamson, Mrs L"	"5f "	"5"	"7"	"1"	"5"
"19:05:00"	"2025-08-22"	"Hamilton"	"Lions House"	"3.50"	"4.77"	"Handicap"	"5"	"6"	"Fraser, Kaiya"	"Perratt, Miss L A"	"5f "	"3"	"1"	"4"	"14"
"20:00:00"	"2025-08-19"	"Chepstow"	"Letter Of The Law (IRE)"	"4.00"	"5.6"	"Handicap"	"5"	"5"	"Mackay, Jay"	"Oshea, J G M"	"1m "	"6"	"5"	"9"	"13"
"19:30:00"	"2025-08-19"	"Chepstow"	"Highfield Viking"	"2.00"	"3.5"	"Handicap"	"1"	"4"	"Hart, Jason"	"Quinn, J J"	"7f "	"5"	"8"	"1"	"10"
"19:00:00"	"2025-08-19"	"Chepstow"	"Vape"	"2.25"	"3.31"	"Handicap"	"1"	"5"	"Tucker, Charlie"	"Flint, J L"	"6f "	"6"	"1"	"1"	"9"
"19:00:00"	"2025-08-19"	"Chepstow"	"Ten Club (IRE)"	"6.00"	"8.2"	"Handicap"	"3"	"5"	"Marsh, Finley"	"Wintle, A"	"6f "	"6"	"5"	"5"	"7"
"18:30:00"	"2025-08-19"	"Chepstow"	"Fossos (IRE)"	"40.00"	"60"	"Handicap"	"5"	"6"	"Shepherd, Callum"	"Faulkner, T"	"5f "	"6"	"5"	"7"	"7"
"20:00:00"	"2025-08-18"	"Windsor"	"Vape"	"5.50"	"7.2"	"Handicap"	"1"	"9"	"Tucker, Charlie"	"Flint, J L"	"6f "	"6"	"4"	"2"	"8"
"20:00:00"	"2025-08-18"	"Windsor"	"Nordic Glory (IRE)"	"11.00"	"14.27"	"Handicap"	"4"	"9"	"Bradley, Paddy"	"Attwater, M J"	"6f "	"6"	"10"	"5"	"9"
"20:00:00"	"2025-08-18"	"Windsor"	"Gogo Yubari"	"3.50"	"6.08"	"Handicap"	"8"	"9"	"Clutterbuck, Rhys"	"Carroll, A W"	"6f "	"6"	"7"	"1"	"10"
"19:30:00"	"2025-08-18"	"Windsor"	"Alshimali (IRE)"	"9.00"	"6.52"	"Handicap"	"3"	"9"	"Carson, William"	"Carroll, A W"	"6f "	"6"	"10"	"1"	"9"
"19:15:00"	"2025-08-18"	"Ayr"	"Aberama Gold"	"2.50"	"3.95"	"Handicap"	"1"	"8"	"Tudhope, Daniel"	"OMeara, D"	"6f "	"4"	"6"	"4"	"10"
"19:15:00"	"2025-08-18"	"Ayr"	"Kelpie Grey"	"3.33"	"4.48"	"Handicap"	"2"	"8"	"Mulrennan, Paul"	"Goldie, J S"	"6f "	"4"	"9"	"3"	"8"
"19:15:00"	"2025-08-18"	"Ayr"	"Yaaser (IRE)"	"8.00"	"10.53"	"Handicap"	"4"	"8"	"Young, Lauren"	"Goldie, J S"	"6f "	"4"	"8"	"4"	"11"
"19:15:00"	"2025-08-18"	"Ayr"	"Sacred Falls (IRE)"	"20.00"	"24"	"Handicap"	"6"	"8"	"Fairley, Greg"	"Scott, Miss Katie"	"6f "	"4"	"6"	"7"	"10"
"19:15:00"	"2025-08-18"	"Ayr"	"The Caltonian"	"11.00"	"14.21"	"Handicap"	"7"	"8"	"Kirrane, Sean"	"Perratt, Miss L A"	"6f "	"4"	"4"	"12"	"13"
"16:52:00"	"2025-08-18"	"Windsor"	"Cabeza De Llave"	"1.75"	"0"	"Handicap"	"VOI"	"7"	"Jakes, Tommie"	"Attwater, M J"	"5f "	"6"	"7"	"3"	"10"
"17:45:00"	"2025-08-16"	"Curragh"	"Nezeeh (IRE)"	"3.50"	"6.2"	"Handicap"	"1"	"13"	"Sheridan, J M"	"Hogan, Denis Gerard"	"6f "	"0"	"8"	"4"	"15"
"17:45:00"	"2025-08-16"	"Curragh"	"Hero Of The Hour"	"18.00"	"31.07"	"Handicap"	"6"	"13"	"Ryan, J J G"	"McCourt, T G"	"6f "	"0"	"8"	"6"	"15"
"14:45:00"	"2025-08-16"	"Ripon"	"Bay Breeze"	"20.00"	"25.5"	"Handicap"	"5"	"15"	"Allan, David"	"Easterby, T D"	"6f "	"4"	"10"	"7"	"10"
"14:45:00"	"2025-08-16"	"Ripon"	"Novello Lad"	"4.00"	"6.49"	"Handicap"	"11"	"15"	"Nolan, D"	"Midgley, P T"	"6f "	"4"	"10"	"1"	"10"
"14:25:00"	"2025-08-16"	"Newbury"	"Roach Power (IRE)"	"8.00"	"10.69"	"Handicap"	"3"	"11"	"Doyle, Hollie"	"Wigham, M"	"5f "	"3"	"9"	"3"	"12"
"14:25:00"	"2025-08-16"	"Newbury"	"Sugar Hill Babe (IRE)"	"7.00"	"9.2"	"Handicap"	"11"	"11"	"Probert, David"	"Williamson, Mrs L"	"5f "	"3"	"7"	"2"	"9"
"14:05:00"	"2025-08-16"	"Newmarket (July)"	"Gressington (IRE)"	"10.00"	"12.15"	"Handicap"	"8"	"11"	"James, S H"	"Bethell, Ed"	"6f "	"4"	"8"	"5"	"7"
"20:00:00"	"2025-08-15"	"Newmarket (July)"	"Starproof (IRE)"	"4.00"	"6.47"	"Handicap"	"4"	"11"	"Marquand, Tom"	"Muir, W R"	"6f "	"5"	"10"	"1"	"8"
"18:35:00"	"2025-08-15"	"Thirsk"	"South Parade (IRE)"	"1.50"	"2.62"	"Handicap"	"1"	"6"	"Orr, Oisin"	"Fahey, R A"	"5f "	"4"	"7"	"3"	"10"
"18:25:00"	"2025-08-15"	"Newmarket (July)"	"Renesmee"	"3.50"	"5.5"	"Handicap"	"4"	"7"	"Crowley, Jim"	"Keady, Michael"	"1m "	"5"	"1"	"8"	"12"
"17:05:00"	"2025-08-15"	"Yarmouth"	"Tommys Promise"	"4.50"	"6.4"	"Non-Handicap"	"8"	"12"	"Donohoe, Stephen"	"Ryan, J"	"1m "	"6"	"7"	"7"	"7"
"15:25:00"	"2025-08-15"	"Yarmouth"	"Smooth Silesie (IRE)"	"3.50"	"4.35"	"Handicap"	"1"	"5"	"Cosgrave, Pat"	"Williamson, Mrs L"	"5f "	"5"	"6"	"2"	"6"
"14:50:00"	"2025-08-15"	"Yarmouth"	"B Associates (IRE)"	"2.00"	"4.21"	"Non-Handicap"	"5"	"7"	"Bradley, Paddy"	"Owen, J P"	"6f "	"6"	"8"	"1"	"6"
"18:30:00"	"2025-08-14"	"Windsor"	"Bishops Crown"	"16.00"	"21.56"	"Handicap"	"5"	"12"	"Dace, Jack"	"Houghton, Eve Johnson"	"6f "	"3"	"3"	"9"	"12"
"18:30:00"	"2025-08-14"	"Windsor"	"Inishfallen (IRE)"	"2.25"	"3.7"	"Handicap"	"9"	"12"	"Osborne, Saffie"	"Meehan, B J"	"6f "	"3"	"3"	"5"	"12"
"17:00:00"	"2025-08-14"	"Windsor"	"Night On Earth (IRE)"	"4.00"	"5.9"	"Handicap"	"7"	"13"	"Whelan, Trevor"	"Williams, Ian"	"5f "	"4"	"4"	"2"	"13"
"17:00:00"	"2025-08-14"	"Windsor"	"Woohoo (IRE)"	"5.50"	"7.5"	"Handicap"	"10"	"13"	"Waugh, Amie"	"Goldie, J S"	"5f "	"4"	"7"	"4"	"12"
"16:10:00"	"2025-08-14"	"Chepstow"	"Too Much Trevor"	"7.50"	"10.5"	"Handicap"	"3"	"13"	"Donohoe, Stephen"	"Harris, Miss G"	"1m "	"6"	"8"	"8"	"14"
"16:10:00"	"2025-08-14"	"Chepstow"	"Letter Of The Law (IRE)"	"8.00"	"10.87"	"Handicap"	"9"	"13"	"Mackay, Jay"	"Oshea, J G M"	"1m "	"6"	"6"	"6"	"7"
"15:47:00"	"2025-08-14"	"Beverley"	"Rock Of England (IRE)"	"7.00"	"9.9"	"Handicap"	"1"	"10"	"Hart, Jason"	"Midgley, P T"	"5f "	"5"	"8"	"6"	"9"
"15:47:00"	"2025-08-14"	"Beverley"	"Thankuappreciate"	"5.50"	"6.8"	"Handicap"	"2"	"10"	"Wheatley, Zak"	"Carroll, D"	"5f "	"5"	"8"	"5"	"10"
"15:47:00"	"2025-08-14"	"Beverley"	"Sergeant Mayer (IRE)"	"11.00"	"15.5"	"Handicap"	"4"	"10"	"McManoman, Faye"	"Tinkler, N"	"5f "	"5"	"8"	"3"	"9"
"15:25:00"	"2025-08-14"	"Salisbury"	"Tenbob Tommy"	"16.00"	"19.54"	"Novices"	"3"	"9"	"Bishop, Charles"	"West, Miss Sheena"	"7f "	"4"	"10"	"2"	"6"
"14:20:00"	"2025-08-14"	"Salisbury"	"My Boy Jack"	"2.50"	"4.1"	"Handicap"	"3"	"8"	"Gee, Alfie"	"Frost, Kevin"	"7f "	"6"	"6"	"2"	"10"
"14:20:00"	"2025-08-14"	"Salisbury"	"Chourmo"	"9.00"	"11"	"Handicap"	"5"	"8"	"Murphy, D J"	"Gillard, Mark"	"7f "	"6"	"8"	"6"	"7"
"19:40:00"	"2025-08-12"	"Hamilton"	"Sir Garfield (IRE)"	"2.50"	"3.8"	"Handicap"	"1"	"10"	"Hart, Jason"	"Quinn, J J"	"6f "	"4"	"6"	"2"	"10"
"17:40:00"	"2025-08-12"	"Hamilton"	"Masterclass"	"2.75"	"3.9"	"Handicap"	"2"	"6"	"Mackay, Jay"	"Midgley, P T"	"5f "	"5"	"5"	"7"	"8"
"14:45:00"	"2025-08-12"	"Carlisle"	"Cargin Bhui (IRE)"	"7.00"	"8.74"	"Handicap"	"3"	"10"	"Pyle, William"	"Barron, T D"	"6f "	"5"	"10"	"3"	"10"
"14:45:00"	"2025-08-12"	"Carlisle"	"Respectful (IRE)"	"20.00"	"24.57"	"Handicap"	"7"	"10"	"Winn, Mark"	"Midgley, P T"	"6f "	"5"	"10"	"6"	"10"
"20:10:00"	"2025-08-11"	"Windsor"	"Gogo Yubari"	"12.00"	"14.5"	"Handicap"	"1"	"10"	"Clutterbuck, Rhys"	"Carroll, A W"	"5f "	"6"	"10"	"5"	"7"
"20:10:00"	"2025-08-11"	"Windsor"	"Colorada Dancer"	"16.00"	"23.35"	"Handicap"	"6"	"10"	"Egan, John"	"Jewell, Karen"	"5f "	"6"	"2"	"1"	"7"
"20:10:00"	"2025-08-11"	"Windsor"	"Secret Handsheikh"	"7.00"	"8.55"	"Handicap"	"7"	"10"	"Greatrex, Edward"	"Gallagher, J"	"5f "	"6"	"5"	"3"	"11"
"16:00:00"	"2025-08-11"	"Ayr"	"Thunderstorm Katie"	"2.50"	"3.95"	"Handicap"	"4"	"9"	"Waugh, Amie"	"Goldie, J S"	"6f "	"6"	"2"	"1"	"8"
"16:00:00"	"2025-08-11"	"Ayr"	"Golden Duke (IRE)"	"12.00"	"17.87"	"Handicap"	"6"	"9"	"McManoman, Faye"	"Tinkler, N"	"6f "	"6"	"9"	"8"	"10"
"17:15:00"	"2025-08-10"	"Haydock"	"Night On Earth (IRE)"	"11.00"	"13"	"Handicap"	"2"	"13"	"Greatrex, Edward"	"Williams, Ian"	"5f "	"4"	"8"	"3"	"8"
"17:15:00"	"2025-08-10"	"Haydock"	"Classy Al"	"11.00"	"14.97"	"Handicap"	"10"	"13"	"Mulrennan, Paul"	"Goldie, J S"	"5f "	"4"	"8"	"4"	"4"
"17:15:00"	"2025-08-10"	"Haydock"	"Hurt You Never (IRE)"	"14.00"	"21"	"Handicap"	"11"	"13"	"Nicholls, Mr Jack"	"Nicholls, Adrian"	"5f "	"4"	"8"	"1"	"4"
"15:00:00"	"2025-08-10"	"Leicester"	"Enpassant (IRE)"	"5.00"	"7.28"	"Handicap"	"1"	"9"	"Eaves, Tom"	"Herrington,M "	"7f "	"6"	"8"	"6"	"11"
"15:00:00"	"2025-08-10"	"Leicester"	"Wilde And Dandy"	"2.25"	"3.7"	"Handicap"	"6"	"9"	"Donohoe, Stephen"	"Furtado, Ivan"	"7f "	"6"	"8"	"1"	"11"
"15:00:00"	"2025-08-10"	"Leicester"	"Create (IRE)"	"10.00"	"14"	"Handicap"	"7"	"9"	"Mortensen, Mikkel"	"Dixon, Scott"	"7f "	"6"	"9"	"10"	"14"
"19:52:00"	"2025-08-09"	"Lingfield"	"Comedian Leader"	"2.50"	"3.5"	"Handicap"	"1"	"4"	"Lewis, Ashley"	"Best, Jim/Suzi"	"6f "	"5"	"7"	"1"	"7"
"19:22:00"	"2025-08-09"	"Lingfield"	"Smooth Silesie (IRE)"	"4.00"	"4.7"	"Handicap"	"2"	"6"	"Davies, Harry"	"Williamson, Mrs L"	"5f "	"5"	"6"	"1"	"7"
"19:22:00"	"2025-08-09"	"Lingfield"	"Agostino"	"18.00"	"19.5"	"Handicap"	"6"	"6"	"Wood, George"	"Cowell, R M H"	"5f "	"5"	"7"	"6"	"8"
"19:12:00"	"2025-08-09"	"Ayr"	"Mersea (FR)"	"3.50"	"5.4"	"Handicap"	"8"	"8"	"Marshall, Tom Kiely"	"Tuer, Grant"	"6f "	"6"	"8"	"1"	"6"
"18:12:00"	"2025-08-09"	"Ayr"	"Zaphea (IRE)"	"25.00"	"38"	"Handicap"	"6"	"7"	"Mullen, Andrew"	"Jardine, I"	"5f "	"6"	"8"	"6"	"6"
"17:05:00"	"2025-08-09"	"Curragh"	"Nouvel Espoir (IRE)"	"10.00"	"13.59"	"Handicap"	"7"	"13"	"Carroll, G F"	"Barcoe, James M"	"6f "	"0"	"5"	"7"	"14"
"17:05:00"	"2025-08-09"	"Curragh"	"Tai Tam Bay (IRE)"	"12.00"	"13.66"	"Handicap"	"10"	"13"	"Roche, L F"	"Harty, Edward and Patrick"	"6f "	"0"	"7"	"7"	"15"
"16:22:00"	"2025-08-09"	"Redcar"	"Doralee"	"6.00"	"8.39"	"Non-Handicap"	"1"	"10"	"Pyle, William"	"Barron, T D"	"5f "	"6"	"4"	"4"	"6"
"16:22:00"	"2025-08-09"	"Redcar"	"Brazen Belle"	"50.00"	"95"	"Non-Handicap"	"7"	"10"	"Orr, Oisin"	"Teague, C J"	"5f "	"6"	"4"	"5"	"6"
"15:47:00"	"2025-08-09"	"Redcar"	"Frank The Spark"	"12.00"	"15.2"	"Handicap"	"4"	"9"	"McHugh, B"	"Midgley, P T"	"5f "	"3"	"7"	"6"	"14"
"15:47:00"	"2025-08-09"	"Redcar"	"Castan"	"6.00"	"7.66"	"Handicap"	"7"	"9"	"Breslin, Andrew"	"Smart, B"	"5f "	"3"	"8"	"7"	"7"
"14:02:00"	"2025-08-09"	"Redcar"	"Valley Ofthe Kings (SAF)"	"4.00"	"6.4"	"Maiden"	"2"	"8"	"Strydom, Kyle"	"Cunha, Dylan"	"7f "	"5"	"7"	"2"	"7"
"14:02:00"	"2025-08-09"	"Redcar"	"Wats On Lady"	"250.00"	"1000"	"Maiden"	"8"	"8"	"Sullivan, James P"	"Rothwell, B S"	"7f "	"5"	"10"	"9"	"9"
"17:12:00"	"2025-08-08"	"Tipperary"	"Ballysax Lil Mick (IRE)"	"28.00"	"42"	"Handicap"	"1"	"15"	"Leonard, Killian"	"Brown, Miss Katy"	"5f "	"0"	"4"	"8"	"18"
"17:12:00"	"2025-08-08"	"Tipperary"	"An Laochmor (IRE)"	"6.00"	"8.4"	"Handicap"	"7"	"15"	"Roche, L F"	"Coogan, J G"	"5f "	"0"	"4"	"6"	"18"
"15:55:00"	"2025-08-08"	"Musselburgh"	"Protest Rally (IRE)"	"2.50"	"4.37"	"Handicap"	"5"	"7"	"Horgan, C"	"Bailey, Liam"	"5f "	"4"	"7"	"4"	"7"
"14:10:00"	"2025-08-08"	"Thirsk"	"My Boy Jack"	"4.50"	"7.6"	"Non-Handicap"	"2"	"10"	"Gee, Alfie"	"Frost, Kevin"	"6f "	"6"	"9"	"3"	"8"
"14:10:00"	"2025-08-08"	"Thirsk"	"Crocus Time (IRE)"	"5.50"	"8.29"	"Non-Handicap"	"3"	"10"	"Cole, Morgan"	"Barr, R E"	"6f "	"6"	"9"	"5"	"12"
"14:10:00"	"2025-08-08"	"Thirsk"	"Eldeyaar (IRE)"	"22.00"	"36"	"Non-Handicap"	"5"	"10"	"Dickson, Mr Jake"	"Brittain, Antony"	"6f "	"6"	"7"	"5"	"9"
"19:30:00"	"2025-08-07"	"Chepstow"	"Blind Beggar (IRE)"	"7.50"	"10.5"	"Handicap"	"8"	"12"	"Rawlinson, Ali"	"Appleby, M"	"5f "	"4"	"5"	"3"	"14"
"19:00:00"	"2025-08-07"	"Chepstow"	"Intervention"	"18.00"	"26.2"	"Handicap"	"3"	"13"	"Rawlinson, Ali"	"Appleby, M"	"7f "	"4"	"7"	"1"	"13"
"19:00:00"	"2025-08-07"	"Chepstow"	"Apache Outlaw (IRE)"	"4.00"	"5.34"	"Handicap"	"10"	"13"	"Marsh, Finley"	"McGuinness, Adrian"	"7f "	"4"	"9"	"2"	"15"
"18:00:00"	"2025-08-07"	"Chepstow"	"Shamrock Bay"	"3.50"	"6.06"	"Handicap"	"1"	"13"	"Kingscote, Richard"	"Kubler, Daniel"	"1m "	"4"	"7"	"2"	"11"
"18:00:00"	"2025-08-07"	"Chepstow"	"Barley (IRE)"	"11.00"	"18.52"	"Handicap"	"5"	"13"	"Allan, David"	"Easterby, T D"	"1m "	"4"	"5"	"5"	"5"
"18:00:00"	"2025-08-07"	"Chepstow"	"Great Blasket (IRE)"	"6.50"	"10.05"	"Handicap"	"6"	"13"	"Shepherd, Callum"	"Newland, Dr R D P"	"1m "	"4"	"8"	"1"	"6"
"17:30:00"	"2025-08-07"	"Chepstow"	"Diamondonthehill"	"11.00"	"11.82"	"Handicap"	"10"	"14"	"Shepherd, Callum"	"Newland, Dr R D P"	"6f "	"3"	"8"	"13"	"20"
"19:27:00"	"2025-08-06"	"Yarmouth"	"Global Effort (IRE)"	"7.00"	"9.84"	"Non-Handicap"	"1"	"7"	"McEntee, Grace"	"McEntee, P S"	"5f "	"6"	"5"	"6"	"7"
"19:27:00"	"2025-08-06"	"Yarmouth"	"Sams Xpress (IRE)"	"3.33"	"4.97"	"Non-Handicap"	"2"	"7"	"Hogan, D E"	"Birkett, Julia &"	"5f "	"6"	"8"	"6"	"9"
"19:15:00"	"2025-08-05"	"Newbury"	"Aces Wild (IRE)"	"5.50"	"7.78"	"Handicap"	"2"	"12"	"Langley, Miss Taryn"	"Wintle, A"	"5f "	"5"	"10"	"1"	"7"
"19:15:00"	"2025-08-05"	"Newbury"	"Moes Legacy"	"4.50"	"7"	"Handicap"	"3"	"12"	"Watson, Jason"	"Harris, R A"	"5f "	"5"	"4"	"1"	"7"
"19:15:00"	"2025-08-05"	"Newbury"	"Bang On The Bell"	"6.00"	"9"	"Handicap"	"8"	"12"	"Ghiani, Marco"	"Jenkins, J R"	"5f "	"5"	"10"	"4"	"7"
"17:00:00"	"2025-08-05"	"Catterick"	"Doralee"	"12.00"	"14.67"	"Handicap"	"4"	"6"	"Beasley, Connor"	"Barron, T D"	"5f "	"6"	"7"	"8"	"9"
"17:00:00"	"2025-08-05"	"Catterick"	"Brazen Belle"	"66.00"	"92.64"	"Handicap"	"5"	"6"	"Scott, Rowan"	"Teague, C J"	"5f "	"6"	"10"	"9"	"14"
"17:00:00"	"2025-08-05"	"Catterick"	"Mrs Bagerran (IRE)"	"3.50"	"5.42"	"Handicap"	"6"	"6"	"Pyle, William"	"Waggott, Miss Tracy"	"5f "	"6"	"7"	"9"	"9"
"15:45:00"	"2025-08-05"	"Ffos Las"	"Starproof (IRE)"	"12.00"	"15.5"	"Handicap"	"1"	"8"	"Edmunds, Lewis"	"Muir, W R"	"6f "	"5"	"10"	"7"	"8"
"16:53:00"	"2025-08-04"	"Lingfield"	"Dark Sun"	"12.00"	"16.32"	"Handicap"	"6"	"9"	"Coughlan, Laura"	"Bennett, J A"	"7f "	"5"	"10"	"4"	"7"
"16:23:00"	"2025-08-04"	"Lingfield"	"Big Bard"	"2.25"	"3.78"	"Handicap"	"1"	"11"	"Lewis, Ashley"	"Moore, Gary and Josh"	"6f "	"6"	"4"	"4"	"7"
"15:40:00"	"2025-08-04"	"Ripon"	"Mister Sox"	"6.00"	"8.2"	"Handicap"	"1"	"11"	"Kirrane, Sean"	"Easterby, T D"	"6f "	"3"	"10"	"7"	"22"
"15:40:00"	"2025-08-04"	"Ripon"	"Kodiac Thriller (IRE)"	"4.00"	"5.75"	"Handicap"	"3"	"11"	"Fentiman, Warren"	"Walford, Mark"	"6f "	"3"	"9"	"2"	"8"
"14:46:00"	"2025-08-04"	"Naas"	"Von Krolock (IRE)"	"18.00"	"34"	"Handicap"	"2"	"18"	"Hassett, M W"	"Doyle, Timothy"	"6f "	"0"	"10"	"4"	"21"
"14:46:00"	"2025-08-04"	"Naas"	"Hastily"	"10.00"	"16.5"	"Handicap"	"11"	"18"	"Cleary, Jack"	"McGuinness, Tom"	"6f "	"0"	"10"	"1"	"21"
"14:46:00"	"2025-08-04"	"Naas"	"Plastic Paddy"	"50.00"	"198.53"	"Handicap"	"13"	"18"	"Grant, A S"	"McGuinness, Tom"	"6f "	"0"	"9"	"16"	"16"
"16:42:00"	"2025-08-03"	"Yarmouth"	"Smooth Silesie (IRE)"	"10.00"	"13.92"	"Handicap"	"1"	"7"	"Davies, Harry"	"Williamson, Mrs L"	"5f "	"5"	"5"	"2"	"5"
"16:42:00"	"2025-08-03"	"Yarmouth"	"Court Of Session"	"6.50"	"9.26"	"Handicap"	"3"	"7"	"Levey, S M"	"McEntee, P S"	"5f "	"5"	"2"	"5"	"12"
"15:07:00"	"2025-08-03"	"Yarmouth"	"Primrose Maid"	"25.00"	"29.36"	"Non-Handicap"	"8"	"8"	"Howarth, Christian"	"Dunnett, Mrs C A"	"7f "	"6"	"6"	"8"	"9"
"20:15:00"	"2025-08-02"	"Lingfield"	"Barnsnape Boy"	"8.50"	"12.32"	"Handicap"	"1"	"6"	"Leavy, Mr Joe"	"Boyle, J R"	"5f "	"6"	"10"	"5"	"10"
"20:15:00"	"2025-08-02"	"Lingfield"	"Beaumadier (IRE)"	"1.50"	"2.72"	"Handicap"	"2"	"6"	"Dace, Jack"	"Loughnane, Daniel Mark"	"5f "	"6"	"8"	"2"	"6"
"19:45:00"	"2025-08-02"	"Lingfield"	"Mashaan"	"5.00"	"7.58"	"Handicap"	"2"	"7"	"Howarth, Christian"	"Haynes, Alice"	"7f "	"6"	"10"	"3"	"13"
"17:50:00"	"2025-08-02"	"Thirsk"	"Hurstwood"	"5.00"	"7.8"	"Handicap"	"5"	"10"	"Brookes, Aiden"	"Niven, P D"	"6f "	"6"	"10"	"4"	"5"
"17:15:00"	"2025-08-02"	"Thirsk"	"Miss Rainbow (IRE)"	"2.50"	"4.17"	"Handicap"	"2"	"10"	"Pyle, William"	"Waggott, Miss Tracy"	"6f "	"6"	"8"	"1"	"9"
"15:30:00"	"2025-08-02"	"Doncaster"	"Sir Maxi"	"33.00"	"53.37"	"Handicap"	"4"	"11"	"England, Jonathan"	"England, Sam"	"7f "	"6"	"9"	"9"	"9"
"15:25:00"	"2025-08-02"	"Thirsk"	"Blind Beggar (IRE)"	"3.00"	"5.07"	"Handicap"	"3"	"14"	"Watson, Jason"	"Appleby, M"	"5f "	"4"	"9"	"1"	"9"
"15:25:00"	"2025-08-02"	"Thirsk"	"Monks Dream (IRE)"	"5.00"	"6.9"	"Handicap"	"4"	"14"	"Allan, David"	"Easterby, T D"	"5f "	"4"	"9"	"11"	"13"
"20:50:00"	"2025-08-01"	"Musselburgh"	"Mersea (FR)"	"0.40"	"1.54"	"Handicap"	"1"	"6"	"James, S H"	"Tuer, Grant"	"5f "	"6"	"6"	"10"	"19"
"19:18:00"	"2025-08-01"	"Musselburgh"	"Protest Rally (IRE)"	"5.50"	"7.61"	"Handicap"	"4"	"7"	"Horgan, C"	"Bailey, Liam"	"5f "	"4"	"6"	"8"	"19"
"18:20:00"	"2025-08-01"	"Newmarket (July)"	"Court Of Session"	"14.00"	"25.63"	"Handicap"	"5"	"12"	"Planas, Connor"	"McEntee, P S"	"6f "	"5"	"2"	"4"	"8"
"19:38:00"	"2025-07-30"	"Leicester"	"Mr Phillips"	"300.00"	"1000"	"Novices"	"10"	"12"	"Carmichael, Oliver"	"Jenkins, J R"	"7f "	"4"	"9"	"14"	"14"
"17:10:00"	"2025-07-30"	"Redcar"	"Monhammer"	"40.00"	"55"	"Handicap"	"9"	"9"	"Skelton, Mr Kevin"	"Perratt, Miss L A"	"1m "	"6"	"9"	"6"	"10"
"19:40:00"	"2025-07-29"	"Ripon"	"Arlington"	"10.00"	"12.63"	"Handicap"	"2"	"9"	"Breslin, Andrew"	"Smart, B"	"5f "	"6"	"3"	"4"	"14"
"19:40:00"	"2025-07-29"	"Ripon"	"Better (IRE)"	"5.50"	"7.74"	"Handicap"	"7"	"9"	"Russell, Harry"	"Midgley, P T"	"5f "	"6"	"3"	"6"	"14"
"18:50:00"	"2025-07-29"	"Ffos Las"	"Smooth Silesie (IRE)"	"5.00"	"6.35"	"Handicap"	"2"	"5"	"Cosgrave, Pat"	"Williamson, Mrs L"	"5f "	"6"	"10"	"5"	"7"
"19:05:00"	"2025-07-28"	"Windsor"	"Badri"	"2.25"	"3.65"	"Handicap"	"1"	"7"	"Edmunds, Lewis"	"Herrington,M "	"6f "	"3"	"7"	"2"	"18"
"16:55:00"	"2025-07-28"	"Yarmouth"	"Darlo Lady"	"18.00"	"34"	"Handicap"	"5"	"9"	"Carson, William"	"Carson, Anthony"	"1m "	"6"	"10"	"7"	"9"
"14:30:00"	"2025-07-28"	"Ayr"	"Thunderstorm Katie"	"5.50"	"7.12"	"Handicap"	"1"	"7"	"Waugh, Amie"	"Goldie, J S"	"6f "	"6"	"7"	"4"	"12"
"19:45:00"	"2025-07-26"	"Windsor"	"Lahina Bay (IRE)"	"1.20"	"2.44"	"Handicap"	"1"	"8"	"Clutterbuck, Rhys"	"Bridger, J / Cook, R"	"6f "	"6"	"4"	"4"	"14"
"19:15:00"	"2025-07-26"	"Windsor"	"Nordic Glory (IRE)"	"10.00"	"12.22"	"Handicap"	"3"	"10"	"Bradley, Paddy"	"Attwater, M J"	"6f "	"6"	"10"	"4"	"13"
"19:15:00"	"2025-07-26"	"Windsor"	"Bama Lama"	"6.00"	"8.6"	"Handicap"	"6"	"10"	"Edmunds, Lewis"	"Millman, B R"	"6f "	"6"	"10"	"4"	"7"
"19:00:00"	"2025-07-26"	"Salisbury"	"Thunderous Love"	"2.50"	"3.6"	"Handicap"	"1"	"5"	"Hornby, Rob"	"Portman, J G"	"6f "	"5"	"8"	"2"	"6"
"15:20:00"	"2025-07-26"	"York"	"Mersea (FR)"	"25.00"	"27"	"Handicap"	"10"	"19"	"Brooke, Henry"	"Tuer, Grant"	"5f "	"4"	"7"	"2"	"7"
"15:20:00"	"2025-07-26"	"York"	"Nazron (IRE)"	"8.00"	"12"	"Handicap"	"14"	"19"	"Quinlan, Sean"	"Furtado, Ivan"	"5f "	"4"	"2"	"10"	"13"
"20:10:00"	"2025-07-25"	"Chepstow"	"Too Much Trevor"	"10.00"	"13.5"	"Non-Handicap"	"2"	"14"	"ONeill, K T"	"Harris, Miss G"	"1m "	"6"	"8"	"3"	"5"
"20:10:00"	"2025-07-25"	"Chepstow"	"Fact Or Fable (IRE)"	"7.50"	"9.83"	"Non-Handicap"	"3"	"14"	"Fisher, Taylor"	"Moore, J S"	"1m "	"6"	"9"	"4"	"8"
"19:35:00"	"2025-07-25"	"Chepstow"	"Hostelry"	"4.50"	"7.2"	"Handicap"	"2"	"10"	"Fraser, Kaiya"	"Carr, Mrs R A"	"1m "	"5"	"7"	"2"	"6"
"19:35:00"	"2025-07-25"	"Chepstow"	"Spirit Of The Bay (IRE)"	"6.50"	"7.8"	"Handicap"	"3"	"10"	"Cox, William"	"Flint, J L"	"1m "	"5"	"8"	"1"	"6"
"19:35:00"	"2025-07-25"	"Chepstow"	"Letter Of The Law (IRE)"	"25.00"	"42.98"	"Handicap"	"5"	"10"	"Mackay, Jay"	"Oshea, J G M"	"1m "	"5"	"2"	"11"	"13"
"19:20:00"	"2025-07-25"	"Cork"	"Lorrs Girl (IRE)"	"11.00"	"16.5"	"Handicap"	"2"	"21"	"Leonard, Killian"	"Sweeney, Rodger"	"6f "	"0"	"9"	"5"	"12"
"19:20:00"	"2025-07-25"	"Cork"	"Lakota Lady (IRE)"	"11.00"	"14"	"Handicap"	"13"	"21"	"Heffernan, J A"	"Browne, Michael J"	"6f "	"0"	"7"	"6"	"12"
"19:20:00"	"2025-07-25"	"Cork"	"Mount Ruapehu (IRE)"	"4.50"	"6.4"	"Handicap"	"17"	"21"	"Foley, Shane"	"Fahey, Mark"	"6f "	"0"	"7"	"4"	"12"
"19:13:00"	"2025-07-25"	"York"	"Impressor (IRE)"	"80.00"	"190"	"Handicap"	"21"	"22"	"Scott, Rowan"	"Makin, Phillip"	"6f "	"4"	"7"	"5"	"9"
"19:00:00"	"2025-07-25"	"Chepstow"	"Roach Power (IRE)"	"1.25"	"2.45"	"Handicap"	"1"	"6"	"Whelan, Trevor"	"Wigham, M"	"5f "	"5"	"9"	"1"	"7"
"17:10:00"	"2025-07-25"	"Thirsk"	"Jack Of Clubs"	"8.00"	"11"	"Handicap"	"5"	"6"	"Callan, Mr Jack"	"Dods, M"	"5f "	"6"	"10"	"10"	"11"
"16:10:00"	"2025-07-25"	"Ascot"	"Gunfighter (IRE)"	"28.00"	"44.46"	"Handicap"	"12"	"12"	"Probert, David"	"Eddery, Robert"	"7f "	"4"	"9"	"3"	"8"
"16:00:00"	"2025-07-25"	"Thirsk"	"Miss Rainbow (IRE)"	"4.00"	"5.45"	"Handicap"	"1"	"9"	"Pyle, William"	"Waggott, Miss Tracy"	"6f "	"5"	"2"	"3"	"9"
"16:00:00"	"2025-07-25"	"Thirsk"	"Annie Edson Taylor"	"2.50"	"4"	"Handicap"	"2"	"9"	"Stott, Kevin"	"Makin, Phillip"	"6f "	"5"	"4"	"3"	"12"
"19:40:00"	"2025-07-24"	"Yarmouth"	"Fantasy Master"	"12.00"	"17.93"	"Handicap"	"4"	"13"	"Whelan, Trevor"	"Holland, Darryll"	"5f "	"3"	"5"	"UR"	"10"
"19:40:00"	"2025-07-24"	"Yarmouth"	"Monks Dream (IRE)"	"16.00"	"26.34"	"Handicap"	"11"	"13"	"Allan, David"	"Easterby, T D"	"5f "	"3"	"6"	"4"	"6"
"18:10:00"	"2025-07-24"	"Yarmouth"	"Bishops Crown"	"4.50"	"6.43"	"Handicap"	"3"	"11"	"Kingscote, Richard"	"Houghton, Eve Johnson"	"6f "	"4"	"3"	"3"	"10"
"18:10:00"	"2025-07-24"	"Yarmouth"	"Wreck It Ryley (IRE)"	"12.00"	"14.64"	"Handicap"	"5"	"11"	"McDonald, P J"	"Brown, A D"	"6f "	"4"	"6"	"2"	"9"
"16:20:00"	"2025-07-24"	"Doncaster"	"Amayretto"	"6.00"	"8.4"	"Handicap"	"4"	"11"	"Kirrane, Sean"	"Easterby, T D"	"7f "	"5"	"5"	"2"	"9"
"16:20:00"	"2025-07-24"	"Doncaster"	"Novello Lad"	"3.50"	"5.79"	"Handicap"	"7"	"11"	"Nolan, D"	"Midgley, P T"	"7f "	"5"	"6"	"1"	"6"
"18:10:00"	"2025-07-23"	"Naas"	"Clonmacash"	"12.00"	"20"	"Handicap"	"6"	"16"	"Caffrey, Adam"	"McGuinness, Adrian"	"6f "	"0"	"6"	"7"	"12"
"16:20:00"	"2025-07-23"	"Salisbury"	"Moes Legacy"	"2.50"	"3.75"	"Handicap"	"1"	"10"	"Watson, Jason"	"Harris, R A"	"5f "	"6"	"7"	"1"	"13"
"14:15:00"	"2025-07-23"	"Salisbury"	"Guiteau (IRE)"	"2.75"	"4.3"	"Handicap"	"10"	"13"	"Walker, Mr S"	"Bramley, Faye"	"7f "	"6"	"6"	"2"	"5"
"16:00:00"	"2025-07-22"	"Musselburgh"	"Our Absent Friends (IRE)"	"2.13"	"3.18"	"Handicap"	"6"	"10"	"Hart, Jason"	"Davidson, Tristan"	"5f "	"5"	"8"	"3"	"8"
"16:00:00"	"2025-07-22"	"Musselburgh"	"Never Dark"	"25.00"	"55"	"Handicap"	"10"	"10"	"Peate, Jonny"	"Jardine, I"	"5f "	"5"	"10"	"7"	"11"
"18:50:00"	"2025-07-21"	"Beverley"	"Without Flaw (IRE)"	"3.00"	"4.86"	"Handicap"	"1"	"9"	"Fentiman, Warren"	"Jackson, Miss T"	"5f "	"6"	"6"	"1"	"11"
"18:50:00"	"2025-07-21"	"Beverley"	"Ifonlytheycudtalk (IRE)"	"20.00"	"22.46"	"Handicap"	"7"	"9"	"Marshall, Tom Kiely"	"Easterby, T D"	"5f "	"6"	"6"	"11"	"11"
"15:30:00"	"2025-07-21"	"Ayr"	"Monsieur Kodi (IRE)"	"28.00"	"37.14"	"Handicap"	"11"	"18"	"Orr, Oisin"	"Fahey, R A"	"6f "	"3"	"9"	"1"	"7"
"14:30:00"	"2025-07-21"	"Ayr"	"Sixcor"	"6.00"	"8.89"	"Handicap"	"7"	"12"	"Fraser, Kaiya"	"Perratt, Miss L A"	"6f "	"6"	"4"	"1"	"8"
"14:30:00"	"2025-07-21"	"Ayr"	"Chiefman"	"80.00"	"180"	"Handicap"	"11"	"12"	"Lee, Clifford"	"Smith, R Michael"	"6f "	"6"	"7"	"7"	"8"
"17:45:00"	"2025-07-20"	"Redcar"	"Stormy Pearl"	"4.50"	"6.69"	"Handicap"	"2"	"8"	"Elliott, Rhys"	"Thompson, D W"	"6f "	"6"	"8"	"1"	"5"
"16:15:00"	"2025-07-20"	"Curragh"	"My Girl Sioux (IRE)"	"11.00"	"16.5"	"Handicap"	"8"	"18"	"Dalton, J S"	"Slattery, Andrew"	"5f "	"0"	"7"	"1"	"10"
"14:18:00"	"2025-07-20"	"Redcar"	"Eeetee (IRE)"	"2.75"	"4.1"	"Handicap"	"1"	"8"	"Nicholls, Mr Jack"	"Wainwright, J S"	"1m "	"5"	"10"	"5"	"9"
"21:00:00"	"2025-07-19"	"Haydock"	"Mersea (FR)"	"6.00"	"7.67"	"Handicap"	"2"	"7"	"Wilkie, Brandon"	"Tuer, Grant"	"5f "	"5"	"9"	"5"	"11"
"21:00:00"	"2025-07-19"	"Haydock"	"Smooth Silesie (IRE)"	"6.50"	"7.76"	"Handicap"	"5"	"7"	"Crouch, Hector"	"Williamson, Mrs L"	"5f "	"5"	"7"	"8"	"11"
"20:15:00"	"2025-07-19"	"Doncaster"	"Sterling Knight"	"2.75"	"3.95"	"Handicap"	"1"	"10"	"Fallon, Cieren"	"Dunlop, E A L"	"7f "	"3"	"8"	"4"	"11"
"19:38:00"	"2025-07-19"	"Newmarket (July)"	"Dutch Decoy"	"2.75"	"4.3"	"Handicap"	"1"	"8"	"Mitchell, Jack"	"Johnston, Charlie"	"1m "	"4"	"9"	"1"	"11"
"19:05:00"	"2025-07-19"	"Newmarket (July)"	"Aberama Gold"	"2.25"	"3.7"	"Handicap"	"6"	"10"	"Kingscote, Richard"	"OMeara, D"	"6f "	"4"	"7"	"1"	"18"
"18:35:00"	"2025-07-19"	"Newmarket (July)"	"Renesmee"	"4.50"	"6.6"	"Handicap"	"2"	"8"	"Ghiani, Marco"	"Keady, Michael"	"1m "	"5"	"1"	"4"	"9"
"18:35:00"	"2025-07-19"	"Newmarket (July)"	"City Of York"	"3.00"	"4.4"	"Handicap"	"5"	"8"	"Muscutt, D"	"Simcock, D M"	"1m "	"5"	"9"	"4"	"8"
"18:15:00"	"2025-07-19"	"Doncaster"	"Highfield Viking"	"3.33"	"4.6"	"Handicap"	"3"	"9"	"Hart, Jason"	"Quinn, J J"	"7f "	"6"	"9"	"2"	"12"
"18:15:00"	"2025-07-19"	"Doncaster"	"Temper Trap"	"5.50"	"7.2"	"Handicap"	"4"	"9"	"Mason, Joanna"	"Easterby, T D"	"7f "	"6"	"9"	"7"	"9"
"17:38:00"	"2025-07-19"	"Ripon"	"Ideal Guest (FR)"	"3.00"	"4.2"	"Handicap"	"3"	"10"	"Fanning, Joe"	"Bethell, Harriet"	"6f "	"6"	"10"	"2"	"9"
"17:30:00"	"2025-07-19"	"Newmarket (July)"	"Waiting All Night"	"1.63"	"2.78"	"Handicap"	"2"	"6"	"Callan, N"	"Spencer, Richard"	"7f "	"4"	"9"	"8"	"11"
"17:15:00"	"2025-07-19"	"Doncaster"	"Fletchers Flight (IRE)"	"3.33"	"5.13"	"Handicap"	"4"	"8"	"Lewis, Ashley"	"McBride, P J"	"5f "	"5"	"8"	"8"	"10"
"20:20:00"	"2025-07-18"	"Hamilton"	"Classy Al"	"2.00"	"3.48"	"Handicap"	"1"	"6"	"Mulrennan, Paul"	"Goldie, J S"	"5f "	"4"	"4"	"1"	"8"
"20:20:00"	"2025-07-18"	"Hamilton"	"Jojo Rabbit"	"12.00"	"16"	"Handicap"	"2"	"6"	"Hart, Jason"	"Carr, Mrs R A"	"5f "	"4"	"8"	"9"	"9"
"19:00:00"	"2025-07-18"	"Newmarket (July)"	"Rocking Ends"	"2.75"	"4.51"	"Handicap"	"1"	"8"	"Watson, Jason"	"Clover, Tom"	"5f "	"4"	"7"	"3"	"10"
"19:00:00"	"2025-07-18"	"Newmarket (July)"	"Catch Cunningham (IRE)"	"2.75"	"4.13"	"Handicap"	"2"	"8"	"Planas, Connor"	"Herrington,M "	"5f "	"4"	"7"	"2"	"10"
"19:00:00"	"2025-07-18"	"Newmarket (July)"	"Jacquelina (IRE)"	"12.00"	"17"	"Handicap"	"7"	"8"	"McEntee, Grace"	"McEntee, P S"	"5f "	"4"	"3"	"3"	"4"
"18:25:00"	"2025-07-18"	"Newmarket (July)"	"Shallow"	"3.00"	"4.3"	"Handicap"	"1"	"6"	"Wood, George"	"Spencer, Richard"	"6f "	"3"	"6"	"4"	"9"
"17:50:00"	"2025-07-18"	"Newmarket (July)"	"Asian Journey (IRE)"	"5.50"	"18"	"Novices"	"2"	"9"	"Leavy, Mr Joe"	"Meehan, B J"	"1m "	"4"	"9"	"3"	"13"
"17:42:00"	"2025-07-18"	"Down Royal"	"Spirit Of Eagles (IRE)"	"7.50"	"9.78"	"Handicap"	"2"	"12"	"Ryan, Gavin"	"Dowling, Thomas"	"5f "	"0"	"6"	"5"	"13"
"14:50:00"	"2025-07-18"	"Nottingham"	"Thunderous Love"	"3.33"	"5"	"Handicap"	"2"	"6"	"Hornby, Rob"	"Portman, J G"	"6f "	"5"	"8"	"1"	"14"
"16:25:00"	"2025-07-17"	"Hamilton"	"Colour Code (IRE)"	"33.00"	"70"	"Handicap"	"5"	"6"	"Allan, David"	"Perratt, Miss L A"	"6f "	"6"	"5"	"5"	"5"
"15:45:00"	"2025-07-17"	"Chepstow"	"Saffredi"	"1.88"	"3.1"	"Handicap"	"4"	"6"	"Greatrex, Edward"	"Harris, Miss G"	"6f "	"5"	"7"	"3"	"14"
"14:40:00"	"2025-07-17"	"Chepstow"	"Too Much Trevor"	"3.33"	"5.12"	"Handicap"	"3"	"5"	"ONeill, K T"	"Harris, Miss G"	"7f "	"6"	"6"	"6"	"13"
"14:20:00"	"2025-07-17"	"Hamilton"	"Sixcor"	"2.75"	"4.1"	"Handicap"	"1"	"8"	"Allan, David"	"Perratt, Miss L A"	"5f "	"6"	"3"	"3"	"7"
"14:20:00"	"2025-07-17"	"Hamilton"	"Pinpoint"	"7.50"	"11"	"Handicap"	"6"	"8"	"Gray, S A"	"Whillans, Ewan"	"5f "	"6"	"5"	"4"	"5"
"14:40:00"	"2025-07-15"	"Nottingham"	"Jacquelina (IRE)"	"2.00"	"3.32"	"Handicap"	"3"	"4"	"McEntee, Grace"	"McEntee, P S"	"5f "	"5"	"4"	"5"	"10"
"15:10:00"	"2025-07-14"	"Ayr"	"Sixcor"	"9.00"	"12"	"Handicap"	"3"	"7"	"Fraser, Kaiya"	"Perratt, Miss L A"	"6f "	"6"	"2"	"2"	"5"
"15:10:00"	"2025-07-14"	"Ayr"	"Ramon Di Loria (IRE)"	"5.00"	"6.2"	"Handicap"	"5"	"7"	"Hart, Jason"	"Whillans, Ewan"	"6f "	"6"	"9"	"4"	"10"
"14:40:00"	"2025-07-14"	"Ayr"	"Our Absent Friends (IRE)"	"3.00"	"4.14"	"Handicap"	"3"	"8"	"Hart, Jason"	"Davidson, Tristan"	"5f "	"5"	"8"	"5"	"7"
"14:40:00"	"2025-07-14"	"Ayr"	"Zaphea (IRE)"	"50.00"	"125.97"	"Handicap"	"7"	"8"	"Mullen, Andrew"	"Jardine, I"	"5f "	"5"	"8"	"7"	"7"
"14:15:00"	"2025-07-13"	"Navan"	"My Girl Sioux (IRE)"	"6.00"	"9.2"	"Handicap"	"1"	"10"	"Dalton, J S"	"Slattery, Andrew"	"5f "	"0"	"9"	"1"	"10"
"14:15:00"	"2025-07-13"	"Navan"	"Ballysax Lil Mick (IRE)"	"50.00"	"95"	"Handicap"	"4"	"10"	"Leonard, Killian"	"Brown, Miss Katy"	"5f "	"0"	"9"	"7"	"10"
"14:15:00"	"2025-07-13"	"Navan"	"Eruption (IRE)"	"14.00"	"18.54"	"Handicap"	"8"	"10"	"OGorman, Jessica"	"McConnell, John C"	"5f "	"0"	"8"	"9"	"15"
"19:00:00"	"2025-07-12"	"Hamilton"	"Taygar (IRE)"	"3.33"	"4.5"	"Handicap"	"4"	"7"	"Kirrane, Sean"	"Dods, M"	"6f "	"5"	"5"	"1"	"11"
"19:00:00"	"2025-07-12"	"Hamilton"	"Sacred Falls (IRE)"	"3.50"	"5.3"	"Handicap"	"5"	"7"	"Pyle, William"	"Scott, Miss Katie"	"6f "	"5"	"7"	"2"	"10"
"17:25:00"	"2025-07-12"	"York"	"Aberama Gold"	"3.50"	"5.01"	"Handicap"	"1"	"18"	"Tudhope, Daniel"	"OMeara, D"	"6f "	"4"	"5"	"3"	"12"
"17:25:00"	"2025-07-12"	"York"	"Juan Les Pins"	"4.50"	"6.8"	"Handicap"	"3"	"18"	"Rawlinson, Ali"	"Appleby, M"	"6f "	"4"	"7"	"5"	"15"
"17:25:00"	"2025-07-12"	"York"	"Sugar Baby"	"11.00"	"16"	"Handicap"	"5"	"18"	"Brookes, Aiden"	"Niven, P D"	"6f "	"4"	"8"	"1"	"12"
"17:25:00"	"2025-07-12"	"York"	"Rock Opera"	"6.00"	"9.2"	"Handicap"	"7"	"18"	"Fentiman, Warren"	"Fahey, R A"	"6f "	"4"	"7"	"3"	"15"
"17:25:00"	"2025-07-12"	"York"	"Mister Sox"	"25.00"	"43.67"	"Handicap"	"12"	"18"	"Robinson, Ben"	"Easterby, T D"	"6f "	"4"	"10"	"7"	"13"
"17:25:00"	"2025-07-12"	"York"	"Good Earth (IRE)"	"20.00"	"40"	"Handicap"	"14"	"18"	"Doyle, Hollie"	"Herrington,M "	"6f "	"4"	"8"	"3"	"8"
"17:25:00"	"2025-07-12"	"York"	"Frank The Spark"	"18.00"	"32"	"Handicap"	"16"	"18"	"Mulrennan, Paul"	"Midgley, P T"	"6f "	"4"	"7"	"1"	"5"
"17:25:00"	"2025-07-12"	"York"	"Spirit Of Applause"	"40.00"	"110"	"Handicap"	"17"	"18"	"McManoman, Faye"	"Easterby, T D"	"6f "	"4"	"7"	"3"	"5"
"20:10:00"	"2025-07-11"	"Chepstow"	"Savannah Smiles (IRE)"	"2.50"	"3.92"	"Handicap"	"2"	"5"	"Hutchinson, Callum"	"Harris, Miss G"	"5f "	"6"	"9"	"1"	"7"
"17:20:00"	"2025-07-11"	"Newmarket (July)"	"Almaty Star (IRE)"	"20.00"	"32"	"Handicap"	"9"	"10"	"Marquand, Tom"	"Cowell, R M H"	"5f "	"3"	"10"	"3"	"7"
"17:07:00"	"2025-07-11"	"York"	"Protest Rally (IRE)"	"6.50"	"9.4"	"Handicap"	"8"	"16"	"Horgan, C"	"Bailey, Liam"	"5f "	"4"	"4"	"6"	"9"
"17:07:00"	"2025-07-11"	"York"	"Muker (IRE)"	"9.00"	"14.5"	"Handicap"	"11"	"16"	"McManoman, Faye"	"Tinkler, N"	"5f "	"4"	"7"	"1"	"6"
"17:07:00"	"2025-07-11"	"York"	"Le Beau Garcon"	"25.00"	"44"	"Handicap"	"16"	"16"	"Garritty, Billy"	"Easterby, M W"	"5f "	"4"	"7"	"6"	"8"
"18:35:00"	"2025-07-10"	"Newbury"	"Mammy"	"16.00"	"24.16"	"Handicap"	"5"	"14"	"Shoemark, Kieran"	"Bridger, J / Cook, R"	"6f "	"5"	"10"	"2"	"9"
"18:35:00"	"2025-07-10"	"Newbury"	"The Caribbean (IRE)"	"5.00"	"7"	"Handicap"	"6"	"14"	"Dace, Jack"	"Main, Mrs H S"	"6f "	"5"	"7"	"5"	"12"
"16:55:00"	"2025-07-10"	"Doncaster"	"Sergeant Mayer (IRE)"	"7.00"	"9.6"	"Handicap"	"5"	"9"	"Jary, Alex"	"Tinkler, N"	"5.5f "	"5"	"10"	"3"	"8"
"16:10:00"	"2025-07-09"	"Yarmouth"	"Galileos Compass (IRE)"	"11.00"	"18.1"	"Handicap"	"7"	"11"	"Lewis, Ashley"	"Hoad, M R"	"1m "	"6"	"9"	"1"	"13"
"16:10:00"	"2025-07-09"	"Yarmouth"	"Heers Sadie"	"4.50"	"6.5"	"Handicap"	"9"	"11"	"Feilden, Sam"	"Birkett, Julia &"	"1m "	"6"	"6"	"1"	"3"
"17:00:00"	"2025-07-08"	"Lingfield"	"The Thames Boatman"	"2.25"	"3.85"	"Handicap"	"5"	"7"	"Marsh, Finley"	"Hughes, Richard"	"5f "	"4"	"7"	"2"	"7"
"20:00:00"	"2025-07-07"	"Ripon"	"Ready Freddie Go (IRE)"	"11.00"	"12.8"	"Handicap"	"2"	"9"	"Russell, Harry"	"Pears, Ollie"	"5f "	"4"	"10"	"8"	"10"
"16:05:00"	"2025-07-07"	"Ayr"	"Cuban Storm"	"14.00"	"21"	"Handicap"	"4"	"16"	"Mulrennan, Paul"	"Dods, M"	"6f "	"6"	"10"	"3"	"13"
"15:33:00"	"2025-07-07"	"Ayr"	"Taygar (IRE)"	"3.00"	"5.21"	"Handicap"	"1"	"11"	"Tudhope, Daniel"	"Dods, M"	"6f "	"4"	"10"	"3"	"8"
"13:45:00"	"2025-07-06"	"Ayr"	"Parisiac (IRE)"	"2.25"	"2.58"	"Handicap"	"1"	"7"	"Crawford, Miss Hannah"	"Jardine, I"	"5f "	"5"	"1"	"3"	"10"
"17:53:00"	"2025-07-05"	"Nottingham"	"Beyond Borders (IRE)"	"6.50"	"7.8"	"Handicap"	"7"	"10"	"Voikhansky, Alexander"	"Frost, Kevin"	"6f "	"5"	"8"	"1"	"5"
"17:00:00"	"2025-07-05"	"Carlisle"	"Parisiac (IRE)"	"5.00"	"7"	"Handicap"	"3"	"10"	"McEntee, Grace"	"Jardine, I"	"6f "	"5"	"8"	"3"	"10"
"17:00:00"	"2025-07-05"	"Carlisle"	"Ramon Di Loria (IRE)"	"11.00"	"15.5"	"Handicap"	"4"	"10"	"Currie, Nicola"	"Whillans, Ewan"	"6f "	"5"	"9"	"5"	"6"
"15:50:00"	"2025-07-05"	"Haydock"	"Juan Les Pins"	"8.00"	"10.97"	"Handicap"	"5"	"15"	"Rawlinson, Ali"	"Appleby, M"	"6f "	"4"	"7"	"6"	"9"
"15:42:00"	"2025-07-05"	"Naas"	"Aurora Nova (IRE)"	"1.75"	"2.76"	"Handicap"	"3"	"8"	"Burns, Ms N"	"McNamara, Andrew"	"6f "	"0"	"2"	"1"	"8"
"15:42:00"	"2025-07-05"	"Naas"	"White Clover (IRE)"	"14.00"	"25"	"Handicap"	"6"	"8"	"Coen, Ben M"	"Murphy, Joseph G"	"6f "	"0"	"6"	"9"	"12"
"15:07:00"	"2025-07-05"	"Naas"	"Carrigans Grove (IRE)"	"4.50"	"6.8"	"Handicap"	"3"	"15"	"Donaghue-Leahy, R"	"Flynn, Patrick J"	"6f "	"0"	"10"	"1"	"12"
"18:57:00"	"2025-07-04"	"Bellewstown"	"My Girl Sioux (IRE)"	"4.00"	"5.7"	"Handicap"	"1"	"10"	"Slattery, A J"	"Slattery, Andrew"	"5f "	"0"	"9"	"4"	"12"
"18:57:00"	"2025-07-04"	"Bellewstown"	"Whatswrongnow (IRE)"	"4.00"	"5.7"	"Handicap"	"4"	"10"	"Mulligan, R M"	"Burke, Batt"	"5f "	"0"	"9"	"5"	"12"
"18:57:00"	"2025-07-04"	"Bellewstown"	"Ballysax Lil Mick (IRE)"	"18.00"	"26"	"Handicap"	"7"	"10"	"McAteer, L T"	"Brown, Miss Katy"	"5f "	"0"	"9"	"10"	"12"
"18:57:00"	"2025-07-04"	"Bellewstown"	"Lismacbryan (IRE)"	"33.00"	"50"	"Handicap"	"8"	"10"	"Whearty, R"	"Cluskey, P"	"5f "	"0"	"9"	"11"	"12"
"16:35:00"	"2025-07-04"	"Doncaster"	"Windsor Pass (IRE)"	"8.00"	"9.8"	"Handicap"	"3"	"13"	"Dace, Jack"	"Butler, John"	"7f "	"5"	"10"	"4"	"11"
"19:07:00"	"2025-07-03"	"Bellewstown"	"Plastic Paddy"	"66.00"	"290"	"Handicap"	"7"	"8"	"Cleary, Jack"	"McGuinness, Tom"	"5f "	"0"	"6"	"20"	"20"
"18:05:00"	"2025-07-03"	"Newbury"	"Faustus"	"18.00"	"28"	"Handicap"	"1"	"8"	"Kavanagh, Ryan"	"Bridger, J / Cook, R"	"5f "	"5"	"8"	"4"	"4"
"18:05:00"	"2025-07-03"	"Newbury"	"Lequinto (IRE)"	"0.91"	"2.04"	"Handicap"	"3"	"8"	"Slater, Mr Matthew"	"Carroll, A W"	"5f "	"5"	"3"	"1"	"9"
"18:05:00"	"2025-07-03"	"Newbury"	"Roach Power (IRE)"	"4.50"	"5.98"	"Handicap"	"4"	"8"	"Horgan, C"	"Wigham, M"	"5f "	"5"	"7"	"3"	"6"
"14:40:00"	"2025-07-03"	"Haydock"	"Street Life"	"4.50"	"6.8"	"Handicap"	"5"	"7"	"Farmer, Shay"	"Morris, Patrick"	"5f "	"5"	"8"	"2"	"4"
"14:32:00"	"2025-07-03"	"Yarmouth"	"Starshiba"	"1.20"	"2.1"	"Handicap"	"2"	"3"	"Dace, Jack"	"Morland, Jack"	"1m "	"6"	"7"	"2"	"5"
"20:10:00"	"2025-07-02"	"Chepstow"	"Fishermans Cottage"	"1.50"	"2.72"	"Non-Handicap"	"UR"	"9"	"Carson, William"	"Saunders, M S"	"5f "	"6"	"9"	"2"	"6"
"19:35:00"	"2025-07-02"	"Chepstow"	"Four Adaay"	"1.75"	"2.97"	"Handicap"	"2"	"8"	"Edmunds, Lewis"	"Millman, B R"	"6f "	"6"	"9"	"3"	"14"
"19:00:00"	"2025-07-02"	"Chepstow"	"Jax Edge"	"3.00"	"4"	"Handicap"	"2"	"7"	"Mangan, Gina"	"Mason, Christopher"	"6f "	"4"	"9"	"2"	"8"
"17:48:00"	"2025-07-02"	"Thirsk"	"Gis A Sub (IRE)"	"10.00"	"16.5"	"Handicap"	"6"	"18"	"Nolan, D"	"Midgley, P T"	"6f "	"6"	"5"	"6"	"13"
"17:30:00"	"2025-07-02"	"Chepstow"	"Savannah Smiles (IRE)"	"2.25"	"3.07"	"Handicap"	"1"	"7"	"Gale, Miss Elizabeth"	"Harris, Miss G"	"5f "	"6"	"7"	"2"	"6"
"17:30:00"	"2025-07-02"	"Chepstow"	"Level Up (IRE)"	"2.25"	"3.22"	"Handicap"	"2"	"7"	"Searle, Oliver"	"Evans, P D"	"5f "	"6"	"6"	"1"	"7"
"17:30:00"	"2025-07-02"	"Chepstow"	"Some Nightmare (IRE)"	"8.00"	"8.36"	"Handicap"	"4"	"7"	"Langley, Miss Taryn"	"Oshea, J G M"	"5f "	"6"	"9"	"6"	"6"
"20:45:00"	"2025-06-30"	"Windsor"	"Lequinto (IRE)"	"1.10"	"2.37"	"Handicap"	"1"	"9"	"Slater, Mr Matthew"	"Carroll, A W"	"6f "	"5"	"2"	"1"	"7"
"20:45:00"	"2025-06-30"	"Windsor"	"Mammy"	"25.00"	"29.23"	"Handicap"	"2"	"9"	"Shoemark, Kieran"	"Bridger, J / Cook, R"	"6f "	"5"	"9"	"5"	"6"
"20:45:00"	"2025-06-30"	"Windsor"	"Lahina Bay (IRE)"	"11.00"	"13"	"Handicap"	"5"	"9"	"Mangan, Gina"	"Bridger, J / Cook, R"	"6f "	"5"	"9"	"4"	"7"
"20:00:00"	"2025-06-28"	"Doncaster"	"Habrdi (IRE)"	"50.00"	"92.3"	"Handicap"	"9"	"13"	"Sullivan, James P"	"Carr, Mrs R A"	"7f "	"4"	"9"	"7"	"10"
"20:00:00"	"2025-06-28"	"Doncaster"	"Age Of Time (FR)"	"66.00"	"145.48"	"Handicap"	"13"	"13"	"Gordon, Josephine"	"Williams, Ian"	"7f "	"4"	"7"	"8"	"8"
"17:50:00"	"2025-06-28"	"Doncaster"	"Jungle Land (IRE)"	"14.00"	"21"	"Handicap"	"7"	"9"	"McEntee, Grace"	"Boughey, George"	"6f "	"4"	"9"	"2"	"6"
"17:10:00"	"2025-06-28"	"Windsor"	"Lequinto (IRE)"	"0.57"	"1.67"	"Handicap"	"1"	"7"	"Slater, Mr Matthew"	"Carroll, A W"	"5f "	"6"	"5"	"1"	"14"
"17:15:00"	"2025-06-27"	"Yarmouth"	"Roman Emperor"	"4.50"	"6.32"	"Non-Handicap"	"1"	"10"	"Donohoe, Stephen"	"Ryan, J"	"6f "	"6"	"7"	"5"	"9"
"17:15:00"	"2025-06-27"	"Yarmouth"	"Due Date"	"20.00"	"24.13"	"Non-Handicap"	"3"	"10"	"Hornby, Rob"	"Wallis, Charlie"	"6f "	"6"	"9"	"6"	"6"
"20:45:00"	"2025-06-26"	"Hamilton"	"Inanna (IRE)"	"3.50"	"5.62"	"Handicap"	"2"	"6"	"Mulrennan, Paul"	"Goldie, J S"	"6f "	"6"	"8"	"3"	"7"
"20:00:00"	"2025-06-26"	"Leicester"	"Level Up (IRE)"	"5.00"	"6.8"	"Handicap"	"1"	"7"	"Searle, Oliver"	"Evans, P D"	"5f "	"5"	"3"	"2"	"6"
"19:15:00"	"2025-06-26"	"Hamilton"	"Classy Al"	"14.00"	"19.31"	"Handicap"	"4"	"8"	"Young, Lauren"	"Goldie, J S"	"5f "	"3"	"5"	"5"	"7"
"19:00:00"	"2025-06-26"	"Leicester"	"Monsieur Fantaisie (IRE)"	"1.88"	"3.55"	"Handicap"	"1"	"8"	"Winn, Mark"	"Fell, R / Murray, S"	"7f "	"6"	"6"	"3"	"9"
"19:00:00"	"2025-06-26"	"Leicester"	"Petra Celera (IRE)"	"4.50"	"5.8"	"Handicap"	"2"	"8"	"Nicholls, Mr Jack"	"Fell, R / Murray, S"	"7f "	"6"	"10"	"1"	"7"
"19:00:00"	"2025-06-26"	"Leicester"	"Cooperation (IRE)"	"4.00"	"6"	"Handicap"	"4"	"8"	"Gale, Miss Elizabeth"	"Appleby, M"	"7f "	"6"	"6"	"5"	"9"
"18:45:00"	"2025-06-26"	"Hamilton"	"Pinpoint"	"14.00"	"20"	"Handicap Seller"	"1"	"6"	"Gray, S A"	"Whillans, Ewan"	"5f "	"6"	"5"	"6"	"9"
"16:45:00"	"2025-06-26"	"Newmarket (July)"	"Little Keilee (IRE)"	"1.38"	"2.72"	"Handicap"	"7"	"7"	"Sousa, Silvestre De"	"Owen, J P"	"1m "	"4"	"5"	"2"	"10"
"16:32:00"	"2025-06-26"	"Nottingham"	"Brazen Belle"	"40.00"	"53.3"	"Handicap"	"5"	"6"	"Scott, Rowan"	"Teague, C J"	"5f "	"6"	"8"	"UR"	"10"
"17:40:00"	"2025-06-25"	"Naas"	"My Girl Sioux (IRE)"	"6.50"	"9.8"	"Handicap"	"4"	"12"	"Foley, Shane"	"Slattery, Andrew"	"5f "	"0"	"5"	"4"	"11"
"15:55:00"	"2025-06-25"	"Salisbury"	"Noel Fox (IRE)"	"4.50"	"6.04"	"Handicap"	"3"	"5"	"Crouch, Hector"	"Beckett, R M"	"6f "	"3"	"10"	"2"	"9"
"14:55:00"	"2025-06-25"	"Salisbury"	"Street Life"	"8.00"	"11"	"Handicap"	"2"	"4"	"Cole, Morgan"	"Morris, Patrick"	"5f "	"4"	"9"	"2"	"9"
"17:25:00"	"2025-06-23"	"Chepstow"	"Darkened Edge"	"1.25"	"2.48"	"Handicap"	"1"	"6"	"Mangan, Gina"	"Mason, Christopher"	"5f "	"6"	"9"	"2"	"10"
"17:25:00"	"2025-06-23"	"Chepstow"	"Fishermans Cottage"	"5.50"	"7.6"	"Handicap"	"2"	"6"	"Carson, William"	"Saunders, M S"	"5f "	"6"	"9"	"3"	"10"
"17:25:00"	"2025-06-23"	"Chepstow"	"Were Reunited (IRE)"	"6.00"	"7.2"	"Handicap"	"3"	"6"	"McEntee, Grace"	"Blake, Michael"	"5f "	"6"	"7"	"2"	"7"
"17:25:00"	"2025-06-23"	"Chepstow"	"Coco Hill (IRE)"	"6.00"	"7.6"	"Handicap"	"6"	"6"	"Marsh, Finley"	"Wintle, A"	"5f "	"6"	"9"	"4"	"10"
"16:55:00"	"2025-06-23"	"Chepstow"	"Marisitta"	"6.50"	"9.22"	"Handicap"	"4"	"8"	"Carson, William"	"Oshea, J G M"	"7f "	"6"	"7"	"7"	"11"
"15:45:00"	"2025-06-23"	"Chepstow"	"All Ways Glamorous"	"1.88"	"3.23"	"Handicap"	"1"	"6"	"Mangan, Gina"	"Mason, Christopher"	"5f "	"5"	"10"	"8"	"11"
"20:25:00"	"2025-06-21"	"Lingfield"	"Werenotreallyhere"	"2.50"	"3.8"	"Non-Handicap"	"2"	"9"	"Watson, Jason"	"Steele, Daniel"	"7.5f "	"6"	"10"	"5"	"11"
"20:25:00"	"2025-06-21"	"Lingfield"	"Dizziwizzbang"	"100.00"	"290"	"Non-Handicap"	"8"	"9"	"Coughlan, Laura"	"Poulton, Camilla"	"7.5f "	"6"	"5"	"9"	"13"
"20:08:00"	"2025-06-21"	"Ayr"	"Woohoo (IRE)"	"1.50"	"2.61"	"Handicap"	"1"	"8"	"Mulrennan, Paul"	"Goldie, J S"	"6f "	"5"	"3"	"2"	"7"
"19:55:00"	"2025-06-21"	"Lingfield"	"Dark Sun"	"11.00"	"14.5"	"Handicap"	"2"	"6"	"Coughlan, Laura"	"Bennett, J A"	"7f "	"6"	"10"	"4"	"7"
"16:50:00"	"2025-06-21"	"Ayr"	"Classy Al"	"7.00"	"8.8"	"Handicap"	"5"	"7"	"Young, Lauren"	"Goldie, J S"	"5f "	"4"	"10"	"1"	"5"
"16:45:00"	"2025-06-21"	"Redcar"	"Barleybrown"	"18.00"	"30"	"Handicap"	"2"	"12"	"Mason, Joanna"	"Carr, Mrs R A"	"1m "	"6"	"9"	"7"	"8"
"16:45:00"	"2025-06-21"	"Redcar"	"Temper Trap"	"14.00"	"20.42"	"Handicap"	"10"	"12"	"Fentiman, Duran"	"Easterby, T D"	"1m "	"6"	"9"	"5"	"8"
"15:21:00"	"2025-06-21"	"Redcar"	"Spirit Of Applause"	"6.50"	"9.53"	"Handicap"	"3"	"8"	"Allan, David"	"Easterby, T D"	"5f "	"3"	"7"	"14"	"19"
"15:21:00"	"2025-06-21"	"Redcar"	"Call To Action (IRE)"	"33.00"	"40"	"Handicap"	"4"	"8"	"Mason, Joanna"	"Easterby, M W"	"5f "	"3"	"7"	"16"	"19"
"15:21:00"	"2025-06-21"	"Redcar"	"Zarzyni (IRE)"	"6.00"	"8.19"	"Handicap"	"8"	"8"	"Evans, Nathan"	"Barron, T D"	"5f "	"3"	"6"	"7"	"12"
"18:15:00"	"2025-06-20"	"Down Royal"	"Nouvel Espoir (IRE)"	"7.00"	"9.83"	"Handicap"	"7"	"11"	"Wallace, S A"	"Barcoe, James M"	"5f "	"0"	"7"	"1"	"15"
"18:15:00"	"2025-06-20"	"Down Royal"	"Eruption (IRE)"	"33.00"	"50"	"Handicap"	"8"	"11"	"Coakley, Ross"	"McConnell, John C"	"5f "	"0"	"9"	"11"	"15"
"17:10:00"	"2025-06-20"	"Down Royal"	"Emerald Harmony (IRE)"	"2.25"	"3.5"	"Handicap"	"4"	"5"	"McGettigan, P"	"Murtagh, J P"	"5f "	"0"	"7"	"4"	"15"
"14:15:00"	"2025-06-20"	"Redcar"	"Travis"	"11.00"	"16.5"	"Handicap"	"4"	"9"	"Allan, David"	"Harker, G A"	"7f "	"6"	"9"	"7"	"7"
"14:15:00"	"2025-06-20"	"Redcar"	"Rain Cap"	"6.50"	"7.43"	"Handicap"	"6"	"9"	"Winn, Mark"	"Riches, John"	"7f "	"6"	"10"	"4"	"9"
"17:10:00"	"2025-06-19"	"Ripon"	"Profiteer (IRE)"	"3.50"	"5.6"	"Handicap"	"6"	"12"	"Allan, David"	"Easterby, T D"	"6f "	"6"	"10"	"2"	"10"
"19:00:00"	"2025-06-18"	"Ripon"	"Storm Passage (IRE)"	"18.00"	"22.99"	"Maiden"	"4"	"8"	"Robinson, Ben"	"OMeara, D"	"6f "	"5"	"8"	"4"	"10"
"16:00:00"	"2025-06-18"	"Hamilton"	"Iris Dancer"	"2.50"	"3.78"	"Handicap"	"1"	"7"	"Mullen, Andrew"	"Davidson, Tristan"	"6f "	"5"	"7"	"1"	"7"
"16:00:00"	"2025-06-18"	"Hamilton"	"Havana Rum (IRE)"	"1.75"	"3.15"	"Handicap"	"2"	"7"	"McHugh, B"	"Fahey, R A"	"6f "	"5"	"7"	"2"	"7"
"15:23:00"	"2025-06-18"	"Hamilton"	"Never Dark"	"20.00"	"30"	"Handicap"	"7"	"7"	"Eaves, Tom"	"Jardine, I"	"5f "	"4"	"3"	"12"	"12"
"17:50:00"	"2025-06-17"	"Thirsk"	"Equity Law"	"1.75"	"3.01"	"Handicap"	"2"	"7"	"Allan, David"	"Easterby, T D"	"5f "	"5"	"10"	"5"	"14"
"19:30:00"	"2025-06-16"	"Windsor"	"Gunfighter (IRE)"	"40.00"	"70"	"Handicap"	"6"	"6"	"Callan, Mr Jack"	"Eddery, Robert"	"6f "	"3"	"8"	"4"	"6"
"17:05:00"	"2025-06-16"	"Chepstow"	"Beaming Light"	"0.73"	"1.92"	"Handicap"	"1"	"11"	"Kingscote, Richard"	"Loughnane, David"	"1m "	"6"	"4"	"1"	"9"
"17:05:00"	"2025-06-16"	"Chepstow"	"Alices Impact"	"10.00"	"20"	"Handicap"	"2"	"11"	"Williams, Jordan"	"Evans, P D"	"1m "	"6"	"9"	"4"	"8"
"17:05:00"	"2025-06-16"	"Chepstow"	"Scarfo (IRE)"	"66.00"	"130"	"Handicap"	"4"	"11"	"Keeley, Aidan"	"Llewellyn, B J"	"1m "	"6"	"9"	"5"	"8"
"17:05:00"	"2025-06-16"	"Chepstow"	"Marisitta"	"14.00"	"23.33"	"Handicap"	"7"	"11"	"Carson, William"	"Oshea, J G M"	"1m "	"6"	"9"	"2"	"8"
"16:30:00"	"2025-06-16"	"Chepstow"	"Redshore City (IRE)"	"8.00"	"9.84"	"Handicap"	"4"	"7"	"Williams, Jordan"	"Llewellyn, B J"	"6f "	"6"	"10"	"6"	"10"
"16:00:00"	"2025-06-16"	"Chepstow"	"Savannah Smiles (IRE)"	"4.00"	"5.2"	"Handicap"	"4"	"7"	"Hutchinson, Callum"	"Harris, Miss G"	"6f "	"5"	"9"	"3"	"8"
"14:45:00"	"2025-06-16"	"Carlisle"	"Stormy Pearl"	"16.00"	"25"	"Handicap"	"2"	"9"	"Elliott, Rhys"	"Thompson, D W"	"6f "	"6"	"10"	"11"	"12"
"14:45:00"	"2025-06-16"	"Carlisle"	"The Gay Blade"	"2.75"	"4.3"	"Handicap"	"5"	"9"	"Tabti, M"	"Jardine, I"	"6f "	"6"	"5"	"5"	"7"
"18:15:00"	"2025-06-15"	"Hamilton"	"Abduction (FR)"	"6.50"	"9.92"	"Handicap"	"1"	"14"	"Gray, S A"	"Goldie, J S"	"6f "	"4"	"8"	"4"	"9"
"18:15:00"	"2025-06-15"	"Hamilton"	"Sir Garfield (IRE)"	"4.00"	"6.4"	"Handicap"	"2"	"14"	"Hart, Jason"	"Quinn, J J"	"6f "	"4"	"10"	"1"	"12"
"18:15:00"	"2025-06-15"	"Hamilton"	"Sacred Falls (IRE)"	"7.00"	"9.61"	"Handicap"	"6"	"14"	"Mason, Joanna"	"Scott, Miss Katie"	"6f "	"4"	"1"	"15"	"19"
"18:15:00"	"2025-06-15"	"Hamilton"	"Cargin Bhui (IRE)"	"10.00"	"12"	"Handicap"	"7"	"14"	"Fanning, Joe"	"Barron, T D"	"6f "	"4"	"8"	"6"	"9"
"17:00:00"	"2025-06-15"	"Salisbury"	"Redredrobin"	"10.00"	"12.99"	"Handicap"	"5"	"9"	"Callan, Mr Jack"	"Saunders, M S"	"7f "	"4"	"8"	"2"	"8"
"19:20:00"	"2025-06-14"	"Leicester"	"Minnesota Lad (IRE)"	"4.00"	"5.2"	"Handicap"	"6"	"10"	"Nason, Jordan"	"Furtado, Ivan"	"6f "	"5"	"5"	"3"	"9"
"18:50:00"	"2025-06-14"	"Leicester"	"Shark Two One"	"2.25"	"3.64"	"Non-Handicap"	"1"	"8"	"Keenan, Darragh"	"Macey, Jessica"	"7f "	"6"	"7"	"2"	"10"
"18:50:00"	"2025-06-14"	"Leicester"	"Hinitsa Bay (IRE)"	"2.75"	"5.07"	"Non-Handicap"	"2"	"8"	"Breslin, Andrew"	"Williams, Ian"	"7f "	"6"	"2"	"6"	"8"
"18:50:00"	"2025-06-14"	"Leicester"	"Cammy (IRE)"	"22.00"	"36.17"	"Non-Handicap"	"5"	"8"	"Gunn, Molly"	"Carroll, A W"	"7f "	"6"	"8"	"5"	"10"
"17:20:00"	"2025-06-14"	"York"	"Kats Bob"	"18.00"	"24.57"	"Handicap"	"1"	"19"	"Pyle, William"	"Carr, Mrs R A"	"6f "	"4"	"8"	"6"	"9"
"17:20:00"	"2025-06-14"	"York"	"Emperor Caradoc (FR)"	"28.00"	"50.34"	"Handicap"	"8"	"19"	"Garritty, Billy"	"Midgley, P T"	"6f "	"4"	"10"	"9"	"12"
"17:20:00"	"2025-06-14"	"York"	"Sacred Falls (IRE)"	"16.00"	"24.32"	"Handicap"	"15"	"19"	"James, S H"	"Scott, Miss Katie"	"6f "	"4"	"10"	"4"	"12"
"19:09:00"	"2025-06-13"	"Cork"	"Nouvel Espoir (IRE)"	"7.50"	"10.5"	"Handicap"	"1"	"15"	"Wallace, S A"	"Barcoe, James M"	"5f "	"0"	"6"	"4"	"13"
"19:09:00"	"2025-06-13"	"Cork"	"Sturlasson (IRE)"	"5.50"	"8.97"	"Handicap"	"9"	"15"	"Hayes, C D"	"Cotter, Kieran P"	"5f "	"0"	"6"	"5"	"7"
"19:09:00"	"2025-06-13"	"Cork"	"Bold Optimist (IRE)"	"4.50"	"7.8"	"Handicap"	"12"	"15"	"Coen, Ben M"	"McLoughlin, Daniel"	"5f "	"0"	"6"	"6"	"7"
"17:08:00"	"2025-06-12"	"Nottingham"	"Golden Prosperity (IRE)"	"11.00"	"14.62"	"Non-Handicap"	"1"	"8"	"Breslin, Andrew"	"Coyle, Tony"	"6f "	"6"	"6"	"7"	"12"
"17:08:00"	"2025-06-12"	"Nottingham"	"Korroor (IRE)"	"1.88"	"3.46"	"Non-Handicap"	"3"	"8"	"Marshall, Tom Kiely"	"Camacho, Miss J A"	"6f "	"6"	"9"	"5"	"11"
"17:08:00"	"2025-06-12"	"Nottingham"	"Lynwood Lad"	"5.50"	"6.92"	"Non-Handicap"	"8"	"8"	"Queally, T P"	"Moore, Gary and Josh"	"6f "	"6"	"10"	"1"	"8"
"17:00:00"	"2025-06-12"	"Newbury"	"Kiss And Run"	"25.00"	"56.23"	"Handicap"	"2"	"17"	"Doyle, Hollie"	"Bridger, J / Cook, R"	"6f "	"4"	"9"	"4"	"5"
"17:00:00"	"2025-06-12"	"Newbury"	"Mesaafi"	"8.50"	"16.56"	"Handicap"	"9"	"17"	"Shepherd, Callum"	"Burdon, R"	"6f "	"4"	"7"	"1"	"8"
"16:12:00"	"2025-06-12"	"Yarmouth"	"Maid In Chelsea (IRE)"	"3.00"	"4.77"	"Handicap"	"5"	"6"	"Crowley, Jim"	"Jones, Jack"	"5f "	"5"	"7"	"4"	"8"
"15:02:00"	"2025-06-12"	"Yarmouth"	"Wrath Of Hector"	"1.75"	"2.97"	"Handicap"	"4"	"8"	"Dace, Jack"	"Macey, Jessica"	"6f "	"6"	"5"	"3"	"9"
"14:15:00"	"2025-06-12"	"Nottingham"	"Papa Dont Preach (IRE)"	"1.63"	"2.9"	"Handicap"	"2"	"8"	"Pyle, William"	"Frost, Kevin"	"5f "	"6"	"5"	"4"	"9"
"13:52:00"	"2025-06-12"	"Yarmouth"	"Eight Mile (IRE)"	"18.00"	"31.46"	"Handicap"	"4"	"8"	"Lyons, C R"	"Donovan, D"	"7f "	"6"	"3"	"7"	"10"
"20:30:00"	"2025-06-11"	"Hamilton"	"Iris Dancer"	"2.25"	"3.81"	"Handicap"	"1"	"7"	"Mullen, Andrew"	"Davidson, Tristan"	"6f "	"5"	"6"	"4"	"12"
"20:00:00"	"2025-06-11"	"Hamilton"	"Parisiac (IRE)"	"0.91"	"2"	"Handicap"	"3"	"5"	"Tabti, M"	"Jardine, I"	"5f "	"5"	"6"	"2"	"6"
"18:30:00"	"2025-06-11"	"Hamilton"	"Coconut Bay"	"1.50"	"2.72"	"Handicap"	"3"	"7"	"Milburn, Miss Amy"	"Davidson, Tristan"	"6f "	"6"	"1"	"1"	"9"
"17:45:00"	"2025-06-11"	"Yarmouth"	"Kessaar Power (IRE)"	"3.33"	"5.14"	"Non-Handicap"	"3"	"10"	"Egan, David"	"McEntee, P S"	"1m "	"6"	"9"	"6"	"7"
"17:45:00"	"2025-06-11"	"Yarmouth"	"Match Anthem (IRE)"	"16.00"	"22.98"	"Non-Handicap"	"4"	"10"	"Hogan, D E"	"Charalambous, P"	"1m "	"6"	"9"	"4"	"7"
"16:45:00"	"2025-06-11"	"Yarmouth"	"Signcastle City (IRE)"	"3.50"	"5.4"	"Handicap"	"6"	"7"	"Voikhansky, Alexander"	"Hannon (Jnr), Richard"	"1m "	"4"	"10"	"2"	"15"
"15:45:00"	"2025-06-11"	"Yarmouth"	"Court Of Session"	"7.00"	"9.78"	"Handicap"	"3"	"8"	"Loughnane, Mr Billy"	"McEntee, P S"	"6f "	"6"	"9"	"4"	"5"
"17:30:00"	"2025-06-09"	"Windsor"	"Sergeant Mayer (IRE)"	"4.00"	"6"	"Handicap"	"2"	"7"	"Jary, Alex"	"Tinkler, N"	"5f "	"5"	"10"	"2"	"10"
"17:30:00"	"2025-06-09"	"Windsor"	"Dapperling (IRE)"	"3.50"	"5.6"	"Handicap"	"3"	"7"	"Cameron, Tyrese"	"Hannon (Jnr), Richard"	"5f "	"5"	"3"	"1"	"10"
"17:30:00"	"2025-06-09"	"Windsor"	"Exquisement"	"66.00"	"100"	"Handicap"	"6"	"7"	"Jones, Ethan"	"Keady, Michael"	"5f "	"5"	"9"	"7"	"11"
"17:30:00"	"2025-06-09"	"Windsor"	"Secret Handsheikh"	"5.00"	"6.87"	"Handicap"	"7"	"7"	"Callan, Mr Jack"	"Gallagher, J"	"5f "	"5"	"10"	"5"	"7"
"13:50:00"	"2025-06-08"	"Goodwood"	"Fine Interview (FR)"	"1.20"	"2.3"	"Handicap"	"3"	"6"	"Doyle, James"	"Jehani, H Al"	"6f "	"3"	"8"	"8"	"16"
"20:10:00"	"2025-06-07"	"Lingfield"	"Blue Collar Lad"	"7.50"	"10.97"	"Handicap"	"1"	"12"	"Cameron, Tyrese"	"Steele, Daniel"	"7f "	"6"	"5"	"3"	"7"
"20:00:00"	"2025-06-07"	"Chepstow"	"Too Much Trevor"	"8.50"	"12.87"	"Handicap"	"7"	"9"	"Hitchcott, Sam"	"Harris, Miss G"	"1m "	"6"	"8"	"6"	"12"
"19:30:00"	"2025-06-07"	"Chepstow"	"Lhebayeb (GER)"	"1.88"	"2.78"	"Handicap"	"1"	"8"	"Bishop, Charles"	"Price, R J"	"1m "	"6"	"4"	"5"	"8"
"19:30:00"	"2025-06-07"	"Chepstow"	"Letter Of The Law (IRE)"	"3.00"	"4.85"	"Handicap"	"8"	"8"	"Mangan, Gina"	"Oshea, J G M"	"1m "	"6"	"5"	"7"	"7"
"19:07:00"	"2025-06-07"	"Lingfield"	"First Company (IRE)"	"3.33"	"4.6"	"Handicap"	"2"	"6"	"Peate, Jonny"	"Loughnane, Daniel Mark"	"6f "	"5"	"9"	"1"	"8"
"19:00:00"	"2025-06-07"	"Chepstow"	"Mums Tipple (IRE)"	"0.80"	"1.97"	"Handicap"	"7"	"8"	"Voikhansky, Alexander"	"Hannon (Jnr), Richard"	"7f "	"4"	"7"	"1"	"21"
"17:45:00"	"2025-06-07"	"Doncaster"	"Baldomero (IRE)"	"18.00"	"25.39"	"Handicap"	"1"	"14"	"Muscutt, D"	"Appleby, M"	"5f "	"3"	"7"	"12"	"16"
"17:30:00"	"2025-06-07"	"Chepstow"	"Moes Legacy"	"7.00"	"9.12"	"Handicap"	"4"	"8"	"Haynes, Joey"	"Harris, R A"	"5f "	"6"	"8"	"6"	"7"
"17:30:00"	"2025-06-07"	"Chepstow"	"Some Nightmare (IRE)"	"2.75"	"4.13"	"Handicap"	"5"	"8"	"Mangan, Gina"	"Oshea, J G M"	"5f "	"6"	"8"	"1"	"7"
"16:35:00"	"2025-06-07"	"Doncaster"	"Papa Dont Preach (IRE)"	"1.88"	"3.04"	"Handicap"	"4"	"9"	"Pyle, William"	"Frost, Kevin"	"6f "	"6"	"5"	"2"	"7"
"16:00:00"	"2025-06-07"	"Doncaster"	"Lady Bouquet"	"33.00"	"58.48"	"Handicap"	"7"	"10"	"Wilkie, Brandon"	"Kirby, P A"	"6f "	"6"	"10"	"7"	"12"
"15:15:00"	"2025-06-07"	"Navan"	"Step Back In Time (IRE)"	"8.50"	"12.5"	"Handicap"	"1"	"13"	"Cleary, R P"	"Timmons, C D"	"5f "	"0"	"1"	"6"	"18"
"15:15:00"	"2025-06-07"	"Navan"	"Whatswrongnow (IRE)"	"10.00"	"14.57"	"Handicap"	"2"	"13"	"Mulligan, R M"	"Burke, Batt"	"5f "	"0"	"9"	"9"	"18"
"15:15:00"	"2025-06-07"	"Navan"	"Nouvel Espoir (IRE)"	"7.50"	"10.5"	"Handicap"	"4"	"13"	"Wallace, S A"	"Barcoe, James M"	"5f "	"0"	"3"	"16"	"23"
"15:15:00"	"2025-06-07"	"Navan"	"Rappell (IRE)"	"7.00"	"11.31"	"Handicap"	"5"	"13"	"Sheridan, J M"	"Flynn, Paul W"	"5f "	"0"	"6"	"6"	"13"
"13:20:00"	"2025-06-07"	"Musselburgh"	"Ski Angel"	"6.00"	"8.6"	"Handicap"	"2"	"8"	"Waugh, Amie"	"Smith, R Michael"	"5f "	"6"	"8"	"3"	"10"
"19:15:00"	"2025-06-06"	"Doncaster"	"Mudamer (IRE)"	"3.00"	"4.88"	"Handicap"	"2"	"11"	"Stott, Kevin"	"Harker, G A"	"1m "	"4"	"6"	"11"	"21"
"18:34:00"	"2025-06-06"	"Goodwood"	"Cables Queen"	"7.00"	"11.27"	"Handicap"	"4"	"10"	"Paetel, Mason"	"Owen, J P"	"6f "	"5"	"7"	"3"	"8"
"18:34:00"	"2025-06-06"	"Goodwood"	"Ashford Hill"	"5.00"	"6.66"	"Handicap"	"5"	"10"	"Chalmers, Isobelle"	"Davis, D J S Ffrench"	"6f "	"5"	"7"	"4"	"12"
"15:40:00"	"2025-06-06"	"Thirsk"	"Annie Edson Taylor"	"8.50"	"11.82"	"Handicap"	"7"	"7"	"Nicholls, Mr Jack"	"Makin, Phillip"	"5f "	"5"	"8"	"5"	"8"
"15:00:00"	"2025-06-06"	"Thirsk"	"Canons House"	"1.00"	"2"	"Handicap"	"1"	"12"	"Garritty, Billy"	"Easterby, M W"	"6f "	"6"	"7"	"1"	"10"
"15:00:00"	"2025-06-06"	"Thirsk"	"Yazaman (IRE)"	"33.00"	"76.64"	"Handicap"	"12"	"12"	"Winn, Mark"	"Midgley, P T"	"6f "	"6"	"8"	"6"	"8"
"14:25:00"	"2025-06-06"	"Thirsk"	"Miss Rainbow (IRE)"	"5.00"	"7"	"Handicap"	"1"	"10"	"Hart, Jason"	"Waggott, Miss Tracy"	"5f "	"6"	"8"	"9"	"13"
"14:25:00"	"2025-06-06"	"Thirsk"	"Better (IRE)"	"14.00"	"18.73"	"Handicap"	"4"	"10"	"Winn, Mark"	"Midgley, P T"	"5f "	"6"	"8"	"12"	"13"
"14:25:00"	"2025-06-06"	"Thirsk"	"Fortunate Star (IRE)"	"4.50"	"7.69"	"Handicap"	"8"	"10"	"Wheatley, Zak"	"Carroll, D"	"5f "	"6"	"9"	"4"	"12"
"14:25:00"	"2025-06-06"	"Thirsk"	"Fumbleinthejungle"	"66.00"	"98.88"	"Handicap"	"10"	"10"	"Nicholls, Mr Jack"	"Riches, John"	"5f "	"6"	"8"	"11"	"13"
"16:43:00"	"2025-06-05"	"Hamilton"	"Sir Garfield (IRE)"	"2.00"	"3.6"	"Handicap"	"1"	"12"	"Hart, Jason"	"Quinn, J J"	"6f "	"5"	"7"	"2"	"8"
"16:43:00"	"2025-06-05"	"Hamilton"	"Jannas Journey (IRE)"	"80.00"	"180"	"Handicap"	"8"	"12"	"Waugh, Amie"	"Goldie, J S"	"6f "	"5"	"8"	"8"	"8"
"14:42:00"	"2025-06-05"	"Hamilton"	"Hurt You Never (IRE)"	"4.00"	"5.54"	"Handicap"	"1"	"6"	"Nicholls, Mr Jack"	"Nicholls, Adrian"	"5f "	"5"	"8"	"4"	"7"
"14:42:00"	"2025-06-05"	"Hamilton"	"Parisiac (IRE)"	"7.00"	"9.27"	"Handicap"	"2"	"6"	"Mullen, Andrew"	"Jardine, I"	"5f "	"5"	"8"	"1"	"7"
"14:42:00"	"2025-06-05"	"Hamilton"	"Willingly"	"11.00"	"14.38"	"Handicap"	"5"	"6"	"Marshall, Tom Kiely"	"Usher, M D I"	"5f "	"5"	"6"	"2"	"7"
"19:52:00"	"2025-06-04"	"Ripon"	"Hectic"	"7.50"	"10.13"	"Handicap"	"1"	"12"	"Garritty, Billy"	"Bailey, Liam"	"6f "	"5"	"4"	"4"	"20"
"19:52:00"	"2025-06-04"	"Ripon"	"Cash In"	"22.00"	"23.75"	"Handicap"	"7"	"12"	"Allan, David"	"Easterby, T D"	"6f "	"5"	"9"	"4"	"8"
"19:52:00"	"2025-06-04"	"Ripon"	"Mart"	"3.33"	"4.98"	"Handicap"	"12"	"12"	"Rodriguez, Callum"	"Cunha, Dylan"	"6f "	"5"	"4"	"1"	"5"
"15:22:00"	"2025-06-04"	"Nottingham"	"Monsieur Patat"	"2.50"	"4.14"	"Handicap"	"2"	"8"	"Marsh, Finley"	"Wintle, A"	"6f "	"6"	"9"	"1"	"12"
"15:47:00"	"2025-06-03"	"Leicester"	"Ifonlytheycudtalk (IRE)"	"14.00"	"18.54"	"Non-Handicap"	"8"	"11"	"Fentiman, Duran"	"Easterby, T D"	"5f "	"6"	"6"	"6"	"12"
"16:00:00"	"2025-06-01"	"Nottingham"	"Smooth Silesie (IRE)"	"12.00"	"17.29"	"Handicap"	"8"	"8"	"Edmunds, Lewis"	"Williamson, Mrs L"	"5f "	"4"	"10"	"5"	"7"
"15:25:00"	"2025-05-30"	"Chepstow"	"Joy Choi (IRE)"	"16.00"	"19.32"	"Handicap"	"3"	"7"	"Callan, Mr Jack"	"Saunders, M S"	"5f "	"5"	"7"	"8"	"8"
"14:45:00"	"2025-05-30"	"Carlisle"	"Classy Al"	"9.00"	"12.35"	"Handicap"	"5"	"10"	"Mulrennan, Paul"	"Goldie, J S"	"5f "	"6"	"9"	"5"	"6"
"19:20:00"	"2025-05-29"	"Carlisle"	"Water Of Leith (IRE)"	"2.75"	"4.39"	"Handicap"	"6"	"10"	"Mulrennan, Paul"	"Goldie, J S"	"5f "	"4"	"10"	"2"	"7"
"18:20:00"	"2025-05-29"	"Carlisle"	"Sir Garfield (IRE)"	"1.88"	"3.46"	"Handicap"	"2"	"8"	"Walker, Mr S"	"Quinn, J J"	"6f "	"5"	"8"	"2"	"13"
"17:50:00"	"2025-05-29"	"Carlisle"	"Four Adaay"	"7.00"	"8.82"	"Handicap"	"7"	"8"	"Millman, Mr P"	"Millman, B R"	"6f "	"5"	"2"	"8"	"10"
"16:45:00"	"2025-05-29"	"Yarmouth"	"Scarboroughwarning"	"3.50"	"5.34"	"Handicap"	"4"	"7"	"Morris, Luke"	"Prescott, Sir Mark"	"6f "	"4"	"8"	"3"	"9"
"14:10:00"	"2025-05-29"	"Yarmouth"	"Kessaar Power (IRE)"	"4.50"	"6.74"	"Handicap"	"2"	"10"	"Marquand, Tom"	"McEntee, P S"	"1m "	"6"	"7"	"4"	"11"
"14:10:00"	"2025-05-29"	"Yarmouth"	"Fast Flo"	"50.00"	"99.33"	"Handicap"	"8"	"10"	"Wilkie, Brandon"	"Dunnett, Mrs C A"	"1m "	"6"	"2"	"13"	"16"
"16:00:00"	"2025-05-28"	"Hamilton"	"Hurt You Never (IRE)"	"6.00"	"8.14"	"Handicap"	"4"	"7"	"Nicholls, Mr Jack"	"Nicholls, Adrian"	"5f "	"4"	"9"	"5"	"7"
"19:20:00"	"2025-05-27"	"Tipperary"	"My Girl Sioux (IRE)"	"4.00"	"5.9"	"Handicap"	"3"	"6"	"Slattery, A J"	"Slattery, Andrew"	"5f "	"0"	"7"	"5"	"15"
"19:20:00"	"2025-05-27"	"Tipperary"	"Emerald Harmony (IRE)"	"4.00"	"6.2"	"Handicap"	"6"	"6"	"McGettigan, P"	"Murtagh, J P"	"5f "	"0"	"10"	"7"	"9"
"17:25:00"	"2025-05-27"	"Redcar"	"Masterclass"	"6.00"	"8.72"	"Handicap"	"4"	"10"	"Bell, Miss Grace"	"Midgley, P T"	"6f "	"6"	"7"	"1"	"10"
"17:25:00"	"2025-05-27"	"Redcar"	"So Grateful"	"3.50"	"5.9"	"Handicap"	"9"	"10"	"Brotherton, Miss S"	"Easterby, M W"	"6f "	"6"	"10"	"1"	"13"
"17:10:00"	"2025-05-27"	"Leicester"	"Devasboy"	"2.50"	"4.26"	"Handicap"	"5"	"16"	"Muscutt, D"	"Appleby, M"	"7f "	"6"	"6"	"5"	"8"
"17:10:00"	"2025-05-26"	"Redcar"	"Archduke Ferdinand (IRE)"	"3.33"	"5.11"	"Handicap"	"1"	"8"	"Swift, Mr Dale"	"Spencer, Seb"	"6f "	"4"	"4"	"5"	"7"
"17:05:00"	"2025-05-26"	"Windsor"	"Maharajas Express"	"2.13"	"3.42"	"Handicap"	"2"	"9"	"Kingscote, Richard"	"Williams, Ian"	"5f "	"5"	"7"	"2"	"7"
"15:20:00"	"2025-05-26"	"Windsor"	"Alcazan"	"22.00"	"36.95"	"Handicap"	"7"	"10"	"Leavy, Mr Joe"	"Teal, R A"	"6f "	"3"	"3"	"11"	"13"
"14:50:00"	"2025-05-26"	"Redcar"	"Rain Cap"	"8.00"	"11"	"Handicap"	"2"	"11"	"Tindall, Ethan"	"Riches, John"	"7f "	"6"	"10"	"2"	"6"
"19:35:00"	"2025-05-24"	"Windsor"	"Tiger Tulip"	"33.00"	"49.07"	"Handicap"	"1"	"6"	"Bass, George"	"Main, Mrs H S"	"6f "	"4"	"5"	"12"	"12"
"17:20:00"	"2025-05-24"	"Salisbury"	"Eagle Day (IRE)"	"16.00"	"23"	"Handicap"	"3"	"8"	"Williams, Jordan"	"Evans, P D"	"1m "	"4"	"8"	"12"	"14"
"16:05:00"	"2025-05-24"	"Catterick"	"Match Play"	"4.00"	"5.7"	"Handicap"	"3"	"6"	"Nolan, D"	"Midgley, P T"	"5f "	"6"	"8"	"4"	"8"
"17:30:00"	"2025-05-23"	"Goodwood"	"Faustus"	"22.00"	"34"	"Handicap"	"13"	"13"	"Callan, Mr Jack"	"Bridger, J / Cook, R"	"5f "	"3"	"4"	"4"	"7"
"17:00:00"	"2025-05-22"	"Yarmouth"	"Visibility (IRE)"	"1.88"	"4.16"	"Handicap"	"1"	"8"	"Langley, Miss Taryn"	"Dixon, Scott"	"1m "	"6"	"5"	"3"	"12"
"17:00:00"	"2025-05-22"	"Yarmouth"	"Anglo Saxson (IRE)"	"3.50"	"5.36"	"Handicap"	"5"	"8"	"Shoemark, Kieran"	"Owens, Patrick"	"1m "	"6"	"8"	"2"	"9"
"17:00:00"	"2025-05-22"	"Yarmouth"	"Spring Festival"	"16.00"	"19.16"	"Handicap"	"6"	"8"	"Keenan, Darragh"	"OMeara, D"	"1m "	"6"	"4"	"5"	"10"
"17:00:00"	"2025-05-22"	"Yarmouth"	"Mickey Mongoose"	"3.50"	"5.24"	"Handicap"	"7"	"8"	"Loughnane, Mr Billy"	"Williams, Olly"	"1m "	"6"	"8"	"3"	"9"
"16:25:00"	"2025-05-22"	"Yarmouth"	"Shaw Park (IRE)"	"3.50"	"4.9"	"Handicap"	"3"	"8"	"Langley, Miss Taryn"	"Dixon, Scott"	"7f "	"5"	"8"	"1"	"8"
"16:25:00"	"2025-05-22"	"Yarmouth"	"Capital Guarantee (IRE)"	"1.50"	"2.81"	"Handicap"	"5"	"8"	"Horgan, C"	"OMeara, D"	"7f "	"5"	"5"	"1"	"12"
"15:47:00"	"2025-05-22"	"Haydock"	"Curious Rover (IRE)"	"4.00"	"5.31"	"Handicap"	"4"	"7"	"Hart, Jason"	"Scott, Miss Katie"	"5f "	"3"	"5"	"2"	"9"
"17:35:00"	"2025-05-21"	"Chepstow"	"Diamond Cottage"	"4.00"	"6.25"	"Handicap"	"1"	"9"	"Mangan, Gina"	"Saunders, M S"	"6f "	"6"	"8"	"8"	"14"
"17:35:00"	"2025-05-21"	"Chepstow"	"Savannah Smiles (IRE)"	"3.50"	"5.5"	"Handicap"	"3"	"9"	"Ryan, Rossa"	"Harris, Miss G"	"6f "	"6"	"8"	"2"	"8"
"17:35:00"	"2025-05-21"	"Chepstow"	"Vape"	"2.25"	"3.5"	"Handicap"	"6"	"9"	"Murphy, Oisin"	"Flint, J L"	"6f "	"6"	"8"	"4"	"13"
"17:00:00"	"2025-05-21"	"Chepstow"	"Marsh Benham (IRE)"	"7.00"	"10.16"	"Handicap"	"6"	"8"	"Callan, Mr Jack"	"Baker, George"	"7f "	"5"	"5"	"1"	"13"
"17:00:00"	"2025-05-21"	"Chepstow"	"Cooperation (IRE)"	"2.75"	"4.4"	"Handicap"	"7"	"8"	"Larson, Frederick"	"Appleby, M"	"7f "	"5"	"5"	"1"	"8"
"15:55:00"	"2025-05-21"	"Chepstow"	"Jacquelina (IRE)"	"2.50"	"3.63"	"Handicap"	"3"	"6"	"McEntee, Grace"	"McEntee, P S"	"5f "	"4"	"3"	"5"	"9"
"15:00:00"	"2025-05-21"	"Ayr"	"Woohoo (IRE)"	"1.10"	"2.15"	"Handicap"	"1"	"9"	"Young, Lauren"	"Goldie, J S"	"6f "	"6"	"5"	"1"	"8"
"15:00:00"	"2025-05-21"	"Ayr"	"Thunderstorm Katie"	"22.00"	"36"	"Handicap"	"5"	"9"	"Waugh, Amie"	"Goldie, J S"	"6f "	"6"	"5"	"4"	"6"
"19:20:00"	"2025-05-20"	"Cork"	"Bucaneers Spirit (IRE)"	"2.75"	"4.07"	"Handicap"	"4"	"6"	"Ryan, J J G"	"Davison, Jack W"	"7f "	"0"	"8"	"11"	"14"
"18:20:00"	"2025-05-20"	"Cork"	"Nezeeh (IRE)"	"8.00"	"11.8"	"Handicap"	"1"	"15"	"Sheridan, J M"	"Hogan, Denis Gerard"	"5f "	"0"	"8"	"9"	"15"
"18:20:00"	"2025-05-20"	"Cork"	"Whatswrongnow (IRE)"	"14.00"	"22.11"	"Handicap"	"3"	"15"	"Browne-Souza, A"	"Burke, Batt"	"5f "	"0"	"3"	"10"	"19"
"18:20:00"	"2025-05-20"	"Cork"	"My Girl Sioux (IRE)"	"3.00"	"5.03"	"Handicap"	"5"	"15"	"Slattery, A J"	"Slattery, Andrew"	"5f "	"0"	"3"	"2"	"19"
"18:20:00"	"2025-05-20"	"Cork"	"Dark Enigma"	"50.00"	"90.3"	"Handicap"	"13"	"15"	"Heffernan, J A"	"Murray, J G"	"5f "	"0"	"10"	"18"	"20"
"15:40:00"	"2025-05-20"	"Lingfield"	"Urban Sprawl"	"1.10"	"2.21"	"Handicap"	"1"	"4"	"Shepherd, Callum"	"Johnston, Charlie"	"7.5f "	"4"	"5"	"4"	"14"
"15:02:00"	"2025-05-20"	"Nottingham"	"Jamie Bond"	"6.00"	"7.38"	"Handicap"	"5"	"10"	"Shaw, Harrison"	"Smart, B"	"5f "	"6"	"8"	"11"	"15"
"15:02:00"	"2025-05-20"	"Nottingham"	"Stroxx (IRE)"	"8.50"	"12"	"Handicap"	"6"	"10"	"Horgan, C"	"Bailey, Liam"	"5f "	"6"	"8"	"2"	"15"
"15:02:00"	"2025-05-20"	"Nottingham"	"Antiphon (IRE)"	"3.33"	"4.9"	"Handicap"	"8"	"10"	"Marquand, Tom"	"Keady, Michael"	"5f "	"6"	"10"	"10"	"14"
"17:20:00"	"2025-05-19"	"Windsor"	"Maharajas Express"	"5.50"	"7.28"	"Handicap"	"2"	"7"	"Marquand, Tom"	"Williams, Ian"	"5f "	"5"	"9"	"9"	"14"
"17:20:00"	"2025-05-19"	"Windsor"	"The Coffee Pod (IRE)"	"4.00"	"5.58"	"Handicap"	"3"	"7"	"Levey, S M"	"Hannon (Jnr), Richard"	"5f "	"5"	"10"	"6"	"8"
"16:45:00"	"2025-05-19"	"Redcar"	"Profiteer (IRE)"	"5.00"	"6.31"	"Handicap"	"4"	"8"	"Kirrane, Sean"	"Easterby, T D"	"6f "	"5"	"10"	"5"	"8"
"16:15:00"	"2025-05-19"	"Redcar"	"One More Dream"	"2.25"	"3.52"	"Handicap"	"6"	"9"	"Wilkie, Brandon"	"Quinn, J J"	"6f "	"5"	"7"	"2"	"10"
"15:30:00"	"2025-05-19"	"Carlisle"	"True Promise"	"9.00"	"11.8"	"Handicap"	"10"	"10"	"Stott, Kevin"	"Ryan, K A"	"6f "	"4"	"10"	"3"	"10"
"15:00:00"	"2025-05-19"	"Carlisle"	"Water Of Leith (IRE)"	"2.25"	"3.8"	"Handicap"	"2"	"7"	"Mulrennan, Paul"	"Goldie, J S"	"5f "	"5"	"7"	"1"	"10"
"16:45:00"	"2025-05-18"	"Newmarket (Rowley)"	"Yaaser (IRE)"	"2.75"	"3.96"	"Handicap"	"4"	"13"	"Mulrennan, Paul"	"Goldie, J S"	"7f "	"4"	"2"	"6"	"22"
"16:45:00"	"2025-05-18"	"Newmarket (Rowley)"	"Kit Gabriel (IRE)"	"14.00"	"21.69"	"Handicap"	"9"	"13"	"Swift, Mr Dale"	"Spencer, Seb"	"7f "	"4"	"8"	"2"	"7"
"16:15:00"	"2025-05-18"	"Newmarket (Rowley)"	"Spirit Of Applause"	"7.00"	"9.27"	"Handicap"	"3"	"9"	"Kirrane, Sean"	"Easterby, T D"	"5f "	"4"	"8"	"2"	"7"
"16:15:00"	"2025-05-18"	"Newmarket (Rowley)"	"Reigning Profit (IRE)"	"3.33"	"4.93"	"Handicap"	"8"	"9"	"Sullivan, James P"	"Carr, Mrs R A"	"5f "	"4"	"9"	"1"	"8"
"14:10:00"	"2025-05-18"	"Ripon"	"Canaria Queen"	"8.50"	"10.84"	"Handicap"	"5"	"7"	"Dickson, Mr Jake"	"Easterby, T D"	"5f "	"6"	"6"	"3"	"15"
"17:40:00"	"2025-05-17"	"Thirsk"	"Heroism (IRE)"	"18.00"	"32"	"Handicap"	"13"	"13"	"Beasley, Connor"	"Barron, T D"	"6f "	"6"	"7"	"13"	"14"
"16:35:00"	"2025-05-17"	"Newmarket (Rowley)"	"Rebel Path (FR)"	"14.00"	"20"	"Handicap"	"1"	"9"	"Haines, Olivia"	"Williams, S C"	"6f "	"4"	"7"	"5"	"12"
"16:35:00"	"2025-05-17"	"Newmarket (Rowley)"	"Northcliff (IRE)"	"3.33"	"5.4"	"Handicap"	"6"	"9"	"Catton, Luke"	"Faulkner, T"	"6f "	"4"	"7"	"1"	"12"
"14:45:00"	"2025-05-17"	"Thirsk"	"Burning Cash (IRE)"	"6.50"	"7.92"	"Handicap"	"5"	"9"	"Winn, Mark"	"Midgley, P T"	"5f "	"4"	"7"	"7"	"7"
"14:05:00"	"2025-05-17"	"Navan"	"My Girl Sioux (IRE)"	"5.50"	"8.4"	"Handicap"	"2"	"19"	"Dalton, J S"	"Slattery, Andrew"	"6f "	"0"	"7"	"3"	"20"
"14:05:00"	"2025-05-17"	"Navan"	"Zaragoza (IRE)"	"8.00"	"11.81"	"Handicap"	"3"	"19"	"Ryan, J J G"	"Weld, D K"	"6f "	"0"	"7"	"12"	"20"
"14:05:00"	"2025-05-17"	"Navan"	"Shes Smart (IRE)"	"10.00"	"14.5"	"Handicap"	"15"	"19"	"Coen, S"	"McGuinness, Adrian"	"6f "	"0"	"7"	"13"	"20"
"14:05:00"	"2025-05-17"	"Navan"	"Platino Bianco (IRE)"	"40.00"	"69.38"	"Handicap"	"16"	"19"	"Malone, M L"	"Timmons, C D"	"6f "	"0"	"7"	"14"	"20"
"13:05:00"	"2025-05-17"	"Newmarket (Rowley)"	"Dark Tornado (IRE)"	"16.00"	"21"	"Handicap"	"1"	"8"	"Egan, John"	"Quinn, Denis P"	"7f "	"3"	"7"	"1"	"7"
"13:05:00"	"2025-05-17"	"Newmarket (Rowley)"	"Persuasion (IRE)"	"14.00"	"18.57"	"Handicap"	"7"	"8"	"Catton, Luke"	"Barron, T D"	"7f "	"3"	"8"	"8"	"14"
"17:35:00"	"2025-05-16"	"Hamilton"	"Woohoo (IRE)"	"3.33"	"4.6"	"Handicap"	"1"	"8"	"Young, Lauren"	"Goldie, J S"	"5f "	"6"	"4"	"5"	"15"
"13:55:00"	"2025-05-16"	"Newbury"	"Windsor Pass (IRE)"	"5.50"	"7.29"	"Handicap"	"4"	"13"	"Farmer, Shay"	"Butler, John"	"1m "	"5"	"8"	"3"	"11"
"16:42:00"	"2025-05-14"	"Yarmouth"	"Anglo Saxson (IRE)"	"3.50"	"4.93"	"Handicap"	"2"	"9"	"Doyle, Hollie"	"Owens, Patrick"	"1m "	"6"	"9"	"6"	"10"
"15:50:00"	"2025-05-13"	"Chepstow"	"Diamond Cottage"	"8.50"	"10.99"	"Handicap"	"8"	"14"	"Bennett, Charlie"	"Saunders, M S"	"7f "	"6"	"9"	"2"	"8"
"15:50:00"	"2025-05-13"	"Chepstow"	"Olympic Quest"	"28.00"	"34.71"	"Handicap"	"12"	"14"	"Hornby, Rob"	"Ponting, J"	"7f "	"6"	"8"	"7"	"10"
"15:50:00"	"2025-05-13"	"Chepstow"	"Expecto (IRE)"	"80.00"	"210"	"Handicap"	"13"	"14"	"Hutchinson, Callum"	"Harris, Miss G"	"7f "	"6"	"8"	"9"	"10"
"15:20:00"	"2025-05-13"	"Chepstow"	"Outrace (IRE)"	"18.00"	"27.19"	"Handicap"	"UR"	"11"	"Cameron, Tyrese"	"Hannon (Jnr), Richard"	"1m "	"6"	"8"	"3"	"10"
"15:12:00"	"2025-05-13"	"Beverley"	"Keldeo"	"7.50"	"9"	"Handicap"	"3"	"9"	"Hardie, Cameron"	"Pears, Ollie"	"5f "	"5"	"8"	"4"	"13"
"14:20:00"	"2025-05-13"	"Chepstow"	"Fishermans Cottage"	"7.50"	"9.4"	"Handicap"	"5"	"8"	"Bennett, Charlie"	"Saunders, M S"	"5f "	"6"	"9"	"1"	"8"
"14:20:00"	"2025-05-13"	"Chepstow"	"Professor Tickle"	"22.00"	"40"	"Handicap"	"7"	"8"	"Carson, William"	"Attwater, M J"	"5f "	"6"	"8"	"5"	"8"
"19:00:00"	"2025-05-10"	"Leicester"	"Exquisement"	"150.00"	"344.29"	"Handicap"	"10"	"10"	"Keenan, Darragh"	"Keady, Michael"	"7f "	"5"	"9"	"6"	"6"
"17:00:00"	"2025-05-10"	"Ascot"	"Northcliff (IRE)"	"9.00"	"13.89"	"Handicap"	"1"	"12"	"Catton, Luke"	"Faulkner, T"	"6f "	"4"	"10"	"1"	"7"
"17:00:00"	"2025-05-10"	"Ascot"	"Rebel Path (FR)"	"9.00"	"15"	"Handicap"	"5"	"12"	"Ryan, Rossa"	"Williams, S C"	"6f "	"4"	"9"	"4"	"6"
"16:45:00"	"2025-05-10"	"Lingfield"	"Protest Rally (IRE)"	"4.50"	"7.1"	"Handicap"	"4"	"14"	"Watson, Jason"	"Bailey, Liam"	"5f "	"5"	"8"	"1"	"9"
"15:10:00"	"2025-05-10"	"Naas"	"Prime Sign (IRE)"	"2.00"	"3.29"	"Handicap"	"6"	"13"	"Lee, W J"	"Oliver, Andrew"	"6f "	"0"	"5"	"1"	"27"
"14:00:00"	"2025-05-10"	"Naas"	"Inishmot Prince (IRE)"	"16.00"	"20.67"	"Handicap"	"11"	"20"	"Ryan, J J G"	"McCourt, T G"	"5f "	"0"	"5"	"17"	"27"
"14:00:00"	"2025-05-10"	"Naas"	"Shes Smart (IRE)"	"9.00"	"13.3"	"Handicap"	"13"	"20"	"Caffrey, Adam"	"McGuinness, Adrian"	"5f "	"0"	"5"	"18"	"27"
"14:00:00"	"2025-05-10"	"Naas"	"Dark Enigma"	"33.00"	"65.94"	"Handicap"	"18"	"20"	"Joyce, Wesley"	"Murray, J G"	"5f "	"0"	"6"	"10"	"14"
"19:30:00"	"2025-05-09"	"Ripon"	"Mister Sox"	"2.00"	"3.24"	"Handicap"	"1"	"10"	"Kirrane, Sean"	"Easterby, T D"	"6f "	"4"	"9"	"1"	"7"
"19:30:00"	"2025-05-09"	"Ripon"	"Wreck It Ryley (IRE)"	"6.00"	"8.81"	"Handicap"	"4"	"10"	"Swift, Mr Dale"	"Brown, A D"	"6f "	"4"	"9"	"5"	"7"
"18:55:00"	"2025-05-09"	"Ripon"	"Reigning Profit (IRE)"	"1.88"	"3.23"	"Handicap"	"1"	"8"	"Sullivan, James P"	"Carr, Mrs R A"	"5f "	"5"	"9"	"1"	"9"
"17:15:00"	"2025-05-09"	"Nottingham"	"Rebel Star"	"4.00"	"4.7"	"Handicap"	"3"	"7"	"Downing, George"	"Cowell, R M H"	"5f "	"6"	"10"	"3"	"6"
"17:15:00"	"2025-05-09"	"Nottingham"	"Stormy Pearl"	"3.33"	"4.53"	"Handicap"	"5"	"7"	"Hogan, D E"	"Thompson, D W"	"5f "	"6"	"8"	"3"	"9"
"17:20:00"	"2025-05-05"	"Curragh"	"Velvet Skies (IRE)"	"7.00"	"10.66"	"Handicap"	"2"	"27"	"Casey, T"	"Mulvany, Michael"	"6f "	"0"	"9"	"3"	"20"
"17:20:00"	"2025-05-05"	"Curragh"	"An Laochmor (IRE)"	"16.00"	"20.02"	"Handicap"	"4"	"27"	"McDonogh, D P"	"Coogan, J G"	"6f "	"0"	"9"	"4"	"20"
"17:20:00"	"2025-05-05"	"Curragh"	"Martinelli (IRE)"	"9.00"	"16"	"Handicap"	"14"	"27"	"Keane, C T"	"Cotter, Kieran P"	"6f "	"0"	"10"	"2"	"12"
"17:20:00"	"2025-05-05"	"Curragh"	"Inishmot Prince (IRE)"	"33.00"	"60"	"Handicap"	"17"	"27"	"Ryan, J J G"	"McCourt, T G"	"6f "	"0"	"9"	"14"	"20"
"17:20:00"	"2025-05-05"	"Curragh"	"Shes Smart (IRE)"	"14.00"	"22.83"	"Handicap"	"18"	"27"	"Whearty, R"	"McGuinness, Adrian"	"6f "	"0"	"9"	"2"	"20"
"17:20:00"	"2025-05-05"	"Curragh"	"Mary Shoelaces (IRE)"	"28.00"	"40"	"Handicap"	"21"	"27"	"Egan, Ms A"	"Harty, Edward and Patrick"	"6f "	"0"	"9"	"7"	"20"
"17:20:00"	"2025-05-05"	"Curragh"	"Green Valentine (IRE)"	"28.00"	"60"	"Handicap"	"22"	"27"	"Burns, Ms N"	"Coleman, Kevin"	"6f "	"0"	"9"	"13"	"20"
"16:50:00"	"2025-05-05"	"Windsor"	"Havana Pusey"	"1.10"	"2.09"	"Handicap"	"1"	"5"	"Carson, William"	"Gallagher, J"	"6f "	"4"	"9"	"10"	"11"
"16:50:00"	"2025-05-05"	"Windsor"	"Spring Bloom"	"3.50"	"5.24"	"Handicap"	"5"	"5"	"Paetel, Mason"	"Eddery, Robert"	"6f "	"4"	"3"	"2"	"7"
"16:40:00"	"2025-05-05"	"Beverley"	"Glory Hyde (IRE)"	"8.00"	"10.5"	"Handicap"	"8"	"13"	"Scott, Rowan"	"Fell, R / Murray, S"	"5f "	"4"	"8"	"3"	"10"
"14:30:00"	"2025-05-04"	"Salisbury"	"Lil Guff"	"2.25"	"3.56"	"Handicap"	"2"	"5"	"Carson, William"	"Kubler, Daniel"	"5f "	"4"	"7"	"5"	"13"
"13:25:00"	"2025-05-04"	"Hamilton"	"Newyorkstateofmind"	"2.75"	"4.3"	"Handicap"	"2"	"4"	"Hart, Jason"	"Carr, Mrs R A"	"5f "	"6"	"8"	"9"	"11"
"18:50:00"	"2025-05-03"	"Doncaster"	"Danzart (IRE)"	"4.50"	"6.34"	"Handicap"	"4"	"8"	"Wheatley, Zak"	"Barclay, Stella"	"6f "	"5"	"8"	"1"	"11"
"17:50:00"	"2025-05-03"	"Newmarket (Rowley)"	"Longhaired General (IRE)"	"14.00"	"19.54"	"Handicap"	"10"	"14"	"Mason, Joanna"	"Lidster, Craig"	"1m "	"3"	"3"	"5"	"10"
"16:55:00"	"2025-05-03"	"Thirsk"	"Muker (IRE)"	"22.00"	"33.26"	"Handicap"	"1"	"13"	"Jary, Alex"	"Tinkler, N"	"5f "	"3"	"6"	"11"	"13"
"16:55:00"	"2025-05-03"	"Thirsk"	"Alligator Alley"	"6.00"	"7.4"	"Handicap"	"8"	"13"	"Hardie, Cameron"	"Carr, Mrs R A"	"5f "	"3"	"6"	"3"	"13"
"16:55:00"	"2025-05-03"	"Thirsk"	"Lethal Nymph"	"3.00"	"4.4"	"Handicap"	"12"	"13"	"Orr, Oisin"	"Midgley, P T"	"5f "	"3"	"3"	"2"	"9"
"16:23:00"	"2025-05-03"	"Thirsk"	"Bay Breeze"	"9.00"	"13"	"Handicap"	"4"	"10"	"Elliott, Rhys"	"Easterby, T D"	"6f "	"4"	"7"	"5"	"10"
"16:23:00"	"2025-05-03"	"Thirsk"	"Havana Rum (IRE)"	"18.00"	"23.09"	"Handicap"	"8"	"10"	"Tindall, Ethan"	"Fahey, R A"	"6f "	"4"	"7"	"8"	"10"
"16:45:00"	"2025-05-02"	"Newmarket (Rowley)"	"Rhythmic Acclaim (IRE)"	"6.00"	"8.4"	"Handicap"	"5"	"8"	"Ghiani, Marco"	"McBride, P J"	"6f "	"3"	"6"	"2"	"8"
"14:10:00"	"2025-05-02"	"Musselburgh"	"Protest Rally (IRE)"	"8.00"	"10.5"	"Handicap"	"1"	"9"	"Horgan, C"	"Bailey, Liam"	"5f "	"4"	"9"	"5"	"9"
"14:10:00"	"2025-05-02"	"Musselburgh"	"One Night Stand"	"22.00"	"26.95"	"Handicap"	"6"	"9"	"Eaves, Tom"	"Dixon, Scott"	"5f "	"4"	"10"	"6"	"11"
"17:50:00"	"2025-05-01"	"Ayr"	"Dwindling Funds"	"250.00"	"756.37"	"Maiden"	"4"	"8"	"Waugh, Amie"	"Goldie, J S"	"6f "	"5"	"3"	"13"	"14"
"16:00:00"	"2025-05-01"	"Redcar"	"Birdie Bowers (IRE)"	"80.00"	"93.52"	"Handicap"	"4"	"9"	"Wheatley, Zak"	"Thompson, D W"	"5f "	"6"	"10"	"9"	"9"
"16:00:00"	"2025-05-01"	"Redcar"	"Jamies Choice"	"4.50"	"7.09"	"Handicap"	"5"	"9"	"Morris, Luke"	"Waggott, Miss Tracy"	"5f "	"6"	"8"	"13"	"13"
"16:00:00"	"2025-05-01"	"Redcar"	"Dunnington Lad (IRE)"	"14.00"	"17.5"	"Handicap"	"6"	"9"	"Jones, Ethan"	"Winks, P"	"5f "	"6"	"10"	"7"	"10"
"16:00:00"	"2025-05-01"	"Redcar"	"Lets Go Hugo (IRE)"	"5.50"	"8.4"	"Handicap"	"7"	"9"	"Russell, Harry"	"Pears, Ollie"	"5f "	"6"	"8"	"4"	"13"
"15:25:00"	"2025-05-01"	"Redcar"	"Lady Of The Garr (IRE)"	"4.00"	"5.83"	"Handicap"	"7"	"10"	"Morris, Luke"	"Waggott, Miss Tracy"	"5f "	"6"	"10"	"2"	"9"
"20:05:00"	"2025-04-28"	"Windsor"	"Secret Handsheikh"	"12.00"	"26"	"Handicap"	"2"	"11"	"Callan, N"	"Gallagher, J"	"5f "	"5"	"10"	"9"	"12"
"20:05:00"	"2025-04-28"	"Windsor"	"Antiphon (IRE)"	"2.25"	"3.58"	"Handicap"	"5"	"11"	"Marquand, Tom"	"Keady, Michael"	"5f "	"5"	"10"	"11"	"15"
"20:05:00"	"2025-04-28"	"Windsor"	"Harry Brown"	"8.50"	"13.38"	"Handicap"	"6"	"11"	"Queally, T P"	"Crate, Peter"	"5f "	"5"	"5"	"1"	"9"
"14:00:00"	"2025-04-28"	"Ayr"	"Inanna (IRE)"	"3.50"	"5.17"	"Handicap"	"6"	"9"	"Waugh, Amie"	"Goldie, J S"	"6f "	"6"	"6"	"3"	"9"
"19:30:00"	"2025-04-26"	"Doncaster"	"Our Absent Friends (IRE)"	"3.00"	"4.61"	"Handicap"	"4"	"11"	"Crowley, Jim"	"Davidson, Tristan"	"5f "	"5"	"7"	"4"	"12"
"18:25:00"	"2025-04-26"	"Doncaster"	"Smart Vision"	"5.00"	"7.3"	"Handicap"	"3"	"11"	"Edmunds, Lewis"	"Macey, Jessica"	"6f "	"3"	"10"	"4"	"9"
"16:40:00"	"2025-04-26"	"Doncaster"	"Embarked (IRE)"	"3.50"	"5.19"	"Handicap"	"3"	"7"	"Crowley, Jim"	"Dixon, Scott"	"1m "	"6"	"5"	"4"	"12"
"16:40:00"	"2025-04-26"	"Doncaster"	"Berkshire Phantom (IRE)"	"3.33"	"4.98"	"Handicap"	"5"	"7"	"McSweeney, O"	"Mcsharry, Fionn"	"1m "	"6"	"1"	"8"	"11"
"16:20:00"	"2025-04-26"	"Leicester"	"Havana Rum (IRE)"	"14.00"	"21"	"Handicap"	"8"	"10"	"Tindall, Ethan"	"Fahey, R A"	"6f "	"4"	"10"	"9"	"9"
"16:20:00"	"2025-04-22"	"Thirsk"	"Lord Abama (IRE)"	"4.00"	"5.94"	"Handicap"	"2"	"9"	"Elliott, Rhys"	"Dods, M"	"6f "	"5"	"10"	"5"	"9"
"16:15:00"	"2025-04-21"	"Redcar"	"Rhythm Master (IRE)"	"2.50"	"3.93"	"Handicap"	"2"	"8"	"James, S H"	"Harker, G A"	"1m "	"3"	"9"	"2"	"13"
"14:30:00"	"2025-04-21"	"Redcar"	"Fast Flo"	"9.00"	"13.49"	"Handicap"	"8"	"10"	"Callan, Mr Jack"	"Dunnett, Mrs C A"	"6f "	"6"	"9"	"6"	"12"
"17:17:00"	"2025-04-19"	"Musselburgh"	"Zarzyni (IRE)"	"3.50"	"5.63"	"Handicap"	"1"	"12"	"Beasley, Connor"	"Barron, T D"	"5f "	"4"	"6"	"3"	"14"
"17:17:00"	"2025-04-19"	"Musselburgh"	"Eternal Sunshine"	"12.00"	"14.05"	"Handicap"	"3"	"12"	"Mulrennan, Paul"	"Goldie, J S"	"5f "	"4"	"6"	"9"	"14"
"17:17:00"	"2025-04-19"	"Musselburgh"	"Water Of Leith (IRE)"	"20.00"	"26.97"	"Handicap"	"6"	"12"	"Waugh, Amie"	"Goldie, J S"	"5f "	"4"	"6"	"4"	"14"
"17:17:00"	"2025-04-19"	"Musselburgh"	"Classy Al"	"33.00"	"42.57"	"Handicap"	"11"	"12"	"Elliott, Rhys"	"Goldie, J S"	"5f "	"4"	"6"	"13"	"14"
"19:40:00"	"2025-04-12"	"Thirsk"	"Tough At The Top (IRE)"	"25.00"	"35.14"	"Handicap"	"8"	"17"	"Allan, David"	"Easterby, T D"	"6f "	"6"	"8"	"8"	"9"
"19:40:00"	"2025-04-12"	"Thirsk"	"Arlington"	"16.00"	"26"	"Handicap"	"13"	"17"	"Breslin, Andrew"	"Smart, B"	"6f "	"6"	"8"	"4"	"9"
"19:40:00"	"2025-04-12"	"Thirsk"	"Carmarthen"	"40.00"	"96.52"	"Handicap"	"17"	"17"	"Mulrennan, Paul"	"Perratt, Miss L A"	"6f "	"6"	"10"	"10"	"10"
"17:10:00"	"2025-04-12"	"Curragh"	"Rathbranchurch (IRE)"	"5.50"	"6.8"	"Handicap"	"2"	"15"	"Joyce, Wesley"	"Mulvany, Michael"	"6f "	"0"	"7"	"6"	"11"
"17:10:00"	"2025-04-12"	"Curragh"	"Mount Ruapehu (IRE)"	"14.00"	"23.92"	"Handicap"	"10"	"15"	"Harnett, J E"	"Fahey, Mark"	"6f "	"0"	"7"	"9"	"12"
"17:10:00"	"2025-04-12"	"Curragh"	"Dark Willow (IRE)"	"80.00"	"158.27"	"Handicap"	"12"	"15"	"Cleary, R P"	"Whelehan, Mrs Mary"	"6f "	"0"	"4"	"8"	"9"
"16:05:00"	"2025-04-12"	"Nottingham"	"Sergeant Mayer (IRE)"	"4.00"	"5.8"	"Handicap"	"2"	"7"	"Jary, Alex"	"Tinkler, N"	"5f "	"6"	"10"	"3"	"10"
"14:50:00"	"2025-04-12"	"Curragh"	"Cuban Grey"	"4.00"	"5.39"	"Handicap"	"1"	"10"	"Mulligan, R M"	"McKenna, P J"	"5f "	"0"	"7"	"2"	"11"
"14:50:00"	"2025-04-12"	"Curragh"	"Emerald Harmony (IRE)"	"7.00"	"10.5"	"Handicap"	"4"	"10"	"McGettigan, P"	"Murtagh, J P"	"5f "	"0"	"7"	"1"	"11"
"14:50:00"	"2025-04-12"	"Curragh"	"Gutsy Girl"	"1.75"	"3.17"	"Handicap"	"6"	"10"	"McMonagle, Dylan B"	"OBrien, Joseph Patrick"	"5f "	"0"	"6"	"4"	"8"
"14:50:00"	"2025-04-12"	"Curragh"	"Clonmacash"	"25.00"	"30"	"Handicap"	"8"	"10"	"Coen, S"	"McGuinness, Adrian"	"5f "	"0"	"8"	"2"	"8"
"14:50:00"	"2025-04-12"	"Curragh"	"The Poacher Daly (IRE)"	"80.00"	"148.23"	"Handicap"	"10"	"10"	"Coakley, Ross"	"Davison, Jack W"	"5f "	"0"	"7"	"9"	"11"
"14:35:00"	"2025-04-09"	"Nottingham"	"Looking For Lynda (IRE)"	"1.38"	"2.61"	"Handicap"	"RR"	"7"	"Nicholls, Mr Jack"	"Burke, K R"	"5f "	"4"	"7"	"5"	"8"
"14:13:00"	"2025-04-09"	"Catterick"	"Stroxx (IRE)"	"7.50"	"8.64"	"Handicap"	"1"	"9"	"Horgan, C"	"Bailey, Liam"	"5f "	"6"	"7"	"2"	"10"
"14:10:00"	"2025-04-08"	"Navan"	"Lismacbryan Hill (IRE)"	"1.75"	"2.95"	"Handicap"	"4"	"9"	"Hayes, C D"	"Magee, Patrick"	"6f "	"0"	"3"	"2"	"9"
"14:10:00"	"2025-04-08"	"Navan"	"Hasiyna (IRE)"	"4.50"	"5.79"	"Handicap"	"5"	"9"	"Coakley, Ross"	"McConnell, John C"	"6f "	"0"	"4"	"4"	"7"
"14:10:00"	"2025-04-08"	"Navan"	"Dark Willow (IRE)"	"40.00"	"110"	"Handicap"	"8"	"9"	"Halpin, G P"	"Whelehan, Mrs Mary"	"6f "	"0"	"10"	"9"	"11"
"14:57:00"	"2025-04-07"	"Redcar"	"Havana Prince"	"5.00"	"7.6"	"Handicap"	"1"	"13"	"Nolan, D"	"Coyle, Tony"	"7f "	"5"	"8"	"12"	"21"
"14:57:00"	"2025-04-07"	"Redcar"	"Roaring Ralph"	"7.50"	"9.17"	"Handicap"	"5"	"13"	"Kirrane, Sean"	"Dods, M"	"7f "	"5"	"9"	"5"	"9"
"18:25:00"	"2025-04-05"	"Bellewstown"	"Sturlasson (IRE)"	"8.00"	"9.46"	"Handicap"	"7"	"11"	"Harnett, P A"	"Cotter, Kieran P"	"5f "	"0"	"7"	"12"	"12"
"18:05:00"	"2025-04-05"	"Yarmouth"	"Dashing Harry"	"7.50"	"9.8"	"Handicap"	"5"	"7"	"Muscutt, D"	"Horton, James"	"6f "	"4"	"9"	"4"	"8"
"17:55:00"	"2025-04-05"	"Bellewstown"	"Whatswrongnow (IRE)"	"80.00"	"120.85"	"Handicap"	"6"	"9"	"Powell, J A"	"Burke, Batt"	"5f "	"0"	"8"	"13"	"14"
"15:40:00"	"2025-04-05"	"Yarmouth"	"Rising Force (IRE)"	"6.00"	"9.75"	"Handicap"	"1"	"15"	"Callan, Mr Jack"	"Eddery, Robert"	"1m "	"6"	"6"	"3"	"21"
"15:40:00"	"2025-04-05"	"Yarmouth"	"Embarked (IRE)"	"28.00"	"41.96"	"Handicap"	"2"	"15"	"Haynes, Joey"	"Dixon, Scott"	"1m "	"6"	"8"	"7"	"11"
"15:52:00"	"2025-04-04"	"Leicester"	"Charlie Mason"	"2.75"	"4.1"	"Handicap"	"1"	"7"	"Lee, Clifford"	"Carroll, A W"	"6f "	"5"	"3"	"2"	"9"
"15:52:00"	"2025-04-04"	"Leicester"	"Lion Ring (IRE)"	"22.00"	"27.75"	"Handicap"	"5"	"7"	"Kavanagh, Ryan"	"Martin, Andrew J"	"6f "	"5"	"7"	"5"	"8"
"16:43:00"	"2025-04-02"	"Musselburgh"	"Henery Hawk"	"10.00"	"13.5"	"Handicap"	"7"	"10"	"Fraser, Kaiya"	"Perratt, Miss L A"	"5f "	"6"	"8"	"3"	"11"
"16:43:00"	"2025-04-02"	"Musselburgh"	"Carmarthen"	"50.00"	"95.75"	"Handicap"	"10"	"10"	"Jakes, Tommie"	"Perratt, Miss L A"	"5f "	"6"	"9"	"9"	"9"
"18:00:00"	"2025-03-30"	"Doncaster"	"Gustav Graves"	"11.00"	"14.62"	"Handicap"	"10"	"17"	"Lee, Clifford"	"Shaw, D"	"5f "	"5"	"8"	"2"	"7"
"18:00:00"	"2025-03-30"	"Doncaster"	"Classy Clarets (IRE)"	"25.00"	"42"	"Handicap"	"13"	"17"	"Orr, Oisin"	"Fahey, R A"	"5f "	"5"	"2"	"9"	"11"
"13:28:00"	"2025-03-23"	"Naas"	"Rathbranchurch (IRE)"	"4.00"	"6.6"	"Handicap"	"7"	"15"	"Joyce, Wesley"	"Mulvany, Michael"	"6f "	"0"	"7"	"7"	"13"
"13:28:00"	"2025-03-23"	"Naas"	"Escape Act (IRE)"	"28.00"	"47.72"	"Handicap"	"14"	"15"	"Crosse, Nathan"	"OBrien, Richard John"	"6f "	"0"	"7"	"12"	"18"
"12:15:00"	"2024-11-09"	"Doncaster"	"It Just Takes Time (IRE)"	"4.50"	"5.58"	"Handicap"	"1"	"9"	"Tubb, Olivia"	"Walford, Mark"	"7f "	"4"	"9"	"8"	"13"
"12:15:00"	"2024-11-09"	"Doncaster"	"Ey Up Its Jazz"	"3.50"	"4.4"	"Handicap"	"8"	"9"	"Mortensen, Mikkel"	"Coyle, Tony"	"7f "	"4"	"4"	"1"	"9"
"11:45:00"	"2024-11-09"	"Doncaster"	"Dashing Roger"	"12.00"	"16.55"	"Handicap"	"7"	"9"	"Wright, Liam"	"Stone, W B"	"7f "	"4"	"10"	"5"	"6"
"13:43:00"	"2024-11-06"	"Nottingham"	"Albegone"	"14.00"	"18.5"	"Handicap"	"3"	"9"	"Sullivan, James P"	"Easterby, T D"	"5f "	"4"	"7"	"1"	"9"
"15:44:00"	"2024-11-05"	"Redcar"	"Rwenearlytheredad"	"2.00"	"3.03"	"Handicap"	"1"	"8"	"Wheatley, Zak"	"Carroll, D"	"1m "	"6"	"7"	"1"	"11"
"15:09:00"	"2024-11-05"	"Redcar"	"Ey Up Its Jazz"	"2.75"	"4.03"	"Handicap"	"1"	"9"	"Fallon, Cieren"	"Coyle, Tony"	"7f "	"5"	"10"	"2"	"11"
"15:09:00"	"2024-11-05"	"Redcar"	"Havana Pursuit"	"28.00"	"36.33"	"Handicap"	"6"	"9"	"Sullivan, James P"	"Easterby, T D"	"7f "	"5"	"8"	"6"	"10"
"15:09:00"	"2024-11-05"	"Redcar"	"Broken Spear"	"20.00"	"29.07"	"Handicap"	"7"	"9"	"Costello, Dougie"	"Coyle, Tony"	"7f "	"5"	"7"	"6"	"9"
"15:09:00"	"2024-11-05"	"Redcar"	"Another Baar"	"9.00"	"14.1"	"Handicap"	"9"	"9"	"Shaw, Harrison"	"Keatley, Adrian Paul"	"7f "	"5"	"10"	"8"	"11"
"14:34:00"	"2024-11-05"	"Redcar"	"Belsito (GER)"	"2.75"	"4.2"	"Handicap"	"2"	"10"	"Eaves, Tom"	"Ryan, K A"	"6f "	"6"	"8"	"2"	"10"
"14:34:00"	"2024-11-05"	"Redcar"	"White Umbrella"	"7.00"	"9.77"	"Handicap"	"4"	"10"	"Hart, Jason"	"Kellett, C N"	"6f "	"6"	"7"	"2"	"10"
"14:34:00"	"2024-11-05"	"Redcar"	"Canaria Queen"	"4.00"	"6.6"	"Handicap"	"5"	"10"	"Allan, David"	"Easterby, T D"	"6f "	"6"	"7"	"4"	"10"
"14:34:00"	"2024-11-05"	"Redcar"	"Stormy Pearl"	"11.00"	"16"	"Handicap"	"6"	"10"	"Fraser, Kaiya"	"Thompson, D W"	"6f "	"6"	"8"	"10"	"10"
"14:34:00"	"2024-11-05"	"Redcar"	"Blue Jay Way"	"10.00"	"11.5"	"Handicap"	"7"	"10"	"Marshall, Tom Kiely"	"Riches, John"	"6f "	"6"	"7"	"3"	"10"
"14:17:00"	"2024-11-02"	"Newmarket (Rowley)"	"Sterling Knight"	"7.50"	"11.52"	"Handicap"	"6"	"9"	"Crouch, Hector"	"Dunlop, E A L"	"1m "	"3"	"7"	"9"	"17"
"13:07:00"	"2024-11-02"	"Newmarket (Rowley)"	"Bay Breeze"	"14.00"	"23"	"Handicap"	"6"	"11"	"Allan, David"	"Easterby, T D"	"6f "	"4"	"9"	"1"	"8"
"15:27:00"	"2024-11-01"	"Newmarket (Rowley)"	"Imperial Cult (IRE)"	"8.00"	"11.35"	"Handicap"	"3"	"14"	"Mangan, Gina"	"Bridger, J / Cook, R"	"1m1f "	"5"	"6"	"8"	"13"
"15:27:00"	"2024-11-01"	"Newmarket (Rowley)"	"Marsh Benham (IRE)"	"14.00"	"22"	"Handicap"	"10"	"14"	"Bishop, Charles"	"Baker, George"	"1m1f "	"5"	"4"	"6"	"8"
"15:38:00"	"2024-10-30"	"Nottingham"	"Enchanted Night"	"10.00"	"13.5"	"Handicap"	"4"	"9"	"Nicholls, Mia"	"Dunnett, Mrs C A"	"5f "	"5"	"8"	"3"	"11"
"15:38:00"	"2024-10-30"	"Nottingham"	"Mehmo (IRE)"	"7.00"	"9.66"	"Handicap"	"5"	"9"	"Larson, Frederick"	"Appleby, M"	"5f "	"5"	"6"	"8"	"9"
"15:08:00"	"2024-10-30"	"Nottingham"	"Fantasy Master"	"2.50"	"3.75"	"Handicap"	"1"	"6"	"Crouch, Hector"	"Holland, Darryll"	"5f "	"3"	"5"	"6"	"8"
"15:08:00"	"2024-10-30"	"Nottingham"	"Moulin Booj (IRE)"	"6.50"	"8.6"	"Handicap"	"3"	"6"	"Ryan, Rossa"	"Scott, George"	"5f "	"3"	"8"	"4"	"6"
"16:25:00"	"2024-10-28"	"Leicester"	"Mister Bluebird"	"2.50"	"4.4"	"Handicap"	"2"	"4"	"Ryan, Rossa"	"Main, Mrs H S"	"5f "	"4"	"7"	"1"	"9"
"16:15:00"	"2024-10-28"	"Redcar"	"Deputy (IRE)"	"11.00"	"18.21"	"Handicap"	"1"	"10"	"Peate, Jonny"	"Dods, M"	"6f "	"6"	"10"	"3"	"10"
"16:15:00"	"2024-10-28"	"Redcar"	"Havana Pursuit"	"10.00"	"13.5"	"Handicap"	"6"	"10"	"Muir, Paula"	"Easterby, T D"	"6f "	"6"	"10"	"12"	"13"
"16:15:00"	"2024-10-28"	"Redcar"	"Stormy Pearl"	"5.00"	"6.91"	"Handicap"	"10"	"10"	"Brookes, Aiden"	"Thompson, D W"	"6f "	"6"	"10"	"2"	"10"
"15:40:00"	"2024-10-28"	"Redcar"	"Thunder Roar"	"0.57"	"1.66"	"Handicap"	"1"	"8"	"Hart, Jason"	"Coyle, Tony"	"1m "	"3"	"2"	"2"	"17"
"17:30:00"	"2024-10-26"	"Doncaster"	"Ey Up Its Jazz"	"16.00"	"21.63"	"Handicap"	"2"	"11"	"Hardie, Cameron"	"Coyle, Tony"	"7f "	"4"	"8"	"3"	"10"
"17:30:00"	"2024-10-26"	"Doncaster"	"Another Baar"	"7.50"	"10.17"	"Handicap"	"8"	"11"	"Costello, Dougie"	"Keatley, Adrian Paul"	"7f "	"4"	"5"	"2"	"10"
"17:00:00"	"2024-10-26"	"Doncaster"	"Racingbreaks Ryder (IRE)"	"4.00"	"5.32"	"Handicap"	"4"	"12"	"Bowen, S D"	"Hills, Charles"	"7f "	"4"	"7"	"1"	"9"
"17:00:00"	"2024-10-26"	"Doncaster"	"Broken Spear"	"25.00"	"34"	"Handicap"	"10"	"12"	"Costello, Dougie"	"Coyle, Tony"	"7f "	"4"	"7"	"2"	"11"
"16:25:00"	"2024-10-26"	"Doncaster"	"Persuasion (IRE)"	"50.00"	"122.47"	"Handicap"	"11"	"17"	"Bowen, S D"	"Barron, T D"	"7f "	"3"	"9"	"11"	"12"
"16:55:00"	"2024-10-25"	"Doncaster"	"Fantasy Master"	"5.00"	"7.6"	"Handicap"	"6"	"8"	"Murphy, Oisin"	"Holland, Darryll"	"6f "	"4"	"9"	"3"	"9"
"14:51:00"	"2024-10-25"	"Newbury"	"Pearle Dor (IRE)"	"2.50"	"3.77"	"Handicap"	"3"	"7"	"Watson, Jason"	"OMeara, D"	"7f "	"3"	"10"	"4"	"10"
"14:51:00"	"2024-10-25"	"Newbury"	"Executive Decision (IRE)"	"8.50"	"11.5"	"Handicap"	"4"	"7"	"Osborne, Saffie"	"Osborne, J A"	"7f "	"3"	"10"	"3"	"10"
"15:13:00"	"2024-10-24"	"Nottingham"	"Tilsworth Turf"	"14.00"	"14.42"	"Handicap"	"8"	"8"	"Keenan, Darragh"	"Jenkins, J R"	"6f "	"5"	"10"	"10"	"10"
"14:38:00"	"2024-10-24"	"Nottingham"	"Object"	"8.50"	"12"	"Handicap"	"4"	"8"	"Hardie, Cameron"	"Easterby, T D"	"5f "	"5"	"6"	"12"	"12"
"14:38:00"	"2024-10-24"	"Nottingham"	"Four Adaay"	"7.00"	"8.64"	"Handicap"	"7"	"8"	"Havlin, Robert"	"Millman, B R"	"5f "	"5"	"10"	"3"	"8"
"15:45:00"	"2024-10-23"	"Navan"	"Rathbranchurch (IRE)"	"4.50"	"5.91"	"Handicap"	"5"	"9"	"Casey, T"	"Mulvany, Michael"	"5f "	"0"	"6"	"2"	"17"
"15:10:00"	"2024-10-23"	"Navan"	"Tribute To Jade"	"150.00"	"1000"	"Maiden"	"12"	"13"	"Mulligan, R M"	"Monaghan, Jennifer"	"5f "	"0"	"1"	"22"	"24"
"14:00:00"	"2024-10-23"	"Navan"	"Master Garvey (IRE)"	"16.00"	"26.88"	"Handicap"	"6"	"19"	"Mulligan, R M"	"Murray, Joseph Anthony"	"6f "	"0"	"3"	"7"	"10"
"14:00:00"	"2024-10-23"	"Navan"	"Saturn Seven (IRE)"	"4.50"	"6.24"	"Handicap"	"14"	"19"	"Ryan, J J G"	"Lynam, Edward"	"6f "	"0"	"6"	"7"	"17"
"17:20:00"	"2024-10-22"	"Yarmouth"	"Enchanted Night"	"5.50"	"7.27"	"Handicap"	"3"	"11"	"ONeill, K T"	"Dunnett, Mrs C A"	"6f "	"6"	"7"	"8"	"10"
"17:20:00"	"2024-10-22"	"Yarmouth"	"Primrose Maid"	"40.00"	"85"	"Handicap"	"4"	"11"	"Haynes, Joey"	"Dunnett, Mrs C A"	"6f "	"6"	"7"	"5"	"6"
"17:20:00"	"2024-10-22"	"Yarmouth"	"Company Minx (IRE)"	"20.00"	"34.41"	"Handicap"	"5"	"11"	"Planas, Connor"	"Jenkins, J R"	"6f "	"6"	"8"	"7"	"10"
"17:20:00"	"2024-10-22"	"Yarmouth"	"Realised"	"1.25"	"2.48"	"Handicap"	"6"	"11"	"Crowley, Jim"	"Eustace, Harry"	"6f "	"6"	"7"	"1"	"6"
"17:20:00"	"2024-10-22"	"Yarmouth"	"Fast Flo"	"14.00"	"18.5"	"Handicap"	"7"	"11"	"Farragher, Adam J"	"Dunnett, Mrs C A"	"6f "	"6"	"7"	"7"	"10"
"13:00:00"	"2024-10-22"	"Curragh"	"Mount Ruapehu (IRE)"	"5.50"	"7.76"	"Handicap"	"8"	"15"	"Horgan, C"	"Slattery, Andrew"	"6f "	"0"	"5"	"3"	"17"
"16:12:00"	"2024-10-18"	"Redcar"	"Darbucks (IRE)"	"5.00"	"6.28"	"Handicap"	"1"	"10"	"Beasley, Connor"	"Kellett, C N"	"7f "	"6"	"8"	"1"	"9"
"16:12:00"	"2024-10-18"	"Redcar"	"Diamondsinthesand (IRE)"	"5.00"	"7.4"	"Handicap"	"2"	"10"	"Wonnacott, Millie"	"Wintle, A"	"7f "	"6"	"9"	"2"	"9"
"16:12:00"	"2024-10-18"	"Redcar"	"Ratafia"	"4.00"	"5.61"	"Handicap"	"7"	"10"	"Hogan, D E"	"Herrington,M "	"7f "	"6"	"10"	"6"	"14"
"16:12:00"	"2024-10-18"	"Redcar"	"Asmund (IRE)"	"10.00"	"12.34"	"Handicap"	"9"	"10"	"Hart, Jason"	"Carroll, D"	"7f "	"6"	"10"	"9"	"14"
"16:05:00"	"2024-10-18"	"Haydock"	"Hour By Hour"	"3.50"	"5.22"	"Handicap"	"1"	"8"	"Leavy, Mr Joe"	"Jardine, I"	"6f "	"3"	"8"	"6"	"11"
"16:05:00"	"2024-10-18"	"Haydock"	"Woven"	"8.00"	"9.69"	"Handicap"	"4"	"8"	"Egan, David"	"Dods, M"	"6f "	"3"	"6"	"15"	"21"
"16:05:00"	"2024-10-18"	"Haydock"	"Mercurial (IRE)"	"1.88"	"2.96"	"Handicap"	"5"	"8"	"Bowen, S D"	"Nallen, John J"	"6f "	"3"	"4"	"2"	"12"
"15:37:00"	"2024-10-18"	"Redcar"	"Ey Up Its Jazz"	"2.25"	"3.2"	"Handicap"	"3"	"10"	"Nolan, D"	"Coyle, Tony"	"7f "	"6"	"10"	"2"	"14"
"15:30:00"	"2024-10-18"	"Haydock"	"Trilby"	"1.00"	"2.18"	"Handicap"	"1"	"8"	"Fanning, Joe"	"England, Sam"	"5f "	"4"	"7"	"2"	"17"
"15:30:00"	"2024-10-18"	"Haydock"	"Never Dark"	"8.50"	"12.5"	"Handicap"	"3"	"8"	"Marquand, Tom"	"Jardine, I"	"5f "	"4"	"2"	"5"	"9"
"14:27:00"	"2024-10-18"	"Redcar"	"Impressor (IRE)"	"7.00"	"8.49"	"Handicap"	"1"	"12"	"Beasley, Connor"	"Makin, Phillip"	"5f "	"5"	"10"	"5"	"13"
"14:27:00"	"2024-10-18"	"Redcar"	"Mattice"	"3.33"	"4.52"	"Handicap"	"3"	"12"	"Allan, David"	"Easterby, T D"	"5f "	"5"	"8"	"8"	"11"
"14:25:00"	"2024-10-17"	"Curragh"	"Rathbranchurch (IRE)"	"4.50"	"6.01"	"Handicap"	"2"	"17"	"Joyce, Wesley"	"Mulvany, Michael"	"5f "	"0"	"5"	"4"	"14"
"17:20:00"	"2024-10-16"	"Nottingham"	"Apache Star (IRE)"	"10.00"	"13.51"	"Handicap"	"5"	"11"	"Evans, Miss Tilly"	"Loughnane, Daniel Mark"	"5f "	"6"	"7"	"6"	"9"
"17:20:00"	"2024-10-16"	"Nottingham"	"Sounds Of Spring (IRE)"	"8.00"	"11.78"	"Handicap"	"9"	"11"	"Banham, Miss Leah"	"Butler, John"	"5f "	"6"	"8"	"12"	"13"
"17:20:00"	"2024-10-16"	"Nottingham"	"Mr Funky Monkey"	"40.00"	"64.94"	"Handicap"	"11"	"11"	"Brown, Pippa"	"Shaw, D"	"5f "	"6"	"8"	"10"	"12"
"17:15:00"	"2024-10-15"	"Yarmouth"	"Kodebreaker (IRE)"	"3.33"	"5.26"	"Handicap"	"6"	"10"	"Muscutt, D"	"Herrington,M "	"1m "	"6"	"7"	"4"	"10"
"17:15:00"	"2024-10-15"	"Yarmouth"	"Enchanted Night"	"40.00"	"84.88"	"Handicap"	"8"	"10"	"Haynes, Joey"	"Dunnett, Mrs C A"	"1m "	"6"	"7"	"11"	"12"
"17:15:00"	"2024-10-15"	"Yarmouth"	"Starshot (IRE)"	"3.33"	"5.3"	"Handicap"	"10"	"10"	"Morris, Luke"	"Charalambous, P"	"1m "	"6"	"5"	"4"	"12"
"16:45:00"	"2024-10-15"	"Yarmouth"	"Realised"	"1.38"	"2.48"	"Handicap"	"1"	"6"	"Crowley, Jim"	"Eustace, Harry"	"7f "	"6"	"8"	"2"	"10"
"15:12:00"	"2024-10-14"	"Windsor"	"Punchbowl Flyer (IRE)"	"5.50"	"6.86"	"Handicap"	"4"	"8"	"Mangan, Gina"	"Oshea, J G M"	"5f "	"4"	"7"	"9"	"10"
"15:12:00"	"2024-10-14"	"Windsor"	"Faustus"	"4.50"	"6.67"	"Handicap"	"6"	"8"	"Doughty, Jack"	"Bridger, J / Cook, R"	"5f "	"4"	"9"	"9"	"12"
"15:12:00"	"2024-10-14"	"Windsor"	"Jacquelina (IRE)"	"25.00"	"32"	"Handicap"	"8"	"8"	"McEntee, Grace"	"McEntee, P S"	"5f "	"4"	"9"	"11"	"12"
"14:50:00"	"2024-10-14"	"Musselburgh"	"Albegone"	"5.00"	"6.75"	"Handicap"	"6"	"11"	"Allan, David"	"Easterby, T D"	"5f "	"5"	"9"	"2"	"11"
"14:12:00"	"2024-10-14"	"Windsor"	"Bama Lama"	"0.91"	"1.95"	"Handicap"	"1"	"5"	"Searle, Oliver"	"Millman, B R"	"5f "	"6"	"5"	"4"	"9"
"15:00:00"	"2024-10-13"	"Goodwood"	"Alcazan"	"3.00"	"4.51"	"Handicap"	"3"	"6"	"Turner, Hayley"	"Teal, R A"	"6f "	"3"	"8"	"1"	"12"
"16:25:00"	"2024-10-12"	"Naas"	"Apache Outlaw (IRE)"	"10.00"	"14.02"	"Handicap"	"3"	"14"	"Caffrey, Adam"	"McGuinness, Adrian"	"6f "	"0"	"7"	"1"	"10"
"16:25:00"	"2024-10-12"	"Naas"	"Rathbranchurch (IRE)"	"40.00"	"91.89"	"Handicap"	"4"	"14"	"Joyce, Wesley"	"Mulvany, Michael"	"6f "	"0"	"10"	"3"	"7"
"15:25:00"	"2024-10-10"	"Ayr"	"Rousing Encore (IRE)"	"11.00"	"14.15"	"Handicap"	"1"	"11"	"Sullivan, James P"	"Carr, Mrs R A"	"6f "	"4"	"9"	"2"	"9"
"15:25:00"	"2024-10-10"	"Ayr"	"Abduction (FR)"	"4.50"	"6.4"	"Handicap"	"2"	"11"	"Mulrennan, Paul"	"Goldie, J S"	"6f "	"4"	"9"	"2"	"6"
"15:25:00"	"2024-10-10"	"Ayr"	"Hour By Hour"	"8.50"	"13.87"	"Handicap"	"6"	"11"	"McDonald, P J"	"Jardine, I"	"6f "	"4"	"10"	"1"	"7"
"15:25:00"	"2024-10-10"	"Ayr"	"Be Proud (IRE)"	"33.00"	"46.23"	"Handicap"	"9"	"11"	"Waugh, Amie"	"Goldie, J S"	"6f "	"4"	"9"	"9"	"9"
"15:21:00"	"2024-10-09"	"Navan"	"Mogwli (IRE)"	"22.00"	"39.74"	"Handicap"	"7"	"18"	"Kelly, M Telford"	"McCreery, W"	"6f "	"0"	"7"	"1"	"12"
"15:21:00"	"2024-10-09"	"Navan"	"Coolcalmncollected"	"22.00"	"38"	"Handicap"	"10"	"18"	"Burns, Ms N"	"Murphy, Ciaran"	"6f "	"0"	"6"	"8"	"12"
"15:21:00"	"2024-10-09"	"Navan"	"Sunday Sovereign"	"5.00"	"7.2"	"Handicap"	"12"	"18"	"Mulligan, R M"	"Kingston, G A"	"6f "	"0"	"4"	"11"	"17"
"13:45:00"	"2024-10-09"	"Nottingham"	"Tommytwohoots"	"28.00"	"50"	"Handicap"	"1"	"9"	"Burns, Harry"	"McInnes, I W"	"6f "	"6"	"7"	"7"	"9"
"13:45:00"	"2024-10-09"	"Nottingham"	"Quanah (IRE)"	"20.00"	"26.18"	"Handicap"	"5"	"9"	"Marshall, Tom Kiely"	"Bailey, Liam"	"6f "	"6"	"8"	"8"	"12"
"17:37:00"	"2024-10-05"	"Redcar"	"Albegone"	"7.50"	"11.5"	"Handicap"	"2"	"11"	"Hardie, Cameron"	"Easterby, T D"	"5f "	"4"	"7"	"4"	"9"
"17:37:00"	"2024-10-05"	"Redcar"	"Our Absent Friends (IRE)"	"3.00"	"4.73"	"Handicap"	"5"	"11"	"Scott, Rowan"	"Davidson, Tristan"	"5f "	"4"	"7"	"1"	"9"
"16:00:00"	"2024-10-05"	"Curragh"	"Apache Outlaw (IRE)"	"5.50"	"8.4"	"Handicap"	"1"	"10"	"Caffrey, Adam"	"McGuinness, Adrian"	"5f "	"0"	"7"	"5"	"15"
"16:00:00"	"2024-10-05"	"Curragh"	"Harrys Hill"	"7.00"	"11.5"	"Handicap"	"7"	"10"	"Hassett, M W"	"Hassett, Martin"	"5f "	"0"	"5"	"3"	"6"
"16:00:00"	"2024-10-05"	"Curragh"	"Dontspoilasale (IRE)"	"16.00"	"26"	"Handicap"	"8"	"10"	"Powell, J A"	"McGuinness, Adrian"	"5f "	"0"	"5"	"2"	"6"
"16:00:00"	"2024-10-05"	"Curragh"	"Greek Flower (IRE)"	"2.00"	"3.28"	"Handicap"	"10"	"10"	"Crosse, Nathan"	"Feane, John James"	"5f "	"0"	"7"	"3"	"15"
"14:50:00"	"2024-10-05"	"Curragh"	"Zaragoza (IRE)"	"6.50"	"9.09"	"Handicap"	"4"	"17"	"Caffrey, Adam"	"Weld, D K"	"6f "	"0"	"4"	"3"	"14"
"14:50:00"	"2024-10-05"	"Curragh"	"Mile End"	"8.00"	"12"	"Handicap"	"9"	"17"	"OSullivan, Darragh"	"Murphy, Ciaran"	"6f "	"0"	"3"	"1"	"7"
"14:50:00"	"2024-10-05"	"Curragh"	"Sunday Sovereign"	"16.00"	"22.84"	"Handicap"	"11"	"17"	"Rutledge, Siobhan"	"Kingston, G A"	"6f "	"0"	"2"	"5"	"12"
"17:05:00"	"2024-10-04"	"Ascot"	"Thunder Roar"	"7.50"	"9.6"	"Non-Handicap"	"4"	"11"	"Eaves, Tom"	"Coyle, Tony"	"1m "	"3"	"7"	"2"	"9"
"15:50:00"	"2024-10-03"	"Salisbury"	"Executive Decision (IRE)"	"7.00"	"7.84"	"Handicap"	"4"	"13"	"Osborne, Saffie"	"Osborne, J A"	"6f "	"4"	"7"	"2"	"5"
"15:45:00"	"2024-10-03"	"Bellewstown"	"My Girl Sioux (IRE)"	"7.00"	"8.93"	"Handicap"	"2"	"12"	"Slattery, A J"	"Slattery, Andrew"	"5f "	"0"	"6"	"4"	"9"
"15:45:00"	"2024-10-03"	"Bellewstown"	"Clarinbridge (IRE)"	"10.00"	"13.16"	"Handicap"	"3"	"12"	"Cleary, R P"	"Breen, Leanne"	"5f "	"0"	"10"	"8"	"17"
"15:45:00"	"2024-10-03"	"Bellewstown"	"Coolcalmncollected"	"3.50"	"5.45"	"Handicap"	"8"	"12"	"Foley, Shane"	"Murphy, Ciaran"	"5f "	"0"	"2"	"6"	"14"
"15:45:00"	"2024-10-03"	"Bellewstown"	"Charming Lady (IRE)"	"12.00"	"17.39"	"Handicap"	"9"	"12"	"Whearty, R"	"McCourt, T G"	"5f "	"0"	"10"	"17"	"17"
"15:30:00"	"2024-10-02"	"Musselburgh"	"Cuban Rock"	"9.00"	"11"	"Handicap"	"4"	"11"	"Orr, Oisin"	"Goldie, J S"	"5f "	"6"	"10"	"10"	"11"
"15:30:00"	"2024-10-02"	"Musselburgh"	"Sixcor"	"10.00"	"13.5"	"Handicap"	"9"	"11"	"Mulrennan, Paul"	"Perratt, Miss L A"	"5f "	"6"	"10"	"6"	"11"
"13:38:00"	"2024-10-02"	"Catterick"	"Alafdhal (IRE)"	"7.00"	"9.07"	"Handicap"	"2"	"9"	"Cagney, Eireann"	"McEntee, P S"	"5f "	"6"	"6"	"2"	"10"
"13:38:00"	"2024-10-02"	"Catterick"	"Papa Dont Preach (IRE)"	"14.00"	"19.5"	"Handicap"	"8"	"9"	"Frost, Miss Lauren"	"Frost, Kevin"	"5f "	"6"	"6"	"5"	"10"
"16:35:00"	"2024-10-01"	"Ayr"	"Be Proud (IRE)"	"3.50"	"5"	"Handicap"	"9"	"9"	"Mulrennan, Paul"	"Goldie, J S"	"6f "	"4"	"10"	"18"	"22"
"15:05:00"	"2024-10-01"	"Cork"	"Coolcalmncollected"	"8.00"	"10.18"	"Handicap"	"6"	"14"	"Foley, Shane"	"Murphy, Ciaran"	"6f "	"0"	"8"	"16"	"17"
"15:05:00"	"2024-10-01"	"Cork"	"Purring Along (IRE)"	"12.00"	"18.5"	"Handicap"	"8"	"14"	"Crosse, Nathan"	"Dowling, Thomas"	"6f "	"0"	"7"	"9"	"14"
"14:30:00"	"2024-10-01"	"Cork"	"Linger For Longer (IRE)"	"2.50"	"3.72"	"Handicap"	"3"	"5"	"McMonagle, Dylan B"	"Leahy, Augustine"	"6f "	"0"	"7"	"5"	"12"
"16:45:00"	"2024-09-30"	"Hamilton"	"Maharajas Express"	"10.00"	"13.34"	"Handicap"	"4"	"8"	"Sullivan, James P"	"Morris, Patrick"	"5f "	"5"	"9"	"5"	"12"
"16:10:00"	"2024-09-30"	"Hamilton"	"Never Dark"	"2.75"	"3.95"	"Handicap"	"1"	"8"	"Jary, Alex"	"Jardine, I"	"5f "	"3"	"2"	"7"	"10"
"16:10:00"	"2024-09-30"	"Hamilton"	"Rock Melody (IRE)"	"8.50"	"11.36"	"Handicap"	"7"	"8"	"Waugh, Amie"	"Goldie, J S"	"5f "	"3"	"8"	"9"	"10"
"14:40:00"	"2024-09-30"	"Down Royal"	"Dontspoilasale (IRE)"	"7.00"	"9.32"	"Handicap"	"2"	"6"	"Powell, J A"	"McGuinness, Adrian"	"5f "	"0"	"9"	"7"	"8"
"14:40:00"	"2024-09-30"	"Down Royal"	"Harrys Hill"	"1.38"	"2.52"	"Handicap"	"3"	"6"	"Hassett, M W"	"Hassett, Martin"	"5f "	"0"	"2"	"2"	"15"
"14:40:00"	"2024-09-30"	"Down Royal"	"Arnhem (IRE)"	"5.50"	"7.95"	"Handicap"	"4"	"6"	"Foley, Shane"	"Quinn, M G"	"5f "	"0"	"2"	"13"	"15"
"13:50:00"	"2024-09-30"	"Hamilton"	"Inanna (IRE)"	"1.88"	"3.05"	"Handicap"	"2"	"7"	"Cagney, Eireann"	"Goldie, J S"	"6f "	"5"	"8"	"1"	"9"
"13:50:00"	"2024-09-30"	"Hamilton"	"Lady Celia"	"7.50"	"9.39"	"Handicap"	"6"	"7"	"Collier, Miss A"	"Brown, A D"	"6f "	"5"	"7"	"6"	"7"
"13:50:00"	"2024-09-30"	"Hamilton"	"Bay Breeze"	"6.00"	"8"	"Handicap"	"7"	"7"	"Easterby, Miss E"	"Easterby, T D"	"6f "	"5"	"8"	"3"	"9"
"16:40:00"	"2024-09-28"	"Ripon"	"Canaria Queen"	"6.00"	"6.73"	"Handicap"	"3"	"9"	"Waugh, Amie"	"Easterby, T D"	"6f "	"6"	"7"	"10"	"12"
"16:40:00"	"2024-09-28"	"Ripon"	"Havana Pursuit"	"2.50"	"3.6"	"Handicap"	"4"	"9"	"Allan, David"	"Easterby, T D"	"6f "	"6"	"5"	"2"	"7"
"16:00:00"	"2024-09-28"	"Ripon"	"Eldeyaar (IRE)"	"14.00"	"21.06"	"Handicap"	"1"	"9"	"Hardie, Cameron"	"Brittain, Antony"	"6f "	"6"	"5"	"4"	"12"
"14:45:00"	"2024-09-28"	"Ripon"	"Mattice"	"4.50"	"5.9"	"Handicap"	"5"	"9"	"Orr, Oisin"	"Easterby, T D"	"5f "	"4"	"10"	"6"	"10"
"14:45:00"	"2024-09-28"	"Ripon"	"Count Dorsay (IRE)"	"7.00"	"8.95"	"Handicap"	"9"	"9"	"Allan, David"	"Easterby, T D"	"5f "	"4"	"7"	"1"	"12"
"14:40:00"	"2024-09-28"	"Haydock"	"Trilby"	"2.50"	"3.8"	"Handicap"	"2"	"12"	"Kingscote, Richard"	"England, Sam"	"6f "	"3"	"8"	"7"	"24"
"14:40:00"	"2024-09-28"	"Haydock"	"Parisiac (IRE)"	"11.00"	"15.69"	"Handicap"	"8"	"12"	"Tabti, M"	"Jardine, I"	"6f "	"3"	"8"	"2"	"24"
"17:40:00"	"2024-09-25"	"Redcar"	"Kodebreaker (IRE)"	"3.00"	"4.2"	"Handicap"	"5"	"15"	"Sousa, Silvestre De"	"Herrington,M "	"7f "	"6"	"8"	"2"	"7"
"17:40:00"	"2024-09-25"	"Redcar"	"Asmund (IRE)"	"18.00"	"19.19"	"Handicap"	"8"	"15"	"Hart, Jason"	"Carroll, D"	"7f "	"6"	"9"	"6"	"12"
"15:30:00"	"2024-09-25"	"Goodwood"	"Huddle Up (IRE)"	"3.50"	"5.33"	"Handicap"	"3"	"9"	"Wood, George"	"Jones, Jack"	"6f "	"4"	"7"	"2"	"12"
"15:30:00"	"2024-09-25"	"Goodwood"	"Five Winds"	"4.50"	"6.86"	"Handicap"	"6"	"9"	"Murphy, Oisin"	"Jones, Jack"	"6f "	"4"	"8"	"7"	"12"
"16:08:00"	"2024-09-23"	"Hamilton"	"Strong Johnson (IRE)"	"3.33"	"5.28"	"Handicap"	"4"	"7"	"Fanning, Joe"	"Midgley, P T"	"5f "	"5"	"10"	"7"	"14"
"16:42:00"	"2024-09-22"	"Hamilton"	"Inanna (IRE)"	"4.50"	"6.5"	"Handicap"	"1"	"9"	"Waugh, Amie"	"Goldie, J S"	"6f "	"5"	"7"	"2"	"8"
"16:42:00"	"2024-09-22"	"Hamilton"	"Ramon Di Loria (IRE)"	"3.33"	"4.65"	"Handicap"	"4"	"9"	"McDonald, P J"	"Whillans, Ewan"	"6f "	"5"	"8"	"3"	"8"
"15:42:00"	"2024-09-22"	"Hamilton"	"Catherine Chroi (IRE)"	"5.00"	"7.23"	"Handicap"	"2"	"10"	"Tabti, M"	"Jardine, I"	"6f "	"4"	"2"	"19"	"24"
"15:42:00"	"2024-09-22"	"Hamilton"	"Giselles Izzy (IRE)"	"7.00"	"8.11"	"Handicap"	"6"	"10"	"Farmer, Shay"	"Jardine, I"	"6f "	"4"	"9"	"3"	"8"
"15:42:00"	"2024-09-22"	"Hamilton"	"Rock Melody (IRE)"	"3.50"	"5.06"	"Handicap"	"9"	"10"	"Mulrennan, Paul"	"Goldie, J S"	"6f "	"4"	"2"	"16"	"24"
"14:42:00"	"2024-09-22"	"Hamilton"	"Earn Your Stripes"	"6.50"	"8.39"	"Handicap"	"5"	"11"	"Allan, David"	"Smith, R Michael"	"5f "	"6"	"3"	"9"	"9"
"14:42:00"	"2024-09-22"	"Hamilton"	"Sixcor"	"4.50"	"6.1"	"Handicap"	"6"	"11"	"Mulrennan, Paul"	"Perratt, Miss L A"	"5f "	"6"	"3"	"4"	"8"
"14:42:00"	"2024-09-22"	"Hamilton"	"Cuban Rock"	"6.50"	"8.2"	"Handicap"	"10"	"11"	"Waugh, Amie"	"Goldie, J S"	"5f "	"6"	"8"	"9"	"10"
"17:05:00"	"2024-09-21"	"Newmarket (Rowley)"	"New Heights"	"8.00"	"11.69"	"Handicap"	"7"	"8"	"Harding, James"	"Portman, J G"	"1m1f "	"4"	"9"	"5"	"7"
"17:00:00"	"2024-09-21"	"Newbury"	"King Cabo (USA)"	"50.00"	"95"	"Handicap"	"5"	"7"	"Dace, Jack"	"Dace, L A"	"7f "	"3"	"9"	"8"	"12"
"16:30:00"	"2024-09-21"	"Newmarket (Rowley)"	"Speriamo"	"5.50"	"7.59"	"Handicap"	"2"	"7"	"Mason, Joanna"	"McBride, P J"	"1m2f "	"4"	"2"	"1"	"7"
"14:35:00"	"2024-09-21"	"Navan"	"Collective Power (IRE)"	"4.00"	"5.72"	"Handicap"	"5"	"8"	"Woods, Sorcha"	"Lynam, Edward"	"5f "	"0"	"10"	"5"	"9"
"14:35:00"	"2024-09-21"	"Navan"	"Dontspoilasale (IRE)"	"3.33"	"4.7"	"Handicap"	"7"	"8"	"Whelan, R P"	"McGuinness, Adrian"	"5f "	"0"	"5"	"5"	"10"
"17:35:00"	"2024-09-19"	"Yarmouth"	"Split Elevens"	"2.75"	"4.4"	"Handicap"	"7"	"9"	"Murphy, Oisin"	"Butler, John"	"7f "	"6"	"2"	"4"	"11"
"15:12:00"	"2024-09-19"	"Ayr"	"Eternal Sunshine"	"0.67"	"1.69"	"Handicap"	"1"	"8"	"Mulrennan, Paul"	"Goldie, J S"	"5f "	"5"	"4"	"2"	"9"
"15:12:00"	"2024-09-19"	"Ayr"	"Sixcor"	"25.00"	"36.43"	"Handicap"	"4"	"8"	"Mullen, Andrew"	"Perratt, Miss L A"	"5f "	"5"	"5"	"8"	"10"
"14:42:00"	"2024-09-19"	"Ayr"	"Water Of Leith (IRE)"	"2.75"	"4.1"	"Handicap"	"1"	"9"	"Mulrennan, Paul"	"Goldie, J S"	"5f "	"5"	"6"	"3"	"14"
"14:42:00"	"2024-09-19"	"Ayr"	"Object"	"8.50"	"11"	"Handicap"	"5"	"9"	"Hart, Jason"	"Easterby, T D"	"5f "	"5"	"9"	"5"	"9"
"14:42:00"	"2024-09-19"	"Ayr"	"Ski Angel"	"16.00"	"21"	"Handicap"	"6"	"9"	"Fanning, Joe"	"Smith, R Michael"	"5f "	"5"	"5"	"4"	"10"
"16:18:00"	"2024-09-18"	"Beverley"	"Paddys Day (IRE)"	"5.50"	"7.58"	"Handicap"	"2"	"10"	"Jary, Alex"	"Tinkler, N"	"5f "	"4"	"5"	"4"	"14"
"14:00:00"	"2024-09-18"	"Yarmouth"	"Rhythmic Acclaim (IRE)"	"10.00"	"14.36"	"Handicap"	"4"	"9"	"Farragher, Adam J"	"McBride, P J"	"6f "	"5"	"8"	"11"	"12"
"13:50:00"	"2024-09-18"	"Sandown"	"Safari Dream (IRE)"	"1.63"	"2.83"	"Handicap"	"2"	"6"	"Murphy, Oisin"	"Millman, B R"	"5f "	"5"	"8"	"4"	"9"
"13:50:00"	"2024-09-18"	"Sandown"	"Secret Handsheikh"	"7.00"	"7.97"	"Handicap"	"4"	"6"	"Carson, William"	"Gallagher, J"	"5f "	"5"	"9"	"1"	"5"
"17:05:00"	"2024-09-17"	"Yarmouth"	"Catch Cunningham (IRE)"	"6.50"	"9.4"	"Handicap"	"3"	"9"	"Sayette, B D L"	"Herrington,M "	"5f "	"4"	"10"	"1"	"11"
"17:05:00"	"2024-09-17"	"Yarmouth"	"Stone Circle (IRE)"	"7.50"	"10.5"	"Handicap"	"9"	"9"	"Crouch, Hector"	"Bell, M L W"	"5f "	"4"	"7"	"2"	"9"
"16:35:00"	"2024-09-17"	"Yarmouth"	"Azure Angel"	"7.00"	"8.68"	"Handicap"	"3"	"7"	"Sousa, Silvestre De"	"Varian, Roger"	"6f "	"3"	"10"	"7"	"12"
"13:40:00"	"2024-09-17"	"Redcar"	"Jumeira Vision (IRE)"	"1.88"	"2.98"	"Handicap"	"4"	"7"	"Elliott, Rhys"	"Scott, Miss Katie"	"1m "	"5"	"9"	"15"	"17"
"15:50:00"	"2024-09-16"	"Thirsk"	"King Of The Jungle (IRE)"	"5.50"	"7.56"	"Handicap Seller"	"1"	"11"	"Mason, Joanna"	"Easterby, M W"	"6f "	"6"	"4"	"4"	"8"
"15:50:00"	"2024-09-16"	"Thirsk"	"The Gay Blade"	"3.50"	"4.91"	"Handicap Seller"	"4"	"11"	"Mullen, Andrew"	"Jardine, I"	"6f "	"6"	"5"	"3"	"16"
"15:50:00"	"2024-09-16"	"Thirsk"	"Agnes Grey (IRE)"	"2.50"	"3.73"	"Handicap Seller"	"8"	"11"	"Hart, Jason"	"Quinn, J J"	"6f "	"6"	"5"	"1"	"16"
"17:25:00"	"2024-09-15"	"Doncaster"	"Justcallmepete"	"14.00"	"18.59"	"Handicap"	"4"	"14"	"Feilden, Sam"	"Evans, H J"	"6f "	"4"	"10"	"1"	"9"
"17:25:00"	"2024-09-15"	"Doncaster"	"Dickieburd"	"5.50"	"7.62"	"Handicap"	"5"	"14"	"Pyle, William"	"Lidster, Craig"	"6f "	"4"	"7"	"2"	"18"
"17:25:00"	"2024-09-15"	"Doncaster"	"Count Dorsay (IRE)"	"28.00"	"43.75"	"Handicap"	"6"	"14"	"Cole, Morgan"	"Easterby, T D"	"6f "	"4"	"2"	"5"	"14"
"17:25:00"	"2024-09-15"	"Doncaster"	"Abate"	"12.00"	"19.55"	"Handicap"	"7"	"14"	"Nicholls, Mia"	"Nicholls, Adrian"	"6f "	"4"	"7"	"3"	"18"
"16:30:00"	"2024-09-15"	"Musselburgh"	"Our Absent Friends (IRE)"	"3.33"	"4.73"	"Handicap"	"3"	"9"	"Scott, Rowan"	"Davidson, Tristan"	"5f "	"5"	"9"	"1"	"13"
"15:45:00"	"2024-09-15"	"Doncaster"	"Terries Royale"	"3.00"	"4.49"	"Non-Handicap"	"2"	"16"	"Nicholls, Miss M"	"Appleby, M"	"1m "	"5"	"9"	"1"	"13"
"15:45:00"	"2024-09-15"	"Doncaster"	"Finn Russell (IRE)"	"11.00"	"15.46"	"Non-Handicap"	"3"	"16"	"Enright, M A"	"Williams, Ian"	"1m "	"5"	"3"	"2"	"7"
"15:45:00"	"2024-09-15"	"Doncaster"	"Strongbowe (FR)"	"40.00"	"63.91"	"Non-Handicap"	"12"	"16"	"Harding, Brian"	"Easterby, T D"	"1m "	"5"	"4"	"9"	"12"
"14:05:00"	"2024-09-15"	"Doncaster"	"Haymaker"	"4.00"	"5.55"	"Handicap"	"2"	"11"	"Loughnane, Mr Billy"	"Morrison, H"	"5f "	"3"	"8"	"5"	"8"
"14:05:00"	"2024-09-15"	"Doncaster"	"Badri"	"5.00"	"6.92"	"Handicap"	"4"	"11"	"Probert, David"	"Herrington,M "	"5f "	"3"	"8"	"4"	"8"
"18:35:00"	"2024-09-13"	"Salisbury"	"Snuggle"	"18.00"	"20.8"	"Handicap"	"2"	"10"	"Ghiani, Marco"	"Dace, L A"	"6f "	"4"	"10"	"8"	"10"
"17:55:00"	"2024-09-13"	"Doncaster"	"Fantasy Master"	"4.00"	"6.2"	"Handicap"	"1"	"14"	"Egan, David"	"Holland, Darryll"	"5f "	"4"	"5"	"5"	"18"
"17:55:00"	"2024-09-11"	"Cork"	"Hezahunk (IRE)"	"7.50"	"11"	"Handicap"	"9"	"16"	"Caffrey, Adam"	"McGuinness, Adrian"	"7f "	"0"	"4"	"4"	"15"
"15:55:00"	"2024-09-11"	"Carlisle"	"Eldeyaar (IRE)"	"8.50"	"11.34"	"Handicap"	"3"	"9"	"Jary, Alex"	"Brittain, Antony"	"5f "	"6"	"6"	"1"	"7"
"15:55:00"	"2024-09-11"	"Carlisle"	"Warminster"	"12.00"	"19"	"Handicap"	"6"	"9"	"Hart, Jason"	"Scott, Miss Katie"	"5f "	"6"	"8"	"7"	"12"
"16:44:00"	"2024-09-10"	"Leicester"	"Sound Reason"	"7.50"	"11"	"Handicap"	"3"	"9"	"Watson, Jason"	"OMeara, D"	"5f "	"5"	"10"	"2"	"11"
"16:35:00"	"2024-09-08"	"York"	"Northern Spirit"	"8.50"	"9.91"	"Handicap"	"1"	"18"	"Robinson, Ben"	"Ellison, B"	"6f "	"4"	"10"	"1"	"12"
"16:00:00"	"2024-09-07"	"Navan"	"Rathbranchurch (IRE)"	"16.00"	"30.55"	"Handicap"	"7"	"11"	"Joyce, Wesley"	"Mulvany, Michael"	"5f "	"0"	"9"	"8"	"13"
"16:00:00"	"2024-09-07"	"Navan"	"Transcendental (FR)"	"1.88"	"3.38"	"Handicap"	"8"	"11"	"Whearty, R"	"Cromwell, Gavin Patrick"	"5f "	"0"	"9"	"1"	"13"
"15:25:00"	"2024-09-07"	"Navan"	"Devils Angel"	"4.50"	"6.8"	"Handicap"	"12"	"15"	"Keane, C T"	"Coleman, Kevin"	"5f "	"0"	"7"	"12"	"17"
"14:00:00"	"2024-09-06"	"Haydock"	"Skallywag Bay"	"7.50"	"11.96"	"Handicap"	"6"	"13"	"Leavy, Mr Joe"	"Hannon (Jnr), Richard"	"5f "	"4"	"4"	"1"	"4"
"13:50:00"	"2024-09-06"	"Ascot"	"Master Of Combat (IRE)"	"40.00"	"52.4"	"Handicap"	"8"	"13"	"Frost, Miss Lauren"	"Frost, Kevin"	"1m "	"4"	"8"	"8"	"14"
"13:50:00"	"2024-09-06"	"Ascot"	"Little Empire (IRE)"	"8.00"	"10.73"	"Handicap"	"12"	"13"	"OConnor, Miss A B"	"McCann, Anthony"	"1m "	"4"	"8"	"UR"	"16"
"19:15:00"	"2024-09-04"	"Hamilton"	"Ramon Di Loria (IRE)"	"3.50"	"5.36"	"Handicap"	"2"	"8"	"Scott, Rowan"	"Whillans, Ewan"	"6f "	"6"	"7"	"3"	"10"
"19:15:00"	"2024-09-04"	"Hamilton"	"Fiscal Policy (IRE)"	"7.50"	"11.5"	"Handicap"	"3"	"8"	"Mason, Joanna"	"Carr, Mrs R A"	"6f "	"6"	"7"	"1"	"8"
"16:58:00"	"2024-09-03"	"Chepstow"	"Some Nightmare (IRE)"	"3.50"	"5.2"	"Handicap"	"1"	"6"	"Carson, William"	"Oshea, J G M"	"5f "	"6"	"8"	"5"	"8"
"16:58:00"	"2024-09-03"	"Chepstow"	"Louis Treize (IRE)"	"6.50"	"9"	"Handicap"	"3"	"6"	"Coughlan, Laura"	"Faulkner, T"	"5f "	"6"	"8"	"3"	"8"
"16:58:00"	"2024-09-03"	"Chepstow"	"My Delilah (IRE)"	"2.00"	"3.32"	"Handicap"	"4"	"6"	"Loughnane, Mr Billy"	"Wintle, A"	"5f "	"6"	"8"	"2"	"8"
"16:58:00"	"2024-09-03"	"Chepstow"	"Concierge (IRE)"	"3.33"	"4.7"	"Handicap"	"5"	"6"	"Fraser, Kaiya"	"Attwater, M J"	"5f "	"6"	"8"	"4"	"8"
"16:05:00"	"2024-09-03"	"Goodwood"	"Rhythm N Hooves"	"6.50"	"8.13"	"Handicap"	"2"	"10"	"Doyle, Hollie"	"Watson, Archie"	"6f "	"4"	"10"	"13"	"19"
"16:05:00"	"2024-09-03"	"Goodwood"	"Indian Creak (IRE)"	"16.00"	"26"	"Handicap"	"10"	"10"	"Probert, David"	"Channon, Jack"	"6f "	"4"	"10"	"4"	"9"
"15:48:00"	"2024-09-03"	"Chepstow"	"Savannah Smiles (IRE)"	"3.00"	"3.9"	"Handicap"	"1"	"8"	"Hutchinson, Callum"	"Harris, Miss G"	"6f "	"5"	"8"	"2"	"8"
"15:48:00"	"2024-09-03"	"Chepstow"	"Diamond Cottage"	"6.00"	"8.82"	"Handicap"	"2"	"8"	"Bennett, Charlie"	"Saunders, M S"	"6f "	"5"	"8"	"8"	"14"
"15:48:00"	"2024-09-03"	"Chepstow"	"Umming N Ahing"	"18.00"	"23"	"Handicap"	"5"	"8"	"Mangan, Gina"	"Turner, W G M"	"6f "	"5"	"3"	"9"	"10"
"15:48:00"	"2024-09-03"	"Chepstow"	"El Montejean"	"66.00"	"110"	"Handicap"	"6"	"8"	"Mortensen, Mikkel"	"Lund, B V"	"6f "	"5"	"8"	"8"	"8"
"14:20:00"	"2024-09-03"	"Goodwood"	"Angle Land"	"4.00"	"5.41"	"Handicap"	"2"	"4"	"Ryan, Rossa"	"Cowell, R M H"	"5f "	"4"	"10"	"6"	"6"
"14:00:00"	"2024-09-03"	"Chepstow"	"Island Native (IRE)"	"6.00"	"7.39"	"Handicap"	"1"	"7"	"Larson, Frederick"	"Appleby, M"	"7f "	"4"	"9"	"5"	"10"
"14:00:00"	"2024-09-03"	"Chepstow"	"Ultramarine (IRE)"	"2.75"	"3.67"	"Handicap"	"2"	"7"	"McDonnell, Alexandra"	"Evans, P D"	"7f "	"4"	"7"	"2"	"10"
"14:00:00"	"2024-09-03"	"Chepstow"	"Redredrobin"	"3.00"	"4.8"	"Handicap"	"6"	"7"	"Hutchinson, Callum"	"Saunders, M S"	"7f "	"4"	"8"	"2"	"14"
"17:10:00"	"2024-09-02"	"Chepstow"	"Ajrad"	"2.50"	"4.02"	"Handicap"	"1"	"7"	"Osborne, Saffie"	"Millman, B R"	"1m "	"6"	"7"	"3"	"14"
"17:10:00"	"2024-09-02"	"Chepstow"	"Ballsbridge (USA)"	"3.33"	"4.62"	"Handicap"	"3"	"7"	"Wood, George"	"Candlish, Jennie"	"1m "	"6"	"4"	"2"	"11"
"14:05:00"	"2024-09-02"	"Chepstow"	"Flagman"	"9.00"	"13.16"	"Handicap"	"7"	"9"	"Osborne, Saffie"	"Faulkner, T"	"7f "	"6"	"7"	"5"	"8"
"14:05:00"	"2024-09-02"	"Chepstow"	"Vaunted"	"4.50"	"7.44"	"Handicap"	"UR"	"9"	"Dawson, R"	"Wintle, A"	"7f "	"6"	"7"	"1"	"8"
"17:20:00"	"2024-08-31"	"Sandown"	"Good Earth (IRE)"	"7.00"	"8.64"	"Handicap"	"1"	"10"	"Sayette, B D L"	"Herrington,M "	"5f "	"4"	"7"	"1"	"5"
"17:20:00"	"2024-08-31"	"Sandown"	"Ingra Tor (IRE)"	"6.50"	"8.56"	"Handicap"	"3"	"10"	"Bishop, Charles"	"Channon, Jack"	"5f "	"4"	"9"	"7"	"14"
"14:35:00"	"2024-08-31"	"Beverley"	"Sound Reason"	"12.00"	"18"	"Handicap"	"2"	"11"	"Winn, Mark"	"OMeara, D"	"5f "	"5"	"8"	"6"	"7"
"14:35:00"	"2024-08-31"	"Beverley"	"Emeralds Pride"	"4.00"	"6"	"Handicap"	"5"	"11"	"Kirrane, Sean"	"Dods, M"	"5f "	"5"	"6"	"1"	"16"
"14:35:00"	"2024-08-31"	"Beverley"	"Mattice"	"5.00"	"5.9"	"Handicap"	"10"	"11"	"Fentiman, Duran"	"Easterby, T D"	"5f "	"5"	"9"	"8"	"14"
"16:15:00"	"2024-08-30"	"Thirsk"	"Sydney Bay"	"4.00"	"5.74"	"Non-Handicap"	"3"	"9"	"Scott, Rowan"	"Harker, G A"	"6f "	"6"	"6"	"7"	"12"
"15:45:00"	"2024-08-30"	"Thirsk"	"Hard Solution"	"14.00"	"17.5"	"Non-Handicap"	"9"	"9"	"Sullivan, James P"	"Carr, Mrs R A"	"6f "	"6"	"6"	"3"	"11"
"14:25:00"	"2024-08-30"	"Sandown"	"Four Adaay"	"3.00"	"4.53"	"Handicap"	"2"	"11"	"Murphy, Oisin"	"Millman, B R"	"5f "	"5"	"7"	"4"	"7"
"13:25:00"	"2024-08-30"	"Ffos Las"	"Diamondsinthesand (IRE)"	"1.50"	"2.7"	"Handicap"	"2"	"9"	"Marsh, Finley"	"Wintle, A"	"6f "	"6"	"7"	"1"	"7"
"15:00:00"	"2024-08-29"	"Navan"	"Transcendental (FR)"	"1.38"	"2.64"	"Handicap"	"1"	"13"	"Whearty, R"	"Cromwell, Gavin Patrick"	"6f "	"0"	"2"	"2"	"13"
"15:00:00"	"2024-08-29"	"Navan"	"Rathbranchurch (IRE)"	"33.00"	"78.27"	"Handicap"	"8"	"13"	"Casey, T"	"Mulvany, Michael"	"6f "	"0"	"2"	"11"	"13"
"17:05:00"	"2024-08-28"	"Musselburgh"	"Sugar Hill Babe (IRE)"	"4.00"	"5.28"	"Handicap"	"3"	"9"	"Edmunds, Lewis"	"Williamson, Mrs L"	"5f "	"5"	"9"	"2"	"7"
"17:05:00"	"2024-08-28"	"Musselburgh"	"Ski Angel"	"18.00"	"27.58"	"Handicap"	"8"	"9"	"Fanning, Joe"	"Smith, R Michael"	"5f "	"5"	"1"	"4"	"7"
"16:55:00"	"2024-08-28"	"Catterick"	"Glory Fighter"	"3.33"	"4.7"	"Handicap"	"5"	"5"	"Winn, Mark"	"Midgley, P T"	"5f "	"4"	"9"	"3"	"6"
"16:00:00"	"2024-08-27"	"Ripon"	"Wreck It Ryley (IRE)"	"6.00"	"8.2"	"Handicap"	"1"	"11"	"Swift, Mr Dale"	"Brown, A D"	"6f "	"4"	"10"	"3"	"12"
"16:00:00"	"2024-08-27"	"Ripon"	"It Just Takes Time (IRE)"	"12.00"	"16"	"Handicap"	"2"	"11"	"Garritty, Jack"	"Walford, Mark"	"6f "	"4"	"10"	"7"	"16"
"16:00:00"	"2024-08-27"	"Ripon"	"Another Baar"	"3.50"	"5.4"	"Handicap"	"3"	"11"	"McDonald, P J"	"Keatley, Adrian Paul"	"6f "	"4"	"10"	"2"	"16"
"16:00:00"	"2024-08-27"	"Ripon"	"Thornaby Pearl"	"8.50"	"13.55"	"Handicap"	"4"	"11"	"Murtagh, Connor"	"Nicholls, Adrian"	"6f "	"4"	"10"	"3"	"16"
"17:20:00"	"2024-08-26"	"Chepstow"	"Vaunted"	"3.50"	"5.51"	"Handicap"	"1"	"8"	"Marsh, Finley"	"Wintle, A"	"6f "	"6"	"9"	"3"	"8"
"16:10:00"	"2024-08-26"	"Chepstow"	"Romanovich (IRE)"	"6.50"	"9.39"	"Handicap"	"1"	"14"	"Probert, David"	"Oshea, J G M"	"7f "	"6"	"6"	"3"	"7"
"16:10:00"	"2024-08-26"	"Chepstow"	"Marchetti (IRE)"	"7.00"	"9.85"	"Handicap"	"2"	"14"	"Dobie, Georgia"	"Fox, J C"	"7f "	"6"	"6"	"2"	"8"
"16:10:00"	"2024-08-26"	"Chepstow"	"Diamond Cottage"	"12.00"	"18.87"	"Handicap"	"8"	"14"	"Bennett, Charlie"	"Saunders, M S"	"7f "	"6"	"7"	"6"	"12"
"13:50:00"	"2024-08-26"	"Chepstow"	"Some Nightmare (IRE)"	"3.33"	"4.95"	"Handicap"	"5"	"8"	"Wonnacott, Millie"	"Oshea, J G M"	"5f "	"6"	"9"	"4"	"8"
"17:10:00"	"2024-08-25"	"Yarmouth"	"Dion Baker (IRE)"	"1.00"	"2.12"	"Handicap"	"1"	"4"	"Keenan, Darragh"	"Wigham, M"	"7f "	"6"	"5"	"4"	"8"
"16:35:00"	"2024-08-25"	"Yarmouth"	"Alafdhal (IRE)"	"40.00"	"62.41"	"Handicap"	"8"	"11"	"Gordon, Josephine"	"McEntee, P S"	"6f "	"5"	"9"	"9"	"10"
"16:35:00"	"2024-08-25"	"Yarmouth"	"Phoenix Beach (IRE)"	"10.00"	"13"	"Handicap"	"9"	"11"	"ONeill, K T"	"Dixon, Scott"	"6f "	"5"	"9"	"1"	"5"
"15:42:00"	"2024-08-25"	"Naas"	"Theriverrunsdeep (IRE)"	"16.00"	"22"	"Handicap"	"1"	"22"	"Joyce, Wesley"	"ODonnell, Seamus G"	"5f "	"0"	"8"	"16"	"21"
"15:42:00"	"2024-08-25"	"Naas"	"Aurora Nova (IRE)"	"14.00"	"19.92"	"Handicap"	"18"	"22"	"Kearney, J"	"McNamara, Andrew"	"5f "	"0"	"8"	"8"	"21"
"15:42:00"	"2024-08-25"	"Naas"	"Sister Lola (IRE)"	"20.00"	"35.26"	"Handicap"	"20"	"22"	"Sheridan, J M"	"Sexton, Adrian"	"5f "	"0"	"8"	"19"	"28"
"15:25:00"	"2024-08-25"	"Yarmouth"	"Embarked (IRE)"	"18.00"	"24"	"Handicap"	"3"	"10"	"Morris, Luke"	"Dixon, Scott"	"1m "	"5"	"7"	"2"	"12"
"15:25:00"	"2024-08-25"	"Yarmouth"	"Falcon Nine"	"5.50"	"6.6"	"Handicap"	"8"	"10"	"Jamin, Pierre-Louis"	"Fellowes, Charlie"	"1m "	"5"	"8"	"7"	"11"
"14:05:00"	"2024-08-25"	"Beverley"	"Emeralds Pride"	"9.00"	"10.74"	"Handicap"	"1"	"16"	"Kirrane, Sean"	"Dods, M"	"5f "	"4"	"10"	"6"	"10"
"14:05:00"	"2024-08-25"	"Beverley"	"Rock Of England (IRE)"	"5.50"	"6.7"	"Handicap"	"2"	"16"	"Nolan, D"	"Midgley, P T"	"5f "	"4"	"9"	"4"	"9"
"14:05:00"	"2024-08-25"	"Beverley"	"Dandy Dinmont (IRE)"	"16.00"	"25"	"Handicap"	"6"	"16"	"McManoman, Faye"	"Tinkler, N"	"5f "	"4"	"9"	"6"	"9"
"14:05:00"	"2024-08-25"	"Beverley"	"Catch Cunningham (IRE)"	"16.00"	"22.16"	"Handicap"	"8"	"16"	"Eaves, Tom"	"Herrington,M "	"5f "	"4"	"9"	"7"	"9"
"14:05:00"	"2024-08-25"	"Beverley"	"Thankuappreciate"	"11.00"	"16"	"Handicap"	"11"	"16"	"Wheatley, Zak"	"Carroll, D"	"5f "	"4"	"8"	"4"	"8"
"14:05:00"	"2024-08-25"	"Beverley"	"Khabib (IRE)"	"4.50"	"6.38"	"Handicap"	"14"	"16"	"Hart, Jason"	"Craggs, R"	"5f "	"4"	"9"	"2"	"9"
"14:05:00"	"2024-08-25"	"Beverley"	"Majeski Man (IRE)"	"22.00"	"34"	"Handicap"	"15"	"16"	"Hardie, Cameron"	"Midgley, P T"	"5f "	"4"	"6"	"3"	"7"
"14:05:00"	"2024-08-25"	"Beverley"	"Reinforce (IRE)"	"6.50"	"9.82"	"Handicap"	"16"	"16"	"Shepherd, Callum"	"Brown, Miss Katy"	"5f "	"4"	"1"	"18"	"19"
"20:00:00"	"2024-08-24"	"Redcar"	"Hard Solution"	"16.00"	"22"	"Handicap"	"3"	"11"	"Mason, Joanna"	"Carr, Mrs R A"	"6f "	"6"	"6"	"4"	"10"
"19:00:00"	"2024-08-24"	"Redcar"	"Archduke Ferdinand (IRE)"	"4.50"	"6.2"	"Handicap"	"1"	"14"	"Jary, Alex"	"Spencer, Seb"	"6f "	"5"	"7"	"1"	"9"
"19:00:00"	"2024-08-24"	"Redcar"	"Sparkling Red (IRE)"	"20.00"	"27.08"	"Handicap"	"6"	"14"	"Mulrennan, Paul"	"Dods, M"	"6f "	"5"	"9"	"8"	"10"
"18:00:00"	"2024-08-24"	"Redcar"	"Zozimus (IRE)"	"1.88"	"2.84"	"Handicap"	"3"	"9"	"Nolan, D"	"OMeara, D"	"1m "	"4"	"6"	"1"	"13"
"17:40:00"	"2024-08-24"	"Curragh"	"Ostraka (IRE)"	"6.50"	"9.43"	"Handicap"	"1"	"13"	"Ryan, J J G"	"Murphy, Daniel"	"5f "	"0"	"7"	"10"	"21"
"17:40:00"	"2024-08-24"	"Curragh"	"Never Shout Never (IRE)"	"4.50"	"6.58"	"Handicap"	"6"	"13"	"Coen, Ben M"	"Davison, Jack W"	"5f "	"0"	"7"	"4"	"21"
"17:15:00"	"2024-08-24"	"Windsor"	"Danger Alert"	"18.00"	"23.64"	"Handicap"	"5"	"9"	"Turner, Hayley"	"Baker, George"	"6f "	"4"	"5"	"10"	"12"
"17:02:00"	"2024-08-24"	"Newmarket (July)"	"Good Earth (IRE)"	"1.88"	"3.02"	"Handicap"	"1"	"5"	"Sayette, B D L"	"Herrington,M "	"5f "	"4"	"9"	"3"	"11"
"20:09:00"	"2024-08-23"	"Hamilton"	"Sound Reason"	"4.00"	"5.23"	"Handicap"	"6"	"7"	"Nolan, D"	"OMeara, D"	"5f "	"6"	"8"	"2"	"10"
"19:35:00"	"2024-08-23"	"Hamilton"	"Be Proud (IRE)"	"12.00"	"18"	"Handicap"	"6"	"9"	"Havlin, Robert"	"Goldie, J S"	"5f "	"3"	"6"	"5"	"8"
"17:15:00"	"2024-08-23"	"Goodwood"	"Cooperation (IRE)"	"6.50"	"8.82"	"Handicap"	"7"	"9"	"Fraser, Kaiya"	"Attwater, M J"	"6f "	"5"	"7"	"6"	"7"
"14:45:00"	"2024-08-23"	"Newmarket (July)"	"Twilight Jazz"	"11.00"	"15.76"	"Handicap"	"5"	"9"	"Bowen, S D"	"Charalambous, P"	"7f "	"5"	"9"	"2"	"8"
"19:55:00"	"2024-08-19"	"Windsor"	"Diamond Cottage"	"4.00"	"6.2"	"Handicap"	"6"	"12"	"Mangan, Gina"	"Saunders, M S"	"6f "	"6"	"5"	"2"	"9"
"19:55:00"	"2024-08-19"	"Windsor"	"Greatest Time (IRE)"	"3.33"	"4.7"	"Handicap"	"8"	"12"	"Kingscote, Richard"	"Evans, P D"	"6f "	"6"	"10"	"3"	"7"
"19:55:00"	"2024-08-19"	"Windsor"	"Twitch (NZ)"	"66.00"	"90"	"Handicap"	"9"	"12"	"Dobie, Georgia"	"Benton, Craig"	"6f "	"6"	"10"	"5"	"7"
"19:40:00"	"2024-08-19"	"Yarmouth"	"Premiership"	"10.00"	"15.38"	"Non-Handicap"	"3"	"13"	"Keenan, Darragh"	"Wigham, M"	"1m "	"6"	"4"	"13"	"14"
"19:40:00"	"2024-08-19"	"Yarmouth"	"Available Angel"	"12.00"	"16.48"	"Non-Handicap"	"5"	"13"	"Haynes, Joey"	"Mackie, J"	"1m "	"6"	"8"	"8"	"10"
"19:25:00"	"2024-08-19"	"Windsor"	"Nordic Glory (IRE)"	"8.00"	"9.34"	"Handicap"	"1"	"8"	"Carson, William"	"Attwater, M J"	"5f "	"6"	"10"	"3"	"6"
"18:55:00"	"2024-08-19"	"Windsor"	"Ultramarine (IRE)"	"14.00"	"18.51"	"Handicap"	"3"	"12"	"Kingscote, Richard"	"Evans, P D"	"6f "	"4"	"8"	"3"	"11"
"16:50:00"	"2024-08-17"	"Doncaster"	"Match Play"	"11.00"	"15.5"	"Handicap"	"8"	"8"	"Winn, Mark"	"Midgley, P T"	"5f "	"3"	"10"	"1"	"5"
"15:07:00"	"2024-08-17"	"Doncaster"	"Great Max (IRE)"	"3.50"	"5"	"Handicap"	"1"	"12"	"Tudhope, Daniel"	"OMeara, D"	"7f "	"5"	"8"	"1"	"10"
"15:07:00"	"2024-08-17"	"Doncaster"	"Albeseeingyer"	"3.50"	"4.7"	"Handicap"	"6"	"12"	"Havlin, Robert"	"Hollinshead, Steph"	"7f "	"5"	"8"	"1"	"7"
"14:45:00"	"2024-08-17"	"Ripon"	"Supreme King (IRE)"	"10.00"	"13.78"	"Handicap"	"5"	"16"	"Hogan, D E"	"Evans, P D"	"6f "	"4"	"8"	"2"	"9"
"14:45:00"	"2024-08-17"	"Ripon"	"Maxi Boy"	"18.00"	"25.95"	"Handicap"	"16"	"16"	"Gray, S A"	"Mcsharry, Fionn"	"6f "	"4"	"4"	"13"	"15"
"14:25:00"	"2024-08-17"	"Newbury"	"Reinforce (IRE)"	"8.00"	"8.79"	"Handicap"	"2"	"10"	"Ryan, Rossa"	"Brown, Miss Katy"	"5f "	"3"	"8"	"4"	"13"
"14:15:00"	"2024-08-17"	"Curragh"	"Thunderbear (IRE)"	"12.00"	"19.29"	"Handicap"	"7"	"8"	"Joyce, Wesley"	"Davison, Jack W"	"6f "	"0"	"7"	"8"	"10"
"14:05:00"	"2024-08-17"	"Newmarket (July)"	"Good Karma"	"33.00"	"38.57"	"Handicap"	"9"	"9"	"Keenan, Darragh"	"Owen, J P"	"6f "	"4"	"9"	"5"	"5"
"20:00:00"	"2024-08-16"	"Newmarket (July)"	"Spring Bloom"	"2.75"	"4.17"	"Handicap"	"1"	"10"	"Marquand, Tom"	"Eddery, Robert"	"6f "	"5"	"7"	"1"	"9"
"20:00:00"	"2024-08-16"	"Newmarket (July)"	"My Boy Jack"	"14.00"	"16.76"	"Handicap"	"6"	"10"	"Leavy, Mr Joe"	"Frost, Kevin"	"6f "	"5"	"9"	"4"	"10"
"19:05:00"	"2024-08-16"	"Thirsk"	"Catch Cunningham (IRE)"	"14.00"	"22"	"Handicap"	"7"	"9"	"Eaves, Tom"	"Herrington,M "	"5f "	"4"	"9"	"3"	"10"
"19:30:00"	"2024-08-15"	"Windsor"	"Haymaker"	"2.25"	"3.85"	"Handicap"	"6"	"9"	"Stott, Kevin"	"Morrison, H"	"6f "	"3"	"3"	"13"	"16"
"14:30:00"	"2024-08-14"	"Salisbury"	"Roman Spring (IRE)"	"4.50"	"7.18"	"Handicap"	"2"	"9"	"Mohd, Shariq"	"Bridger, J / Cook, R"	"7f "	"6"	"9"	"6"	"13"
"14:30:00"	"2024-08-14"	"Salisbury"	"Diamond Cottage"	"6.00"	"8.06"	"Handicap"	"2"	"9"	"Daly, Mr Frederick"	"Saunders, M S"	"7f "	"6"	"7"	"5"	"8"
"19:30:00"	"2024-08-13"	"Hamilton"	"Rock Melody (IRE)"	"5.00"	"6.97"	"Handicap"	"1"	"15"	"Waugh, Amie"	"Goldie, J S"	"6f "	"4"	"9"	"3"	"9"
"19:30:00"	"2024-08-13"	"Hamilton"	"Rory"	"20.00"	"28.68"	"Handicap"	"6"	"15"	"Mulrennan, Paul"	"Goldie, J S"	"6f "	"4"	"10"	"4"	"7"
"19:30:00"	"2024-08-13"	"Hamilton"	"American Star (IRE)"	"16.00"	"20.97"	"Handicap"	"7"	"15"	"Sullivan, James P"	"Carr, Mrs R A"	"6f "	"4"	"10"	"5"	"8"
"17:30:00"	"2024-08-13"	"Hamilton"	"Strong Johnson (IRE)"	"1.50"	"2.48"	"Handicap"	"2"	"5"	"McHugh, K S"	"Midgley, P T"	"5f "	"5"	"4"	"2"	"7"
"17:05:00"	"2024-08-13"	"Nottingham"	"Captain Bentley"	"80.00"	"129.82"	"Handicap"	"7"	"7"	"Bennett, Charlie"	"Mullineaux, M"	"5f "	"6"	"7"	"9"	"10"
"17:45:00"	"2024-08-12"	"Ayr"	"See My Baby Jive"	"4.50"	"5.86"	"Handicap"	"2"	"7"	"Hart, Jason"	"Whillans, D W"	"6f "	"6"	"2"	"8"	"15"
"17:45:00"	"2024-08-12"	"Ayr"	"Onthebunny"	"22.00"	"27.21"	"Handicap"	"7"	"7"	"Sullivan, James P"	"Perratt, Miss L A"	"6f "	"6"	"2"	"9"	"15"
"17:15:00"	"2024-08-12"	"Ayr"	"Sixcor"	"4.00"	"5.16"	"Handicap"	"1"	"8"	"Loughnane, Mr Billy"	"Perratt, Miss L A"	"6f "	"6"	"2"	"8"	"12"
"17:15:00"	"2024-08-12"	"Ayr"	"Atomise"	"2.50"	"4"	"Handicap"	"2"	"8"	"Beasley, Connor"	"Dods, M"	"6f "	"6"	"7"	"4"	"10"
"16:10:00"	"2024-08-11"	"Ripon"	"Dunnington Lad (IRE)"	"4.00"	"5.7"	"Handicap"	"1"	"9"	"Jones, Ethan"	"Winks, P"	"5f "	"6"	"5"	"4"	"10"
"16:10:00"	"2024-08-11"	"Ripon"	"Protest Rally (IRE)"	"4.50"	"6.02"	"Handicap"	"2"	"9"	"Marshall, Tom Kiely"	"Bailey, Liam"	"5f "	"6"	"2"	"1"	"6"
"15:00:00"	"2024-08-11"	"Leicester"	"Lihou"	"5.50"	"6.59"	"Handicap"	"1"	"11"	"Probert, David"	"Evans, P D"	"6f "	"5"	"7"	"3"	"15"
"15:00:00"	"2024-08-11"	"Leicester"	"Ultramarine (IRE)"	"28.00"	"36.87"	"Handicap"	"3"	"11"	"McDonnell, Alexandra"	"Evans, P D"	"6f "	"5"	"8"	"8"	"8"
"15:00:00"	"2024-08-11"	"Leicester"	"Golden Duke (IRE)"	"11.00"	"13.96"	"Handicap"	"5"	"11"	"Turner, Hayley"	"Tinkler, N"	"6f "	"5"	"8"	"5"	"8"
"19:42:00"	"2024-08-10"	"Ayr"	"Giselles Izzy (IRE)"	"12.00"	"17.69"	"Handicap"	"1"	"15"	"Farmer, Shay"	"Jardine, I"	"6f "	"6"	"5"	"8"	"10"
"19:42:00"	"2024-08-10"	"Ayr"	"Onthebunny"	"100.00"	"173.88"	"Handicap"	"9"	"15"	"Sullivan, James P"	"Perratt, Miss L A"	"6f "	"6"	"8"	"4"	"7"
"19:42:00"	"2024-08-10"	"Ayr"	"Stormy Pearl"	"7.00"	"8.8"	"Handicap"	"14"	"15"	"McSweeney, O"	"Thompson, D W"	"6f "	"6"	"10"	"1"	"11"
"19:22:00"	"2024-08-10"	"Lingfield"	"Time Patrol"	"3.50"	"5.81"	"Non-Handicap"	"3"	"7"	"Morris, Luke"	"Carroll, A W"	"6f "	"6"	"8"	"1"	"7"
"19:22:00"	"2024-08-10"	"Lingfield"	"Coast"	"1.25"	"2.37"	"Non-Handicap"	"4"	"7"	"Mortensen, Mikkel"	"Dixon, Scott"	"6f "	"6"	"5"	"1"	"13"
"18:42:00"	"2024-08-10"	"Ayr"	"Cuban Rock"	"4.00"	"6.18"	"Handicap"	"5"	"8"	"Waugh, Amie"	"Goldie, J S"	"5f "	"6"	"8"	"4"	"7"
"17:10:00"	"2024-08-10"	"Curragh"	"Collective Power (IRE)"	"8.00"	"11.98"	"Handicap"	"5"	"14"	"Woods, Sorcha"	"Lynam, Edward"	"6f "	"0"	"5"	"2"	"8"
"16:22:00"	"2024-08-10"	"Redcar"	"Jamies Choice"	"2.50"	"3.95"	"Non-Handicap"	"1"	"12"	"Beasley, Connor"	"Waggott, Miss Tracy"	"5f "	"6"	"8"	"7"	"13"
"16:22:00"	"2024-08-10"	"Redcar"	"The Grey Lass"	"10.00"	"13.08"	"Non-Handicap"	"3"	"12"	"Garritty, Billy"	"Easterby, M W"	"5f "	"6"	"8"	"1"	"8"
"16:22:00"	"2024-08-10"	"Redcar"	"Sixcor"	"12.00"	"17.06"	"Non-Handicap"	"8"	"12"	"Breslin, Andrew"	"Perratt, Miss L A"	"5f "	"6"	"8"	"6"	"7"
"16:22:00"	"2024-08-10"	"Redcar"	"Golden Prosperity (IRE)"	"8.00"	"11.19"	"Non-Handicap"	"9"	"12"	"Nolan, D"	"Coyle, Tony"	"5f "	"6"	"4"	"1"	"10"
"16:22:00"	"2024-08-10"	"Redcar"	"Irish Dancer (IRE)"	"14.00"	"19.44"	"Non-Handicap"	"11"	"12"	"Wheatley, Zak"	"Carroll, D"	"5f "	"6"	"4"	"6"	"10"
"15:47:00"	"2024-08-10"	"Redcar"	"Spirit Of Applause"	"2.25"	"3.27"	"Handicap"	"4"	"6"	"Allan, David"	"Easterby, T D"	"6f "	"3"	"6"	"8"	"15"
"15:12:00"	"2024-08-10"	"Redcar"	"Ey Up Its The Boss"	"5.00"	"7"	"Handicap"	"8"	"9"	"James, S H"	"Coyle, Tony"	"1m "	"4"	"5"	"1"	"6"
"16:40:00"	"2024-08-09"	"Thirsk"	"Delagate The Lady"	"14.00"	"16.22"	"Non-Handicap"	"4"	"11"	"Jones, Ethan"	"Fell, R / Murray, S"	"6f "	"6"	"7"	"12"	"13"
"15:40:00"	"2024-08-09"	"Thirsk"	"Albegone"	"3.00"	"4.77"	"Handicap"	"5"	"7"	"Allan, David"	"Easterby, T D"	"5f "	"4"	"6"	"2"	"9"
"14:50:00"	"2024-08-09"	"Musselburgh"	"Protest Rally (IRE)"	"5.00"	"6.8"	"Handicap"	"1"	"6"	"Marshall, Tom Kiely"	"Bailey, Liam"	"5f "	"5"	"7"	"2"	"7"
"14:50:00"	"2024-08-09"	"Musselburgh"	"Classy Al"	"2.25"	"3.5"	"Handicap"	"3"	"6"	"Mulrennan, Paul"	"Goldie, J S"	"5f "	"5"	"6"	"4"	"5"
"19:00:00"	"2024-08-08"	"Chepstow"	"Existent"	"4.00"	"5.99"	"Handicap"	"4"	"8"	"Davies, Harry"	"Williams, S C"	"5f "	"3"	"4"	"4"	"10"
"19:00:00"	"2024-08-08"	"Chepstow"	"Reigning Profit (IRE)"	"9.00"	"10.53"	"Handicap"	"6"	"8"	"Sullivan, James P"	"Carr, Mrs R A"	"5f "	"3"	"5"	"1"	"5"
"18:30:00"	"2024-08-08"	"Chepstow"	"Havana Rum (IRE)"	"4.50"	"6.2"	"Handicap"	"2"	"8"	"Orr, Oisin"	"Fahey, R A"	"6f "	"4"	"7"	"5"	"12"
"18:00:00"	"2024-08-08"	"Chepstow"	"Alpine Sierra (IRE)"	"8.00"	"9.8"	"Handicap"	"4"	"11"	"Fanning, Joe"	"Goldie, J S"	"7f "	"4"	"10"	"2"	"8"
"17:30:00"	"2024-08-08"	"Chepstow"	"Austrian Theory (IRE)"	"4.50"	"6"	"Handicap"	"3"	"10"	"Allan, David"	"Easterby, T D"	"1m "	"4"	"5"	"5"	"10"
"17:30:00"	"2024-08-08"	"Chepstow"	"Dutch Decoy"	"2.75"	"3.74"	"Handicap"	"4"	"10"	"Fanning, Joe"	"Johnston, Charlie"	"1m "	"4"	"6"	"2"	"16"
"17:30:00"	"2024-08-08"	"Chepstow"	"Youarenotforgiven"	"11.00"	"15.78"	"Handicap"	"6"	"10"	"Sayette, B D L"	"Carroll, A W"	"1m "	"4"	"8"	"1"	"5"
"17:30:00"	"2024-08-08"	"Chepstow"	"Enough Already"	"14.00"	"20.99"	"Handicap"	"9"	"10"	"Sheehy, Danny"	"McGuinness, Adrian"	"1m "	"4"	"9"	"5"	"16"
"14:15:00"	"2024-08-08"	"Yarmouth"	"Havagomecca"	"3.50"	"4.24"	"Handicap"	"4"	"5"	"Beasley, Connor"	"Dods, M"	"5f "	"6"	"6"	"5"	"7"
"20:10:00"	"2024-08-07"	"Yarmouth"	"Wrath Of Hector"	"12.00"	"14.02"	"Handicap"	"1"	"10"	"Sanderson, Benjamin"	"Macey, Jessica"	"6f "	"6"	"8"	"5"	"11"
"20:10:00"	"2024-08-07"	"Yarmouth"	"My Boy Jack"	"4.00"	"5.91"	"Handicap"	"4"	"10"	"Sousa, Silvestre De"	"Frost, Kevin"	"6f "	"6"	"7"	"2"	"7"
"20:10:00"	"2024-08-07"	"Yarmouth"	"Sir Rodneyredblood"	"5.00"	"7.4"	"Handicap"	"5"	"10"	"Ghiani, Marco"	"Jenkins, J R"	"6f "	"6"	"8"	"2"	"5"
"20:10:00"	"2024-08-07"	"Yarmouth"	"Global Effort (IRE)"	"16.00"	"22"	"Handicap"	"8"	"10"	"Heard, Tyler"	"McEntee, P S"	"6f "	"6"	"9"	"4"	"8"
"19:40:00"	"2024-08-07"	"Yarmouth"	"Angle Land"	"2.50"	"3.76"	"Handicap"	"4"	"5"	"Callan, N"	"Cowell, R M H"	"5f "	"5"	"9"	"2"	"11"
"17:10:00"	"2024-08-06"	"Catterick"	"Mews House"	"18.00"	"25"	"Handicap"	"7"	"10"	"Winn, Mark"	"Perratt, Miss L A"	"5f "	"6"	"8"	"8"	"11"
"17:10:00"	"2024-08-06"	"Catterick"	"Brazen Belle"	"100.00"	"190"	"Handicap"	"10"	"10"	"Breslin, Andrew"	"Teague, C J"	"5f "	"6"	"10"	"11"	"11"
"17:18:00"	"2024-08-05"	"Lingfield"	"Rabinal"	"11.00"	"13.5"	"Handicap"	"4"	"5"	"Howarth, Christian"	"Dow, S"	"7f "	"5"	"9"	"5"	"13"
"17:13:00"	"2024-08-05"	"Carlisle"	"Water Of Leith (IRE)"	"6.00"	"6.86"	"Handicap"	"1"	"10"	"Waugh, Amie"	"Goldie, J S"	"6f "	"5"	"7"	"4"	"11"
"17:13:00"	"2024-08-05"	"Carlisle"	"Jkr Cobbler (IRE)"	"11.00"	"17"	"Handicap"	"5"	"10"	"Crawford, Miss Hannah"	"Jardine, I"	"6f "	"5"	"3"	"8"	"14"
"17:13:00"	"2024-08-05"	"Carlisle"	"Havana Pursuit"	"6.00"	"7.98"	"Handicap"	"7"	"10"	"Easterby, Miss E"	"Easterby, T D"	"6f "	"5"	"7"	"8"	"14"
"16:00:00"	"2024-08-05"	"Ripon"	"International Girl (IRE)"	"2.00"	"3.15"	"Handicap"	"4"	"6"	"Orr, Oisin"	"Fahey, R A"	"6f "	"3"	"9"	"7"	"14"
"16:00:00"	"2024-08-05"	"Ripon"	"Bay Breeze"	"5.50"	"8.85"	"Handicap"	"6"	"6"	"Allan, David"	"Easterby, T D"	"6f "	"3"	"10"	"4"	"21"
"15:45:00"	"2024-08-05"	"Lingfield"	"Pablo Del Pueblo (IRE)"	"1.20"	"2.2"	"Handicap"	"4"	"7"	"Howarth, Christian"	"Dow, S"	"5f "	"6"	"9"	"1"	"9"
"15:30:00"	"2024-08-05"	"Ripon"	"Woobay (IRE)"	"1.25"	"2.6"	"Handicap"	"7"	"8"	"McSweeney, O"	"Brooke, Daniel"	"5f "	"5"	"9"	"4"	"18"
"15:20:00"	"2024-08-05"	"Naas"	"Theriverrunsdeep (IRE)"	"6.00"	"8.36"	"Handicap"	"3"	"11"	"Joyce, Wesley"	"ODonnell, Seamus G"	"6f "	"0"	"10"	"8"	"23"
"18:45:00"	"2024-08-04"	"Haydock"	"Spirit Of Applause"	"7.50"	"11.08"	"Handicap"	"8"	"15"	"Kirrane, Sean"	"Easterby, T D"	"6f "	"4"	"10"	"5"	"14"
"18:45:00"	"2024-08-04"	"Haydock"	"Call Me Ginger"	"33.00"	"48.45"	"Handicap"	"14"	"15"	"Waugh, Amie"	"Goldie, J S"	"6f "	"4"	"8"	"11"	"13"
"18:45:00"	"2024-08-04"	"Haydock"	"Rogue Thunder"	"80.00"	"106.96"	"Handicap"	"15"	"15"	"Doughty, Jack"	"Morris, Patrick"	"6f "	"4"	"8"	"6"	"9"
"19:25:00"	"2024-08-03"	"Windsor"	"Moulin Booj (IRE)"	"1.25"	"2.28"	"Handicap"	"1"	"4"	"Keenan, Darragh"	"Scott, George"	"5f "	"4"	"9"	"2"	"11"
"19:25:00"	"2024-08-03"	"Windsor"	"Sarahs Verse"	"2.00"	"3.41"	"Handicap"	"4"	"4"	"Stott, Kevin"	"Harris, R A"	"5f "	"4"	"8"	"4"	"9"
"19:10:00"	"2024-08-03"	"Hamilton"	"Reigning Profit (IRE)"	"3.50"	"5.16"	"Handicap"	"1"	"5"	"Sullivan, James P"	"Carr, Mrs R A"	"5f "	"4"	"7"	"14"	"18"
"19:10:00"	"2024-08-03"	"Hamilton"	"Night On Earth (IRE)"	"2.00"	"3.47"	"Handicap"	"2"	"5"	"Nolan, D"	"Williams, Ian"	"5f "	"4"	"7"	"1"	"18"
"19:10:00"	"2024-08-03"	"Hamilton"	"Borough"	"28.00"	"33.29"	"Handicap"	"5"	"5"	"Jary, Alex"	"Jardine, I"	"5f "	"4"	"5"	"11"	"11"
"17:45:00"	"2024-08-03"	"Windsor"	"Cinque Verde"	"4.00"	"5.9"	"Handicap"	"6"	"7"	"Doughty, Jack"	"Carroll, A W"	"6f "	"5"	"5"	"5"	"7"
"17:00:00"	"2024-08-03"	"Newmarket (July)"	"Catch Cunningham (IRE)"	"2.50"	"3.83"	"Handicap"	"1"	"7"	"Sayette, B D L"	"Herrington,M "	"5f "	"5"	"9"	"7"	"10"
"16:35:00"	"2024-08-03"	"Doncaster"	"Another Baar"	"4.50"	"5.8"	"Handicap"	"1"	"8"	"Wheatley, Zak"	"Keatley, Adrian Paul"	"6f "	"5"	"7"	"7"	"18"
"16:35:00"	"2024-08-03"	"Doncaster"	"A Pint Of Bear (IRE)"	"4.50"	"6.4"	"Handicap"	"3"	"8"	"ONeill, K T"	"Dixon, Scott"	"6f "	"5"	"5"	"9"	"14"
"15:20:00"	"2024-08-03"	"Thirsk"	"Nelson Gay (IRE)"	"9.00"	"12.27"	"Handicap"	"5"	"9"	"Rodriguez, Callum"	"Dods, M"	"5f "	"4"	"5"	"5"	"11"
"20:20:00"	"2024-08-02"	"Musselburgh"	"Cuban Rock"	"5.50"	"7.74"	"Handicap"	"4"	"7"	"Waugh, Amie"	"Goldie, J S"	"5f "	"6"	"4"	"3"	"11"
"20:20:00"	"2024-08-02"	"Musselburgh"	"Sixcor"	"7.00"	"9.47"	"Handicap"	"6"	"7"	"Elliott, Rhys"	"Perratt, Miss L A"	"5f "	"6"	"4"	"5"	"11"
"20:20:00"	"2024-08-02"	"Musselburgh"	"Ski Angel"	"20.00"	"22.39"	"Handicap"	"7"	"7"	"Murtagh, Connor"	"Smith, R Michael"	"5f "	"6"	"4"	"9"	"11"
"19:58:00"	"2024-08-02"	"Newmarket (July)"	"King Of Scotia (IRE)"	"4.00"	"5.34"	"Handicap"	"1"	"9"	"Osborne, Saffie"	"Osborne, J A"	"1m "	"5"	"10"	"1"	"9"
"19:58:00"	"2024-08-02"	"Newmarket (July)"	"Speriamo"	"4.00"	"5.14"	"Handicap"	"6"	"9"	"Farragher, Adam J"	"McBride, P J"	"1m "	"5"	"6"	"8"	"15"
"19:58:00"	"2024-08-02"	"Newmarket (July)"	"Renesmee"	"9.00"	"12.31"	"Handicap"	"7"	"9"	"Marsh, Finley"	"Dunne, M"	"1m "	"5"	"8"	"10"	"14"
"18:45:00"	"2024-08-02"	"Musselburgh"	"Rock Melody (IRE)"	"5.50"	"8"	"Handicap"	"4"	"5"	"Waugh, Amie"	"Goldie, J S"	"5f "	"4"	"10"	"7"	"10"
"18:18:00"	"2024-08-02"	"Newmarket (July)"	"Al Muqdad"	"2.13"	"3.34"	"Handicap"	"2"	"8"	"Bentley, Harry"	"OMeara, D"	"7f "	"4"	"8"	"3"	"14"
"18:18:00"	"2024-08-02"	"Newmarket (July)"	"Farhh To Shy"	"7.50"	"9.12"	"Handicap"	"8"	"8"	"Queally, T P"	"Margarson, G G"	"7f "	"4"	"8"	"7"	"11"
"17:43:00"	"2024-08-02"	"Newmarket (July)"	"Nogos Dream"	"1.63"	"2.88"	"Handicap"	"2"	"10"	"Cosgrave, Pat"	"Hughes, Richard"	"6f "	"5"	"4"	"2"	"7"
"17:43:00"	"2024-08-02"	"Newmarket (July)"	"Porfin (IRE)"	"11.00"	"15.22"	"Handicap"	"4"	"10"	"Planas, Connor"	"McEntee, P S"	"6f "	"5"	"4"	"1"	"10"
"17:43:00"	"2024-08-02"	"Newmarket (July)"	"Kodi Red (IRE)"	"28.00"	"34"	"Handicap"	"10"	"10"	"Davies, Harry"	"Holland, Darryll"	"6f "	"5"	"8"	"10"	"10"
"18:05:00"	"2024-07-31"	"Leicester"	"My Boy Jack"	"25.00"	"40.51"	"Handicap"	"2"	"7"	"Pinna, Mr Andrea"	"Frost, Kevin"	"6f "	"6"	"8"	"1"	"9"
"18:05:00"	"2024-07-31"	"Leicester"	"My Kind Of Girl (FR)"	"6.50"	"7.89"	"Handicap"	"3"	"7"	"Doughty, Jack"	"Carroll, A W"	"6f "	"6"	"8"	"2"	"8"
"17:00:00"	"2024-07-31"	"Redcar"	"Ballsbridge (USA)"	"3.50"	"5.38"	"Handicap"	"2"	"8"	"Brown, Mr M W"	"Candlish, Jennie"	"1m "	"6"	"2"	"7"	"14"
"17:00:00"	"2024-07-31"	"Redcar"	"Concert Boy (IRE)"	"10.00"	"12.5"	"Handicap"	"3"	"8"	"Dickson, Mr Jake"	"Scott, Miss Katie"	"1m "	"6"	"9"	"4"	"12"
"17:00:00"	"2024-07-31"	"Redcar"	"Martins Brig (IRE)"	"3.50"	"4.8"	"Handicap"	"5"	"8"	"Sangster, Mr Ned"	"Thompson, D W"	"1m "	"6"	"4"	"3"	"13"
"17:00:00"	"2024-07-31"	"Redcar"	"Skedaddled (IRE)"	"50.00"	"77.57"	"Handicap"	"7"	"8"	"Teal, Miss Lois"	"Barr, R E"	"1m "	"6"	"10"	"11"	"12"
"16:25:00"	"2024-07-31"	"Redcar"	"Grand Style (FR)"	"50.00"	"90.79"	"Handicap"	"4"	"11"	"Scott, Rowan"	"Kirby, P A"	"6f "	"6"	"7"	"9"	"11"
"16:25:00"	"2024-07-31"	"Redcar"	"Gunnerside (IRE)"	"5.50"	"8"	"Handicap"	"6"	"11"	"Shaw, Harrison"	"Tuer, Grant"	"6f "	"6"	"10"	"2"	"14"
"14:40:00"	"2024-07-31"	"Redcar"	"Mary Ellen Best"	"150.00"	"643.08"	"Novices"	"7"	"7"	"Swift, Mr Dale"	"Waggott, Miss Tracy"	"7f "	"5"	"10"	"7"	"8"
"20:30:00"	"2024-07-30"	"Lingfield"	"Shot Of Love"	"3.00"	"3.95"	"Handicap"	"2"	"6"	"Probert, David"	"Appleby, M"	"7.5f "	"5"	"7"	"2"	"8"
"19:05:00"	"2024-07-30"	"Ffos Las"	"Sugar Hill Babe (IRE)"	"3.50"	"5.67"	"Handicap"	"1"	"4"	"Edmunds, Lewis"	"Williamson, Mrs L"	"5f "	"6"	"10"	"6"	"10"
"19:05:00"	"2024-07-30"	"Ffos Las"	"Bama Lama"	"4.50"	"5.5"	"Handicap"	"2"	"4"	"Searle, Oliver"	"Millman, B R"	"5f "	"6"	"6"	"4"	"9"
"19:05:00"	"2024-07-30"	"Ffos Las"	"Jax Edge"	"0.91"	"1.95"	"Handicap"	"3"	"4"	"Mangan, Gina"	"Mason, Christopher"	"5f "	"6"	"4"	"2"	"6"
"18:05:00"	"2024-07-30"	"Ffos Las"	"Independent Beauty"	"14.00"	"19.68"	"Handicap"	"9"	"9"	"Jones, Ethan"	"Williamson, Mrs L"	"6f "	"6"	"7"	"4"	"8"
"17:55:00"	"2024-07-30"	"Goodwood"	"Sixties Chic"	"16.00"	"22"	"Handicap"	"10"	"11"	"Bishop, Charles"	"Channon, Jack"	"6f "	"3"	"8"	"6"	"15"
"16:55:00"	"2024-07-30"	"Yarmouth"	"Zafaan (IRE)"	"7.00"	"9.59"	"Handicap"	"8"	"10"	"Mitchell, Jack"	"Foy, Kevin"	"1m "	"6"	"10"	"7"	"9"
"13:30:00"	"2024-07-30"	"Yarmouth"	"Twilight Jazz"	"1.00"	"2.04"	"Non-Handicap"	"2"	"11"	"Sousa, Silvestre De"	"Charalambous, P"	"7f "	"6"	"8"	"2"	"7"
"20:10:00"	"2024-07-29"	"Windsor"	"Nogos Dream"	"3.00"	"3.88"	"Handicap"	"2"	"7"	"Rooke, George"	"Hughes, Richard"	"5f "	"5"	"7"	"2"	"15"
"20:10:00"	"2024-07-29"	"Windsor"	"Dandy Dinmont (IRE)"	"6.50"	"9.4"	"Handicap"	"4"	"7"	"Jary, Alex"	"Tinkler, N"	"5f "	"5"	"9"	"1"	"12"
"20:10:00"	"2024-07-29"	"Windsor"	"Lipsink (IRE)"	"1.50"	"2.5"	"Handicap"	"6"	"7"	"Murphy, Oisin"	"Appleby, M"	"5f "	"5"	"10"	"3"	"10"
"17:35:00"	"2024-07-29"	"Windsor"	"Antiphon (IRE)"	"2.00"	"3.41"	"Handicap"	"2"	"7"	"Woods, Sorcha"	"Murphy, Mike"	"6f "	"5"	"10"	"3"	"9"
"17:35:00"	"2024-07-29"	"Windsor"	"Prince Of Bel Lir (IRE)"	"7.50"	"8.8"	"Handicap"	"5"	"7"	"Bond, Alice"	"Parr, Joseph"	"6f "	"5"	"10"	"6"	"10"
"17:20:00"	"2024-07-29"	"Ayr"	"Zuffolo (IRE)"	"5.50"	"8.19"	"Handicap"	"1"	"11"	"Elliott, Rhys"	"Dods, M"	"5f "	"6"	"9"	"3"	"12"
"17:20:00"	"2024-07-29"	"Ayr"	"Ramon Di Loria (IRE)"	"1.63"	"2.74"	"Handicap"	"6"	"11"	"McDonald, P J"	"Whillans, Ewan"	"5f "	"6"	"7"	"2"	"8"
"15:05:00"	"2024-07-29"	"Ayr"	"Biplane (USA)"	"2.75"	"4.1"	"Handicap"	"1"	"7"	"Winn, Mark"	"Wainwright, J S"	"6f "	"6"	"9"	"2"	"14"
"15:05:00"	"2024-07-29"	"Ayr"	"Earn Your Stripes"	"20.00"	"28.14"	"Handicap"	"4"	"7"	"Breslin, Andrew"	"Smith, R Michael"	"6f "	"6"	"7"	"4"	"8"
"15:05:00"	"2024-07-29"	"Ayr"	"Gobi Sunset"	"8.50"	"12.58"	"Handicap"	"5"	"7"	"Mullen, Andrew"	"Jardine, I"	"6f "	"6"	"7"	"6"	"12"
"20:15:00"	"2024-07-27"	"Lingfield"	"Pablo Del Pueblo (IRE)"	"1.50"	"2.66"	"Handicap"	"1"	"9"	"Howarth, Christian"	"Dow, S"	"5f "	"6"	"3"	"3"	"11"
"20:15:00"	"2024-07-27"	"Lingfield"	"Nordic Glory (IRE)"	"2.25"	"3.39"	"Handicap"	"3"	"9"	"Fraser, Kaiya"	"Attwater, M J"	"5f "	"6"	"10"	"4"	"13"
"20:00:00"	"2024-07-27"	"Salisbury"	"Werenotreallyhere"	"5.00"	"7.52"	"Handicap"	"2"	"10"	"Rooke, George"	"Steele, Daniel"	"1m "	"6"	"4"	"4"	"8"
"18:30:00"	"2024-07-27"	"Salisbury"	"Katar (IRE)"	"25.00"	"29"	"Handicap"	"4"	"5"	"Cox, William"	"Ford, Richenda"	"5f "	"6"	"3"	"9"	"9"
"18:30:00"	"2024-07-27"	"Salisbury"	"Media Guest (FR)"	"2.75"	"3.9"	"Handicap"	"5"	"5"	"Egan, John"	"Gillard, Mark"	"5f "	"6"	"10"	"1"	"13"
"14:05:00"	"2024-07-27"	"York"	"Another Baar"	"25.00"	"35.58"	"Handicap"	"7"	"18"	"Brooke, Henry"	"Keatley, Adrian Paul"	"5f "	"4"	"10"	"7"	"12"
"14:05:00"	"2024-07-27"	"York"	"Fortunate Star (IRE)"	"40.00"	"66.56"	"Handicap"	"8"	"18"	"Dunne, R T"	"Carroll, D"	"5f "	"4"	"7"	"9"	"12"
"14:05:00"	"2024-07-27"	"York"	"Ghathanfar (IRE)"	"6.50"	"9.34"	"Handicap"	"10"	"18"	"Chapman, Ross"	"Waggott, Miss Tracy"	"5f "	"4"	"4"	"8"	"10"
"19:55:00"	"2024-07-26"	"Chepstow"	"Hawajes (IRE)"	"6.00"	"8.2"	"Non-Handicap"	"2"	"8"	"Doughty, Jack"	"Carroll, A W"	"1m "	"6"	"8"	"2"	"9"
"19:15:00"	"2024-07-26"	"York"	"Regal Envoy (IRE)"	"18.00"	"29"	"Handicap"	"17"	"21"	"Wilkie, Brandon"	"Knight, W J"	"6f "	"4"	"7"	"6"	"9"
"19:15:00"	"2024-07-26"	"York"	"Animate (IRE)"	"40.00"	"69.22"	"Handicap"	"19"	"21"	"Scott, Rowan"	"Harker, G A"	"6f "	"4"	"9"	"9"	"12"
"19:15:00"	"2024-07-26"	"York"	"It Just Takes Time (IRE)"	"25.00"	"46"	"Handicap"	"20"	"21"	"Jary, Alex"	"Walford, Mark"	"6f "	"4"	"9"	"9"	"12"
"19:15:00"	"2024-07-26"	"York"	"Count Dorsay (IRE)"	"40.00"	"93.47"	"Handicap"	"21"	"21"	"McDonald, P J"	"Easterby, T D"	"6f "	"4"	"7"	"4"	"8"
"19:10:00"	"2024-07-26"	"Cork"	"Rumbled Again (IRE)"	"11.00"	"21"	"Handicap"	"5"	"23"	"Horgan, H J"	"Hogan, Denis Gerard"	"6f "	"0"	"8"	"4"	"16"
"19:10:00"	"2024-07-26"	"Cork"	"Theriverrunsdeep (IRE)"	"14.00"	"20.11"	"Handicap"	"8"	"23"	"Foley, Shane"	"ODonnell, Seamus G"	"6f "	"0"	"7"	"3"	"12"
"18:50:00"	"2024-07-26"	"Chepstow"	"Jax Edge"	"3.00"	"4.8"	"Handicap"	"2"	"6"	"Mangan, Gina"	"Mason, Christopher"	"5f "	"5"	"8"	"4"	"9"
"17:40:00"	"2024-07-26"	"Chepstow"	"Dynamite Katie (IRE)"	"5.00"	"6.58"	"Handicap"	"2"	"7"	"ONeill, K T"	"Harris, Miss G"	"7f "	"6"	"8"	"2"	"7"
"17:40:00"	"2024-07-26"	"Chepstow"	"Letter Of The Law (IRE)"	"4.50"	"6.69"	"Handicap"	"4"	"7"	"Mangan, Gina"	"Oshea, J G M"	"7f "	"6"	"2"	"7"	"13"
"16:45:00"	"2024-07-26"	"Ascot"	"Lil Guff"	"3.50"	"4.67"	"Handicap"	"6"	"9"	"Shoemark, Kieran"	"Kubler, Daniel"	"5f "	"4"	"1"	"1"	"8"
"19:00:00"	"2024-07-25"	"Yarmouth"	"Woodstock"	"25.00"	"32.87"	"Handicap"	"10"	"11"	"Mason, Joanna"	"Carr, Mrs R A"	"7f "	"3"	"5"	"11"	"12"
"18:00:00"	"2024-07-25"	"Yarmouth"	"Abate"	"16.00"	"22"	"Handicap"	"10"	"14"	"Nicholls, Mia"	"Nicholls, Adrian"	"6f "	"4"	"6"	"4"	"9"
"18:00:00"	"2024-07-25"	"Yarmouth"	"Dion Baker (IRE)"	"25.00"	"40.88"	"Handicap"	"14"	"14"	"Mason, Joanna"	"Wigham, M"	"6f "	"4"	"8"	"3"	"11"
"17:20:00"	"2024-07-25"	"Doncaster"	"Fletchers Flight (IRE)"	"2.75"	"3.85"	"Handicap"	"3"	"10"	"Farragher, Adam J"	"McBride, P J"	"6f "	"5"	"8"	"1"	"11"
"17:20:00"	"2024-07-25"	"Doncaster"	"Lord Abama (IRE)"	"4.00"	"5.7"	"Handicap"	"5"	"10"	"Beasley, Connor"	"Dods, M"	"6f "	"5"	"8"	"4"	"12"
"17:20:00"	"2024-07-25"	"Doncaster"	"Em Jay Kay"	"8.50"	"11.72"	"Handicap"	"6"	"10"	"Heard, Tyler"	"McEntee, P S"	"6f "	"5"	"6"	"1"	"10"
"17:20:00"	"2024-07-25"	"Doncaster"	"Kodi Red (IRE)"	"8.00"	"9.69"	"Handicap"	"10"	"10"	"Callan, N"	"Holland, Darryll"	"6f "	"5"	"6"	"9"	"10"
"14:10:00"	"2024-07-25"	"Sandown"	"Phoenix Star (IRE)"	"10.00"	"11.5"	"Handicap"	"7"	"8"	"Rooke, George"	"Macey, Jessica"	"5f "	"4"	"4"	"4"	"14"
"14:00:00"	"2024-07-25"	"Doncaster"	"Onemorenomore"	"6.00"	"7.8"	"Handicap"	"6"	"13"	"Farragher, Adam J"	"McBride, P J"	"7f "	"5"	"8"	"4"	"8"
"19:40:00"	"2024-07-24"	"Salisbury"	"Secret Handsheikh"	"4.00"	"4.2"	"Handicap"	"5"	"9"	"Hutchinson, Callum"	"Gallagher, J"	"5f "	"6"	"5"	"4"	"4"
"18:00:00"	"2024-07-24"	"Salisbury"	"Gilt Edge"	"12.00"	"19.22"	"Handicap"	"11"	"13"	"Young, Miss Evie"	"Mason, Christopher"	"7f "	"6"	"6"	"1"	"7"
"18:30:00"	"2024-07-22"	"Beverley"	"Jack Of Clubs"	"5.50"	"8.28"	"Handicap"	"6"	"12"	"Beasley, Connor"	"Dods, M"	"5f "	"6"	"6"	"1"	"14"
"18:30:00"	"2024-07-22"	"Beverley"	"Variety Island"	"8.50"	"12"	"Handicap"	"9"	"12"	"Breslin, Andrew"	"Whitaker, Simon"	"5f "	"6"	"6"	"2"	"14"
"16:15:00"	"2024-07-22"	"Ayr"	"Ramon Di Loria (IRE)"	"3.50"	"3.37"	"Handicap"	"2"	"8"	"McDonald, P J"	"Whillans, Ewan"	"6f "	"6"	"7"	"2"	"11"
"16:15:00"	"2024-07-22"	"Ayr"	"Earn Your Stripes"	"22.00"	"26.07"	"Handicap"	"4"	"8"	"Mathers, Patrick"	"Smith, R Michael"	"6f "	"6"	"7"	"6"	"11"
"16:15:00"	"2024-07-22"	"Ayr"	"Rosenpur (GER)"	"16.00"	"18.62"	"Handicap"	"6"	"8"	"Lee, Clifford"	"Candlish, Jennie"	"6f "	"6"	"10"	"2"	"12"
"16:27:00"	"2024-07-21"	"Redcar"	"Phoenix Star (IRE)"	"20.00"	"25.88"	"Handicap"	"4"	"14"	"Peate, Jonny"	"Macey, Jessica"	"6f "	"6"	"10"	"8"	"10"
"14:45:00"	"2024-07-21"	"Curragh"	"Maggie Mcgrath (IRE)"	"12.00"	"16"	"Handicap"	"9"	"12"	"Joyce, Wesley"	"Murphy, Daniel"	"5f "	"0"	"9"	"7"	"11"
"18:55:00"	"2024-07-20"	"Haydock"	"Sugar Hill Babe (IRE)"	"11.00"	"13.5"	"Handicap"	"6"	"10"	"Haynes, Joey"	"Williamson, Mrs L"	"5f "	"5"	"8"	"3"	"7"
"18:55:00"	"2024-07-20"	"Haydock"	"Sparkling Red (IRE)"	"5.00"	"6.7"	"Handicap"	"8"	"10"	"McDonald, P J"	"Dods, M"	"5f "	"5"	"9"	"2"	"10"
"17:45:00"	"2024-07-20"	"Doncaster"	"Jojo Rabbit"	"5.50"	"8.02"	"Handicap"	"5"	"12"	"Young, Archie"	"Carr, Mrs R A"	"5f "	"5"	"9"	"1"	"10"
"17:45:00"	"2024-07-20"	"Doncaster"	"Level Up (IRE)"	"10.00"	"14.83"	"Handicap"	"6"	"12"	"Bowen, S D"	"Evans, P D"	"5f "	"5"	"10"	"1"	"5"
"17:30:00"	"2024-07-20"	"Newmarket (July)"	"Outrun The Storm (IRE)"	"5.00"	"6.2"	"Handicap"	"5"	"7"	"Garritty, Billy"	"Fahey, R A"	"7f "	"4"	"9"	"4"	"9"
"17:05:00"	"2024-07-20"	"Ripon"	"Shark Two One"	"5.00"	"6.4"	"Handicap"	"5"	"12"	"Pearson, Laura"	"Macey, Jessica"	"6f "	"6"	"10"	"5"	"12"
"17:05:00"	"2024-07-20"	"Ripon"	"Spear Fir"	"14.00"	"18.01"	"Handicap"	"11"	"12"	"Sanderson, Benjamin"	"Whitaker, Simon"	"6f "	"6"	"9"	"7"	"10"
"16:20:00"	"2024-07-20"	"Newmarket (July)"	"Hurt You Never (IRE)"	"11.00"	"11.51"	"Handicap"	"7"	"9"	"Nicholls, Mia"	"Nicholls, Adrian"	"6f "	"4"	"9"	"4"	"10"
"20:40:00"	"2024-07-19"	"Newmarket (July)"	"Buy The Dip"	"6.00"	"7.78"	"Handicap"	"3"	"13"	"Cosgrave, Pat"	"Boyle, J R"	"7f "	"5"	"8"	"4"	"9"
"20:40:00"	"2024-07-19"	"Newmarket (July)"	"American Star (IRE)"	"3.33"	"4.6"	"Handicap"	"5"	"13"	"Loughnane, Mr Billy"	"Carr, Mrs R A"	"7f "	"5"	"7"	"1"	"12"
"19:45:00"	"2024-07-19"	"Hamilton"	"Count Dorsay (IRE)"	"12.00"	"18.49"	"Handicap"	"4"	"8"	"Fentiman, Duran"	"Easterby, T D"	"5f "	"4"	"6"	"2"	"8"
"18:25:00"	"2024-07-19"	"Newmarket (July)"	"Global Resolve (IRE)"	"28.00"	"140"	"Novices"	"4"	"9"	"Sousa, Silvestre De"	"Charalambous, P"	"1m "	"4"	"10"	"5"	"13"
"17:50:00"	"2024-07-19"	"Newmarket (July)"	"Indian Pearl"	"125.00"	"394.32"	"Novices"	"6"	"8"	"Sousa, Silvestre De"	"Crawley, Matt"	"1m "	"4"	"10"	"9"	"13"
"17:42:00"	"2024-07-19"	"Down Royal"	"Reinforce (IRE)"	"4.50"	"7"	"Handicap"	"1"	"12"	"Whelan, R P"	"Brown, Miss Katy"	"5f "	"0"	"6"	"1"	"15"
"14:50:00"	"2024-07-19"	"Nottingham"	"Maxzeno"	"12.00"	"16.14"	"Handicap"	"4"	"10"	"Gilligan, Jack"	"West, Adam"	"6f "	"5"	"8"	"3"	"9"
"14:50:00"	"2024-07-19"	"Nottingham"	"Cooperation (IRE)"	"33.00"	"48.87"	"Handicap"	"7"	"10"	"Bradley, Paddy"	"Attwater, M J"	"6f "	"5"	"8"	"7"	"11"
"16:25:00"	"2024-07-18"	"Hamilton"	"Cuban Rock"	"5.00"	"7.09"	"Handicap"	"1"	"8"	"Waugh, Amie"	"Goldie, J S"	"5f "	"6"	"5"	"2"	"8"
"16:25:00"	"2024-07-18"	"Hamilton"	"Protest Rally (IRE)"	"5.50"	"7.56"	"Handicap"	"4"	"8"	"Garritty, Billy"	"Bailey, Liam"	"5f "	"6"	"9"	"4"	"9"
"16:25:00"	"2024-07-18"	"Hamilton"	"Giselles Izzy (IRE)"	"1.38"	"2.43"	"Handicap"	"5"	"8"	"Tabti, M"	"Jardine, I"	"5f "	"6"	"5"	"1"	"6"
"16:05:00"	"2024-07-18"	"Chepstow"	"Howzak"	"2.50"	"3.45"	"Handicap"	"3"	"9"	"Osborne, Saffie"	"Faulkner, Ms D C"	"6f "	"5"	"6"	"5"	"7"
"15:35:00"	"2024-07-18"	"Chepstow"	"Valkyrian (IRE)"	"3.50"	"5.1"	"Handicap"	"1"	"6"	"Osborne, Saffie"	"Osborne, J A"	"1m "	"5"	"9"	"1"	"9"
"15:00:00"	"2024-07-18"	"Chepstow"	"Gilt Edge"	"6.50"	"8.39"	"Handicap"	"1"	"7"	"Mangan, Gina"	"Mason, Christopher"	"7f "	"6"	"6"	"12"	"15"
"15:00:00"	"2024-07-18"	"Chepstow"	"Dynamite Katie (IRE)"	"4.00"	"5.5"	"Handicap"	"2"	"7"	"Marsh, Finley"	"Harris, Miss G"	"7f "	"6"	"6"	"7"	"15"
"15:00:00"	"2024-07-18"	"Chepstow"	"Porterinthejungle (IRE)"	"5.00"	"6.8"	"Handicap"	"3"	"7"	"Osborne, Saffie"	"Faulkner, Ms D C"	"7f "	"6"	"6"	"6"	"15"
"14:50:00"	"2024-07-18"	"Hamilton"	"Redshore City (IRE)"	"9.00"	"13.5"	"Handicap"	"4"	"9"	"Lee, Clifford"	"Llewellyn, B J"	"6f "	"6"	"8"	"4"	"7"
"14:50:00"	"2024-07-18"	"Hamilton"	"Rain Cap"	"4.50"	"6.17"	"Handicap"	"5"	"9"	"Kirrane, Sean"	"Riches, John"	"6f "	"6"	"8"	"10"	"12"
"20:10:00"	"2024-07-17"	"Yarmouth"	"Fletchers Flight (IRE)"	"2.75"	"4.22"	"Handicap"	"1"	"11"	"Farragher, Adam J"	"McBride, P J"	"6f "	"6"	"7"	"4"	"11"
"20:10:00"	"2024-07-17"	"Yarmouth"	"Porfin (IRE)"	"7.50"	"11.54"	"Handicap"	"6"	"11"	"Heard, Tyler"	"McEntee, P S"	"6f "	"6"	"9"	"2"	"11"
"19:30:00"	"2024-07-17"	"Ffos Las"	"Alfred Cove"	"1.20"	"2.32"	"Non-Handicap"	"1"	"4"	"Ryan, Rossa"	"Carroll, A W"	"5f "	"6"	"8"	"2"	"6"
"19:30:00"	"2024-07-17"	"Ffos Las"	"Pink Stripes"	"25.00"	"36.43"	"Non-Handicap"	"4"	"4"	"Jones, Ethan"	"Williamson, Mrs L"	"5f "	"6"	"9"	"6"	"9"
"17:07:00"	"2024-07-17"	"Yarmouth"	"Onemorenomore"	"2.50"	"3.66"	"Handicap"	"4"	"8"	"Bowen, S D"	"McBride, P J"	"7f "	"4"	"10"	"8"	"10"
"16:22:00"	"2024-07-17"	"Thirsk"	"Impressor (IRE)"	"14.00"	"17"	"Handicap"	"2"	"12"	"Scott, Rowan"	"Makin, Phillip"	"6f "	"4"	"4"	"4"	"8"
"16:03:00"	"2024-07-15"	"Ayr"	"Ramon Di Loria (IRE)"	"3.00"	"4.6"	"Handicap"	"2"	"11"	"Scott, Rowan"	"Whillans, Ewan"	"6f "	"6"	"9"	"3"	"11"
"16:03:00"	"2024-07-15"	"Ayr"	"Atomise"	"3.00"	"4.58"	"Handicap"	"3"	"11"	"Beasley, Connor"	"Dods, M"	"6f "	"6"	"7"	"3"	"9"
"16:03:00"	"2024-07-15"	"Ayr"	"Zebra Star (IRE)"	"20.00"	"27"	"Handicap"	"8"	"11"	"Mathers, Patrick"	"Smith, R Michael"	"6f "	"6"	"7"	"8"	"8"
"15:28:00"	"2024-07-15"	"Ayr"	"The Caltonian"	"7.50"	"9.68"	"Handicap"	"4"	"11"	"Peate, Jonny"	"Perratt, Miss L A"	"6f "	"3"	"7"	"2"	"6"
"19:00:00"	"2024-07-13"	"Hamilton"	"Giselles Izzy (IRE)"	"5.00"	"6.8"	"Handicap"	"1"	"6"	"Mullen, Andrew"	"Jardine, I"	"6f "	"5"	"7"	"3"	"6"
"19:00:00"	"2024-07-13"	"Hamilton"	"Rory"	"9.00"	"11.5"	"Handicap"	"2"	"6"	"Waugh, Amie"	"Goldie, J S"	"6f "	"5"	"6"	"5"	"8"
"17:50:00"	"2024-07-13"	"Hamilton"	"Cuban Rock"	"12.00"	"16"	"Handicap"	"2"	"8"	"Waugh, Amie"	"Goldie, J S"	"5f "	"6"	"10"	"5"	"6"
"17:50:00"	"2024-07-13"	"Hamilton"	"Borough"	"9.00"	"12.3"	"Handicap"	"5"	"8"	"Feilden, Sam"	"Jardine, I"	"5f "	"6"	"6"	"8"	"8"
"17:50:00"	"2024-07-13"	"Hamilton"	"Ski Angel"	"9.00"	"10.31"	"Handicap"	"6"	"8"	"McSweeney, O"	"Smith, R Michael"	"5f "	"6"	"5"	"8"	"9"
"17:40:00"	"2024-07-13"	"Salisbury"	"Dakota Power"	"3.50"	"4.7"	"Handicap"	"6"	"8"	"Thomas, Courtney"	"Teal, R A"	"6f "	"6"	"8"	"12"	"13"
"17:25:00"	"2024-07-13"	"York"	"Rebel Path (FR)"	"20.00"	"30.91"	"Handicap"	"3"	"18"	"Muscutt, D"	"Williams, S C"	"6f "	"4"	"6"	"6"	"9"
"17:25:00"	"2024-07-13"	"York"	"Trilby"	"5.50"	"7.6"	"Handicap"	"4"	"18"	"Fanning, Joe"	"England, Sam"	"6f "	"4"	"9"	"6"	"11"
"17:25:00"	"2024-07-13"	"York"	"Showtime Mahomes"	"14.00"	"23.51"	"Handicap"	"6"	"18"	"James, S H"	"Tuer, Grant"	"6f "	"4"	"8"	"4"	"11"
"15:37:00"	"2024-07-13"	"Navan"	"Run Forrest Run (IRE)"	"10.00"	"17.73"	"Handicap"	"3"	"15"	"Heffernan, J A"	"Fenton, M P"	"5f "	"0"	"7"	"12"	"18"
"15:37:00"	"2024-07-13"	"Navan"	"Rathbranchurch (IRE)"	"5.00"	"7.25"	"Handicap"	"5"	"15"	"Joyce, Wesley"	"Mulvany, Michael"	"5f "	"0"	"9"	"1"	"8"
"15:37:00"	"2024-07-13"	"Navan"	"Blanc De Noir (IRE)"	"10.00"	"15.5"	"Handicap"	"7"	"15"	"Kelly, S B"	"Murtagh, J P"	"5f "	"0"	"6"	"6"	"9"
"15:37:00"	"2024-07-13"	"Navan"	"Charming Lady (IRE)"	"20.00"	"31.98"	"Handicap"	"15"	"15"	"Ryan, J J G"	"McCourt, T G"	"5f "	"0"	"9"	"6"	"8"
"19:35:00"	"2024-07-12"	"Chepstow"	"Believe You Me (IRE)"	"3.50"	"5.24"	"Handicap"	"1"	"15"	"Whelan, Trevor"	"Main, Mrs H S"	"7f "	"6"	"3"	"2"	"4"
"19:35:00"	"2024-07-12"	"Chepstow"	"Lady Wingalong (IRE)"	"4.00"	"6"	"Handicap"	"2"	"15"	"Downing, George"	"Evans, P D"	"7f "	"6"	"10"	"2"	"8"
"19:35:00"	"2024-07-12"	"Chepstow"	"Monsieur Patat"	"2.50"	"3.73"	"Handicap"	"3"	"15"	"Marsh, Finley"	"Wintle, A"	"7f "	"6"	"4"	"1"	"11"
"19:35:00"	"2024-07-12"	"Chepstow"	"Porterinthejungle (IRE)"	"50.00"	"110"	"Handicap"	"6"	"15"	"Cox, William"	"Faulkner, Ms D C"	"7f "	"6"	"10"	"8"	"8"
"19:00:00"	"2024-07-12"	"Chepstow"	"Letter Of The Law (IRE)"	"11.00"	"13.66"	"Handicap"	"1"	"8"	"Dobie, Georgia"	"Oshea, J G M"	"1m "	"6"	"3"	"2"	"7"
"19:00:00"	"2024-07-12"	"Chepstow"	"Kalama Sunrise"	"1.38"	"2.56"	"Handicap"	"2"	"8"	"Dawes, Rose"	"Channon, Jack"	"1m "	"6"	"6"	"1"	"8"
"17:20:00"	"2024-07-12"	"Newmarket (July)"	"Almaty Star (IRE)"	"9.00"	"16.32"	"Handicap"	"8"	"9"	"Ryan, Rossa"	"Cowell, R M H"	"5f "	"3"	"5"	"3"	"9"
"16:55:00"	"2024-07-12"	"York"	"Never Dark"	"7.50"	"9.07"	"Handicap"	"8"	"11"	"Garritty, Billy"	"Jardine, I"	"5f "	"4"	"6"	"1"	"7"
"16:45:00"	"2024-07-12"	"Newmarket (July)"	"Sir Winston (IRE)"	"40.00"	"57.43"	"Handicap"	"8"	"13"	"Cosgrave, Pat"	"Baker, George"	"7f "	"3"	"9"	"6"	"10"
"14:15:00"	"2024-07-12"	"Ascot"	"Royal Parade (IRE)"	"28.00"	"46.43"	"Handicap"	"10"	"11"	"Peate, Jonny"	"Kelleway, Miss Gay"	"1m "	"4"	"5"	"8"	"10"
"19:00:00"	"2024-07-11"	"Newbury"	"Meimun Johnny (AUS)"	"80.00"	"170"	"Handicap"	"9"	"11"	"Rooke, George"	"Benton, Craig"	"6f "	"5"	"10"	"10"	"11"
"18:00:00"	"2024-07-11"	"Doncaster"	"Hurt You Never (IRE)"	"5.00"	"6.04"	"Handicap"	"4"	"10"	"Nicholls, Mia"	"Nicholls, Adrian"	"5.5f "	"5"	"7"	"1"	"8"
"16:55:00"	"2024-07-11"	"Doncaster"	"Charencey (IRE)"	"3.00"	"4.51"	"Handicap"	"1"	"9"	"Gordon, Josephine"	"Williams, Ian"	"7f "	"4"	"5"	"2"	"11"
"14:45:00"	"2024-07-11"	"Carlisle"	"Runninwild"	"5.50"	"7.4"	"Handicap"	"1"	"13"	"Wheatley, Zak"	"Duffield, Mrs A"	"6f "	"6"	"5"	"1"	"6"
"17:10:00"	"2024-07-10"	"Yarmouth"	"Primrose Maid"	"66.00"	"81.08"	"Handicap"	"10"	"11"	"Haynes, Joey"	"Dunnett, Mrs C A"	"7f "	"6"	"6"	"12"	"12"
"16:10:00"	"2024-07-10"	"Yarmouth"	"Level Up (IRE)"	"2.13"	"3.23"	"Handicap"	"1"	"5"	"Bowen, S D"	"Evans, P D"	"5f "	"5"	"6"	"5"	"8"
"14:40:00"	"2024-07-10"	"Yarmouth"	"Warrior Square"	"6.50"	"8.4"	"Handicap"	"4"	"8"	"Shepherd, Callum"	"Kent, T J"	"1m "	"6"	"10"	"2"	"13"
"20:00:00"	"2024-07-08"	"Ripon"	"Woobay (IRE)"	"4.50"	"6.59"	"Handicap"	"1"	"13"	"McSweeney, O"	"Brooke, Daniel"	"5f "	"4"	"1"	"2"	"8"
"20:00:00"	"2024-07-08"	"Ripon"	"Our Absent Friends (IRE)"	"22.00"	"28.02"	"Handicap"	"2"	"13"	"Hart, Jason"	"Davidson, Tristan"	"5f "	"4"	"10"	"13"	"14"
"20:00:00"	"2024-07-08"	"Ripon"	"Rock Of England (IRE)"	"18.00"	"28"	"Handicap"	"3"	"13"	"Winn, Mark"	"Midgley, P T"	"5f "	"4"	"9"	"8"	"10"
"20:00:00"	"2024-07-08"	"Ripon"	"Paddys Day (IRE)"	"5.50"	"6.8"	"Handicap"	"5"	"13"	"Scott, Rowan"	"Tinkler, N"	"5f "	"4"	"10"	"2"	"14"
"20:00:00"	"2024-07-08"	"Ripon"	"Thornaby Pearl"	"8.50"	"13.48"	"Handicap"	"8"	"13"	"Mathers, Patrick"	"Nicholls, Adrian"	"5f "	"4"	"10"	"9"	"14"
"17:15:00"	"2024-07-08"	"Ayr"	"Pembrokeshire"	"3.50"	"4.98"	"Handicap"	"4"	"9"	"Mullen, Andrew"	"Jardine, I"	"6f "	"6"	"5"	"2"	"10"
"14:30:00"	"2024-07-07"	"Ayr"	"Rory"	"3.50"	"4.5"	"Handicap"	"5"	"8"	"Cagney, Eireann"	"Goldie, J S"	"5f "	"5"	"9"	"7"	"14"
"14:30:00"	"2024-07-07"	"Ayr"	"Borough"	"28.00"	"30"	"Handicap"	"8"	"8"	"Crawford, Miss Hannah"	"Jardine, I"	"5f "	"5"	"9"	"14"	"14"
"19:10:00"	"2024-07-06"	"Nottingham"	"Parisiac (IRE)"	"25.00"	"33.38"	"Handicap"	"2"	"13"	"Howarth, Christian"	"Haynes, Alice"	"6f "	"5"	"7"	"3"	"3"
"18:40:00"	"2024-07-06"	"Nottingham"	"Never Dark"	"5.50"	"7.08"	"Handicap"	"1"	"7"	"Garritty, Billy"	"Jardine, I"	"5f "	"4"	"8"	"3"	"14"
"18:40:00"	"2024-07-06"	"Nottingham"	"Catch Cunningham (IRE)"	"7.50"	"9.93"	"Handicap"	"2"	"7"	"Hogan, D E"	"Herrington,M "	"5f "	"4"	"9"	"1"	"7"
"17:53:00"	"2024-07-06"	"Leicester"	"Yoshimi (IRE)"	"12.00"	"16.24"	"Handicap"	"11"	"11"	"Sanderson, Benjamin"	"Herrington,M "	"7f "	"5"	"9"	"4"	"6"
"17:48:00"	"2024-07-06"	"Carlisle"	"Giselles Izzy (IRE)"	"4.50"	"6.15"	"Handicap"	"3"	"6"	"Young, Archie"	"Jardine, I"	"6f "	"5"	"9"	"3"	"7"
"15:20:00"	"2024-07-06"	"Naas"	"Akeela"	"40.00"	"65"	"Handicap"	"1"	"18"	"Horgan, C"	"Cahill, Mark"	"6f "	"0"	"10"	"9"	"12"
"15:20:00"	"2024-07-06"	"Naas"	"Cross Border"	"28.00"	"56.63"	"Handicap"	"2"	"18"	"OSullivan, Darragh"	"OSullivan, Daniel William"	"6f "	"0"	"3"	"5"	"10"
"15:20:00"	"2024-07-06"	"Naas"	"Scarlet Dancer (IRE)"	"5.50"	"8.8"	"Handicap"	"4"	"18"	"Kidd, D A"	"McConnell, John C"	"6f "	"0"	"4"	"1"	"15"
"15:20:00"	"2024-07-06"	"Naas"	"Theriverrunsdeep (IRE)"	"12.00"	"16.02"	"Handicap"	"17"	"18"	"Harnett, P A"	"ODonnell, Seamus G"	"6f "	"0"	"3"	"4"	"10"
"18:00:00"	"2024-07-05"	"Beverley"	"Digital (IRE)"	"5.00"	"6.25"	"Handicap"	"3"	"11"	"Sullivan, James P"	"Carr, Mrs R A"	"5f "	"4"	"8"	"2"	"8"
"17:35:00"	"2024-07-05"	"Doncaster"	"Kodi Red (IRE)"	"12.00"	"18"	"Handicap"	"1"	"11"	"Callan, N"	"Holland, Darryll"	"6f "	"6"	"10"	"8"	"9"
"17:35:00"	"2024-07-05"	"Doncaster"	"Showtime Mahomes"	"3.00"	"4.45"	"Handicap"	"4"	"11"	"James, S H"	"Tuer, Grant"	"6f "	"6"	"7"	"2"	"9"
"17:35:00"	"2024-07-05"	"Doncaster"	"A Pint Of Bear (IRE)"	"5.50"	"7.9"	"Handicap"	"5"	"11"	"ONeill, K T"	"Dixon, Scott"	"6f "	"6"	"10"	"7"	"12"
"17:35:00"	"2024-07-05"	"Doncaster"	"Hallowed Time (IRE)"	"6.50"	"8.8"	"Handicap"	"10"	"11"	"Loughnane, Mr Billy"	"Loughnane, Daniel Mark"	"6f "	"6"	"9"	"2"	"7"
"19:55:00"	"2024-07-04"	"Newbury"	"Algheed (IRE)"	"7.00"	"9.23"	"Handicap"	"5"	"7"	"Osborne, Saffie"	"Loughnane, Daniel Mark"	"7f "	"4"	"9"	"4"	"13"
"18:35:00"	"2024-07-04"	"Bellewstown"	"Sunday Sovereign"	"8.00"	"11.5"	"Handicap"	"5"	"8"	"Rutledge, Siobhan"	"Kingston, G A"	"5f "	"0"	"8"	"4"	"12"
"18:10:00"	"2024-07-04"	"Newbury"	"Hurt You Never (IRE)"	"3.33"	"4.5"	"Handicap"	"1"	"8"	"Nicholls, Mia"	"Nicholls, Adrian"	"5f "	"5"	"9"	"3"	"9"
"17:55:00"	"2024-07-03"	"Thirsk"	"Birdie Bowers (IRE)"	"14.00"	"17.45"	"Handicap"	"9"	"11"	"Eaves, Tom"	"Thompson, D W"	"6f "	"6"	"9"	"5"	"18"
"17:55:00"	"2024-07-03"	"Thirsk"	"Gunnerside (IRE)"	"7.50"	"9.62"	"Handicap"	"11"	"11"	"Shaw, Harrison"	"Tuer, Grant"	"6f "	"6"	"9"	"1"	"7"
"17:15:00"	"2024-07-03"	"Musselburgh"	"Ustath"	"3.33"	"4.67"	"Non-Handicap"	"4"	"6"	"Lee, Clifford"	"Fell, R / Murray, S"	"5f "	"6"	"9"	"3"	"18"
"17:15:00"	"2024-07-03"	"Musselburgh"	"Cuban Rock"	"2.25"	"3.66"	"Non-Handicap"	"5"	"6"	"Young, Lauren"	"Goldie, J S"	"5f "	"6"	"6"	"6"	"7"
"20:30:00"	"2024-07-02"	"Lingfield"	"Marsh Benham (IRE)"	"8.00"	"10.15"	"Handicap"	"2"	"5"	"Mitchell, Jack"	"Baker, George"	"7f "	"5"	"7"	"13"	"13"
"16:52:00"	"2024-07-02"	"Hamilton"	"Hard Solution"	"4.50"	"5.81"	"Handicap"	"5"	"6"	"Sullivan, James P"	"Carr, Mrs R A"	"5f "	"6"	"5"	"6"	"6"
"15:45:00"	"2024-07-02"	"Hamilton"	"Jordan Electrics"	"1.88"	"3.15"	"Handicap"	"1"	"5"	"Buick, William"	"Goldie, J S"	"6f "	"4"	"5"	"1"	"8"
"15:45:00"	"2024-07-02"	"Hamilton"	"Sacred Falls (IRE)"	"2.50"	"3.36"	"Handicap"	"4"	"5"	"James, S H"	"Scott, Miss Katie"	"6f "	"4"	"10"	"2"	"9"
"20:45:00"	"2024-07-01"	"Windsor"	"Lahina Bay (IRE)"	"6.50"	"8.76"	"Handicap"	"1"	"11"	"Clutterbuck, Rhys"	"Bridger, J / Cook, R"	"6f "	"5"	"9"	"2"	"8"
"20:45:00"	"2024-06-29"	"Lingfield"	"Em Jay Kay"	"1.38"	"2.52"	"Handicap"	"3"	"6"	"Planas, Connor"	"McEntee, P S"	"6f "	"6"	"5"	"3"	"6"
"19:45:00"	"2024-06-29"	"Lingfield"	"Parisiac (IRE)"	"9.00"	"11.85"	"Handicap"	"3"	"3"	"Howarth, Christian"	"Haynes, Alice"	"5f "	"5"	"9"	"5"	"6"
"17:32:00"	"2024-06-29"	"Windsor"	"Secret Handsheikh"	"3.50"	"4.99"	"Handicap"	"2"	"8"	"Callan, N"	"Gallagher, J"	"5f "	"6"	"5"	"6"	"7"
"17:32:00"	"2024-06-29"	"Windsor"	"Wakai Umi (IRE)"	"7.50"	"10.27"	"Handicap"	"5"	"8"	"Osborne, Saffie"	"Loughnane, Daniel Mark"	"5f "	"6"	"9"	"2"	"8"
"17:32:00"	"2024-06-29"	"Windsor"	"Louis Treize (IRE)"	"10.00"	"16.79"	"Handicap"	"6"	"8"	"Fahy, J P"	"Faulkner, Ms D C"	"5f "	"6"	"5"	"7"	"7"
"17:32:00"	"2024-06-29"	"Windsor"	"Zing Up (IRE)"	"9.00"	"15.5"	"Handicap"	"7"	"8"	"Greatrex, Edward"	"Ward, Tom"	"5f "	"6"	"5"	"5"	"8"
"15:30:00"	"2024-06-28"	"Yarmouth"	"Angle Land"	"4.50"	"6.32"	"Handicap"	"1"	"7"	"Callan, N"	"Cowell, R M H"	"5f "	"5"	"9"	"8"	"10"
"15:30:00"	"2024-06-28"	"Yarmouth"	"Four Adaay"	"3.50"	"5.4"	"Handicap"	"5"	"7"	"Coakley, Ross"	"Millman, B R"	"5f "	"5"	"9"	"2"	"10"
"13:45:00"	"2024-06-28"	"Yarmouth"	"Love Your Work (IRE)"	"0.91"	"1.92"	"Handicap"	"1"	"6"	"Wright, Liam"	"Holland, Darryll"	"1m "	"6"	"1"	"1"	"8"
"13:45:00"	"2024-06-28"	"Yarmouth"	"Al Baahy"	"3.00"	"4.2"	"Handicap"	"4"	"6"	"Pinna, Mr Andrea"	"Frost, Kevin"	"1m "	"6"	"9"	"6"	"11"
"13:35:00"	"2024-06-28"	"Doncaster"	"Dandy Dinmont (IRE)"	"8.00"	"11"	"Handicap"	"7"	"9"	"McManoman, Faye"	"Tinkler, N"	"6f "	"5"	"9"	"6"	"10"
"20:45:00"	"2024-06-27"	"Hamilton"	"Cuban Rock"	"1.50"	"2.69"	"Handicap"	"6"	"7"	"Mulrennan, Paul"	"Goldie, J S"	"6f "	"6"	"3"	"3"	"13"
"19:15:00"	"2024-06-27"	"Hamilton"	"Jordan Electrics"	"1.88"	"3.15"	"Handicap"	"1"	"8"	"Mulrennan, Paul"	"Goldie, J S"	"5f "	"3"	"5"	"2"	"7"
"19:15:00"	"2024-06-27"	"Hamilton"	"Zarzyni (IRE)"	"2.25"	"3.72"	"Handicap"	"7"	"8"	"Orr, Oisin"	"Barron, T D"	"5f "	"3"	"5"	"2"	"8"
"19:15:00"	"2024-06-27"	"Hamilton"	"Pockley"	"33.00"	"46.49"	"Handicap"	"8"	"8"	"Costello, Dougie"	"Perratt, Miss L A"	"5f "	"3"	"5"	"4"	"7"
"18:45:00"	"2024-06-27"	"Hamilton"	"Honour Your Dreams (FR)"	"1.50"	"2.6"	"Handicap Seller"	"3"	"6"	"Mulrennan, Paul"	"Keatley, Adrian Paul"	"5f "	"6"	"9"	"8"	"9"
"17:05:00"	"2024-06-27"	"Newmarket (July)"	"Composite"	"4.50"	"6.8"	"Handicap"	"1"	"6"	"Cosgrave, Pat"	"Boughey, George"	"1m "	"4"	"10"	"2"	"8"
"16:50:00"	"2024-06-27"	"Nottingham"	"Dunnington Lad (IRE)"	"7.50"	"11"	"Handicap"	"5"	"8"	"Shaw, Harrison"	"Winks, P"	"5f "	"6"	"8"	"1"	"10"
"19:50:00"	"2024-06-25"	"Newbury"	"Snuggle"	"5.50"	"7.74"	"Handicap"	"7"	"9"	"Bishop, Charles"	"Dace, L A"	"6f "	"5"	"9"	"3"	"9"
"19:50:00"	"2024-06-25"	"Newbury"	"Kodi Red (IRE)"	"11.00"	"12.75"	"Handicap"	"8"	"9"	"Probert, David"	"Holland, Darryll"	"6f "	"5"	"10"	"11"	"11"
"19:15:00"	"2024-06-25"	"Newbury"	"Yantarni"	"0.80"	"1.91"	"Handicap"	"1"	"13"	"Buick, William"	"Williams, Ian"	"7f "	"5"	"5"	"1"	"9"
"19:15:00"	"2024-06-25"	"Newbury"	"Sayifyouwill"	"8.00"	"13.43"	"Handicap"	"8"	"13"	"Levey, S M"	"Perrett, Mrs A J"	"7f "	"5"	"9"	"2"	"9"
"19:15:00"	"2024-06-25"	"Newbury"	"Twilight Dancer"	"16.00"	"27.95"	"Handicap"	"12"	"13"	"Hornby, Rob"	"Portman, J G"	"7f "	"5"	"9"	"7"	"9"
"17:35:00"	"2024-06-24"	"Windsor"	"Bama Lama"	"2.75"	"3.99"	"Handicap"	"2"	"8"	"Searle, Oliver"	"Millman, B R"	"6f "	"6"	"7"	"3"	"14"
"17:35:00"	"2024-06-24"	"Windsor"	"My Boy Jack"	"33.00"	"40.54"	"Handicap"	"4"	"8"	"Kraats, Dominique Van Der"	"Frost, Kevin"	"6f "	"6"	"9"	"9"	"9"
"17:30:00"	"2024-06-24"	"Thirsk"	"Moulin Booj (IRE)"	"6.50"	"9"	"Handicap"	"3"	"12"	"Shepherd, Callum"	"Scott, George"	"5f "	"4"	"10"	"4"	"14"
"17:30:00"	"2024-06-24"	"Thirsk"	"Sparkling Red (IRE)"	"11.00"	"14.99"	"Handicap"	"8"	"12"	"Kirrane, Sean"	"Dods, M"	"5f "	"4"	"9"	"12"	"20"
"16:15:00"	"2024-06-24"	"Chepstow"	"Captain Bentley"	"28.00"	"31.63"	"Handicap"	"3"	"7"	"Bennett, Charlie"	"Mullineaux, M"	"5f "	"6"	"9"	"5"	"9"
"16:15:00"	"2024-06-24"	"Chepstow"	"Protest Rally (IRE)"	"1.20"	"2.36"	"Handicap"	"4"	"7"	"Doyle, Hollie"	"Bailey, Liam"	"5f "	"6"	"5"	"2"	"10"
"16:15:00"	"2024-06-24"	"Chepstow"	"Louis Treize (IRE)"	"5.00"	"7.8"	"Handicap"	"7"	"7"	"Lewis, Miss Zoe"	"Faulkner, Ms D C"	"5f "	"6"	"7"	"6"	"14"
"15:45:00"	"2024-06-24"	"Chepstow"	"Howzak"	"1.38"	"2.56"	"Handicap"	"1"	"6"	"Hornby, Rob"	"Faulkner, Ms D C"	"6f "	"6"	"7"	"2"	"8"
"15:30:00"	"2024-06-24"	"Thirsk"	"Canaria Prince"	"14.00"	"16.73"	"Handicap"	"7"	"13"	"Fentiman, Duran"	"Easterby, T D"	"5f "	"6"	"5"	"9"	"10"
"15:15:00"	"2024-06-24"	"Chepstow"	"Porterinthejungle (IRE)"	"12.00"	"18.24"	"Handicap"	"1"	"11"	"Hornby, Rob"	"Faulkner, Ms D C"	"7f "	"6"	"7"	"8"	"14"
"15:15:00"	"2024-06-24"	"Chepstow"	"Diamondsinthesand (IRE)"	"3.50"	"5.58"	"Handicap"	"6"	"11"	"Hardie, Cameron"	"Wintle, A"	"7f "	"6"	"7"	"4"	"14"
"15:00:00"	"2024-06-24"	"Thirsk"	"Ustath"	"9.00"	"12.5"	"Non-Handicap"	"3"	"18"	"Loughnane, Mr Billy"	"Fell, R / Murray, S"	"6f "	"6"	"4"	"1"	"8"
"15:10:00"	"2024-06-23"	"Ffos Las"	"Red Walls"	"1.25"	"2.4"	"Non-Handicap"	"2"	"4"	"Edmunds, Lewis"	"Williamson, Mrs L"	"5f "	"6"	"9"	"4"	"9"
"14:10:00"	"2024-06-23"	"Ffos Las"	"Starproof (IRE)"	"1.88"	"3.31"	"Handicap"	"7"	"9"	"Edmunds, Lewis"	"Muir, W R"	"6f "	"5"	"10"	"2"	"12"
"21:00:00"	"2024-06-22"	"Lingfield"	"Five Winds"	"0.73"	"1.84"	"Handicap"	"5"	"8"	"Callan, N"	"Jones, Jack"	"6f "	"6"	"10"	"1"	"4"
"19:25:00"	"2024-06-22"	"Ayr"	"Sacred Falls (IRE)"	"2.00"	"3.01"	"Handicap"	"2"	"9"	"Young, Archie"	"Scott, Miss Katie"	"6f "	"5"	"10"	"3"	"6"
"19:25:00"	"2024-06-22"	"Ayr"	"Henery Hawk"	"66.00"	"109.32"	"Handicap"	"8"	"9"	"Jakes, Tommie"	"Perratt, Miss L A"	"6f "	"5"	"10"	"8"	"9"
"18:40:00"	"2024-06-22"	"Haydock"	"Star Of Lady M"	"6.00"	"7"	"Handicap"	"3"	"9"	"Winn, Mark"	"OMeara, D"	"5f "	"4"	"8"	"5"	"11"
"18:40:00"	"2024-06-22"	"Haydock"	"Lil Guff"	"4.00"	"5.77"	"Handicap"	"7"	"9"	"Hogan, D E"	"Kubler, Daniel"	"5f "	"4"	"8"	"3"	"14"
"16:45:00"	"2024-06-22"	"Ayr"	"Jordan Electrics"	"1.75"	"2.91"	"Handicap"	"2"	"7"	"Mulrennan, Paul"	"Goldie, J S"	"5f "	"4"	"10"	"1"	"6"
"16:45:00"	"2024-06-22"	"Ayr"	"Pockley"	"40.00"	"49.22"	"Handicap"	"4"	"7"	"Costello, Dougie"	"Perratt, Miss L A"	"5f "	"4"	"10"	"5"	"6"
"16:45:00"	"2024-06-22"	"Ayr"	"Ski Angel"	"7.00"	"10.5"	"Handicap"	"7"	"7"	"Fanning, Joe"	"Smith, R Michael"	"5f "	"4"	"10"	"6"	"9"
"14:55:00"	"2024-06-22"	"Redcar"	"Kodebreaker (IRE)"	"9.00"	"15"	"Handicap"	"7"	"13"	"Sanderson, Benjamin"	"Herrington,M "	"1m "	"6"	"7"	"3"	"9"
"13:35:00"	"2024-06-22"	"Newmarket (July)"	"Red Hat Eagle"	"3.33"	"5.52"	"Handicap"	"1"	"8"	"Wilkie, Brandon"	"Knight, W J"	"1m "	"5"	"10"	"3"	"11"
"18:30:00"	"2024-06-21"	"Down Royal"	"Havana Notion"	"12.00"	"17.39"	"Handicap"	"3"	"12"	"Kennedy, K G"	"Feane, John James"	"5f "	"0"	"7"	"7"	"17"
"18:30:00"	"2024-06-21"	"Down Royal"	"Rathbranchurch (IRE)"	"9.00"	"13.66"	"Handicap"	"5"	"12"	"Joyce, Wesley"	"Mulvany, Michael"	"5f "	"0"	"7"	"5"	"6"
"18:30:00"	"2024-06-21"	"Down Royal"	"Eruption (IRE)"	"5.50"	"8.18"	"Handicap"	"6"	"12"	"Whearty, R"	"Smith, Matthew J"	"5f "	"0"	"7"	"2"	"17"
"18:30:00"	"2024-06-21"	"Down Royal"	"Bold Optimist (IRE)"	"5.00"	"6.8"	"Handicap"	"9"	"12"	"McCullagh, Scott"	"McLoughlin, Daniel"	"5f "	"0"	"7"	"1"	"8"
"17:25:00"	"2024-06-21"	"Down Royal"	"Aurora Nova (IRE)"	"4.50"	"7.86"	"Handicap"	"4"	"8"	"Joyce, Wesley"	"McNamara, Andrew"	"5f "	"0"	"7"	"1"	"17"
"14:50:00"	"2024-06-21"	"Redcar"	"Obelix"	"9.00"	"11.55"	"Handicap"	"4"	"14"	"Sexton, Ryan"	"Camacho, Miss J A"	"1m "	"3"	"8"	"2"	"7"
"14:50:00"	"2024-06-21"	"Redcar"	"Al Marmar (IRE)"	"14.00"	"21.47"	"Handicap"	"6"	"14"	"Coughlan, Laura"	"Tutty, Gemma"	"1m "	"3"	"5"	"3"	"11"
"13:45:00"	"2024-06-21"	"Redcar"	"Indie Skies"	"4.50"	"5.8"	"Handicap"	"1"	"14"	"Rawlinson, Ali"	"Appleby, M"	"7f "	"6"	"7"	"3"	"10"
"13:45:00"	"2024-06-21"	"Redcar"	"Sunny Orange (IRE)"	"2.50"	"3.9"	"Handicap"	"4"	"14"	"Fentiman, Duran"	"Easterby, T D"	"7f "	"6"	"3"	"1"	"11"
"21:00:00"	"2024-06-20"	"Lingfield"	"Spring Is Sprung (FR)"	"1.38"	"2.61"	"Handicap"	"1"	"6"	"Young, Archie"	"Midgley, P T"	"5f "	"5"	"10"	"1"	"8"
"21:00:00"	"2024-06-20"	"Lingfield"	"Agostino"	"6.50"	"9.57"	"Handicap"	"2"	"6"	"Ghiani, Marco"	"Cowell, R M H"	"5f "	"5"	"10"	"9"	"10"
"21:00:00"	"2024-06-20"	"Lingfield"	"Safari Dream (IRE)"	"2.50"	"3.35"	"Handicap"	"4"	"6"	"Downing, George"	"Millman, B R"	"5f "	"5"	"10"	"2"	"10"
"20:00:00"	"2024-06-20"	"Lingfield"	"Porfin (IRE)"	"2.75"	"3.72"	"Non-Handicap"	"6"	"11"	"Planas, Connor"	"McEntee, P S"	"7f "	"6"	"7"	"1"	"9"
"14:40:00"	"2024-06-20"	"Ripon"	"Canaria Queen"	"4.50"	"6.27"	"Handicap"	"3"	"10"	"Allan, David"	"Easterby, T D"	"6f "	"6"	"9"	"2"	"9"
"20:35:00"	"2024-06-19"	"Ripon"	"Protest Rally (IRE)"	"6.00"	"8.03"	"Handicap"	"2"	"10"	"Garritty, Billy"	"Bailey, Liam"	"5f "	"6"	"6"	"1"	"8"
"18:50:00"	"2024-06-19"	"Nottingham"	"Dandy Dinmont (IRE)"	"6.50"	"9.24"	"Handicap"	"6"	"10"	"McManoman, Faye"	"Tinkler, N"	"5f "	"5"	"9"	"4"	"8"
"18:50:00"	"2024-06-19"	"Nottingham"	"Angle Land"	"3.33"	"4.8"	"Handicap"	"8"	"10"	"Ghiani, Marco"	"Cowell, R M H"	"5f "	"5"	"8"	"3"	"9"
"19:00:00"	"2024-06-17"	"Windsor"	"Gisburn (IRE)"	"6.50"	"8.24"	"Handicap"	"5"	"14"	"Levey, S M"	"Hannon (Jnr), Richard"	"6f "	"3"	"9"	"6"	"14"
"16:55:00"	"2024-06-17"	"Chepstow"	"Kalama Sunrise"	"3.33"	"4.89"	"Handicap"	"1"	"9"	"Greatrex, Edward"	"Channon, Jack"	"1m "	"6"	"9"	"1"	"9"
"16:55:00"	"2024-06-17"	"Chepstow"	"Bobacious"	"8.50"	"10.35"	"Handicap"	"3"	"9"	"Bryan, Joshua"	"Nicholls, Georgina"	"1m "	"6"	"10"	"5"	"10"
"16:55:00"	"2024-06-17"	"Chepstow"	"Letter Of The Law (IRE)"	"5.50"	"8.4"	"Handicap"	"7"	"9"	"Dobie, Georgia"	"Oshea, J G M"	"1m "	"6"	"9"	"2"	"9"
"16:55:00"	"2024-06-17"	"Chepstow"	"Thewaytothestars"	"5.50"	"7"	"Handicap"	"9"	"9"	"Hutchinson, Callum"	"Harris, Miss G"	"1m "	"6"	"9"	"4"	"9"
"16:18:00"	"2024-06-17"	"Chepstow"	"Mintana"	"11.00"	"12.5"	"Handicap"	"2"	"14"	"Leavy, Mr Joe"	"Evans, H J"	"6f "	"6"	"10"	"6"	"10"
"16:18:00"	"2024-06-17"	"Chepstow"	"Bama Lama"	"4.50"	"7"	"Handicap"	"3"	"14"	"Searle, Oliver"	"Millman, B R"	"6f "	"6"	"9"	"1"	"10"
"16:18:00"	"2024-06-17"	"Chepstow"	"Diamondsinthesand (IRE)"	"6.50"	"10.13"	"Handicap"	"4"	"14"	"Hardie, Cameron"	"Wintle, A"	"6f "	"6"	"9"	"5"	"10"
"16:18:00"	"2024-06-17"	"Chepstow"	"Louis Treize (IRE)"	"11.00"	"15"	"Handicap"	"6"	"14"	"Lewis, Miss Zoe"	"Faulkner, Ms D C"	"6f "	"6"	"9"	"5"	"6"
"16:18:00"	"2024-06-17"	"Chepstow"	"Porterinthejungle (IRE)"	"18.00"	"26"	"Handicap"	"8"	"14"	"Fisher, Taylor"	"Faulkner, Ms D C"	"6f "	"6"	"9"	"10"	"10"
"16:18:00"	"2024-06-17"	"Chepstow"	"One Hart (IRE)"	"7.00"	"10.78"	"Handicap"	"9"	"14"	"Queally, T P"	"Donovan, D"	"6f "	"6"	"9"	"1"	"15"
"15:48:00"	"2024-06-17"	"Chepstow"	"Howzak"	"7.50"	"11.5"	"Handicap"	"2"	"8"	"Cox, William"	"Faulkner, Ms D C"	"6f "	"5"	"9"	"2"	"6"
"15:48:00"	"2024-06-17"	"Chepstow"	"Connies Rose"	"4.00"	"5.79"	"Handicap"	"3"	"8"	"Hutchinson, Callum"	"Harris, Miss G"	"6f "	"5"	"10"	"2"	"9"
"15:48:00"	"2024-06-17"	"Chepstow"	"On Edge"	"4.00"	"6"	"Handicap"	"5"	"8"	"Mangan, Gina"	"Mason, Christopher"	"6f "	"5"	"7"	"1"	"10"
"15:00:00"	"2024-06-17"	"Carlisle"	"Belsito (GER)"	"2.50"	"3.58"	"Handicap"	"1"	"9"	"Eaves, Tom"	"Ryan, K A"	"6f "	"6"	"7"	"2"	"10"
"15:00:00"	"2024-06-17"	"Carlisle"	"Atomise"	"4.00"	"6"	"Handicap"	"2"	"9"	"Beasley, Connor"	"Dods, M"	"6f "	"6"	"10"	"3"	"13"
"15:00:00"	"2024-06-17"	"Carlisle"	"The Gay Blade"	"5.00"	"7"	"Handicap"	"4"	"9"	"Mullen, Andrew"	"Jardine, I"	"6f "	"6"	"5"	"5"	"14"
"15:00:00"	"2024-06-17"	"Carlisle"	"Rain Cap"	"16.00"	"21.23"	"Handicap"	"5"	"9"	"Kirrane, Sean"	"Riches, John"	"6f "	"6"	"9"	"2"	"11"
"15:00:00"	"2024-06-17"	"Carlisle"	"Jamies Choice"	"18.00"	"24"	"Handicap"	"8"	"9"	"Swift, Mr Dale"	"Waggott, Miss Tracy"	"6f "	"6"	"10"	"4"	"13"
"14:48:00"	"2024-06-17"	"Chepstow"	"Stockpyle"	"0.91"	"2.08"	"Handicap"	"1"	"7"	"Doughty, Jack"	"Muir, W R"	"1m "	"5"	"5"	"1"	"11"
"20:30:00"	"2024-06-15"	"Leicester"	"Voltaic"	"6.00"	"8.6"	"Non-Handicap"	"1"	"9"	"Gunn, Molly"	"Carroll, A W"	"7f "	"6"	"8"	"1"	"9"
"20:30:00"	"2024-06-15"	"Leicester"	"Kondratiev Wave (IRE)"	"2.25"	"4"	"Non-Handicap"	"2"	"9"	"Carson, William"	"Carroll, A W"	"7f "	"6"	"8"	"2"	"9"
"20:00:00"	"2024-06-15"	"Leicester"	"Shark Two One"	"3.00"	"5.31"	"Handicap"	"4"	"11"	"Edmunds, Lewis"	"Macey, Jessica"	"6f "	"5"	"7"	"4"	"11"
"20:00:00"	"2024-06-15"	"Leicester"	"Kodi Red (IRE)"	"10.00"	"16.17"	"Handicap"	"11"	"11"	"Wright, Liam"	"Holland, Darryll"	"6f "	"5"	"8"	"3"	"10"
"17:20:00"	"2024-06-15"	"York"	"International Girl (IRE)"	"14.00"	"24.44"	"Handicap"	"10"	"20"	"Leavy, Mr Joe"	"Fahey, R A"	"6f "	"4"	"10"	"1"	"9"
"17:20:00"	"2024-06-15"	"York"	"Ghathanfar (IRE)"	"18.00"	"24.42"	"Handicap"	"11"	"20"	"Swift, Mr Dale"	"Waggott, Miss Tracy"	"6f "	"4"	"7"	"3"	"9"
"17:20:00"	"2024-06-15"	"York"	"Sparkling Red (IRE)"	"40.00"	"53.46"	"Handicap"	"12"	"20"	"Beasley, Connor"	"Dods, M"	"6f "	"4"	"8"	"6"	"6"
"17:20:00"	"2024-06-15"	"York"	"Digital (IRE)"	"28.00"	"53.45"	"Handicap"	"20"	"20"	"Sullivan, James P"	"Carr, Mrs R A"	"6f "	"4"	"9"	"1"	"11"
"17:58:00"	"2024-06-14"	"Cork"	"Bold Optimist (IRE)"	"5.50"	"7.42"	"Handicap"	"1"	"8"	"Coen, Ben M"	"McLoughlin, Daniel"	"5f "	"0"	"9"	"15"	"19"
"14:05:00"	"2024-06-14"	"Sandown"	"Fantasy Master"	"5.50"	"8"	"Handicap"	"7"	"14"	"Marquand, Tom"	"Holland, Darryll"	"5f "	"4"	"9"	"3"	"13"
"20:45:00"	"2024-06-13"	"Musselburgh"	"Havagomecca"	"2.25"	"3.45"	"Handicap"	"2"	"8"	"Beasley, Connor"	"Dods, M"	"5f "	"6"	"6"	"7"	"13"
"17:05:00"	"2024-06-13"	"Newbury"	"Abbey Heights"	"4.50"	"7.53"	"Handicap"	"7"	"12"	"Kingscote, Richard"	"Kubler, Daniel"	"6f "	"4"	"8"	"1"	"13"
"16:55:00"	"2024-06-13"	"Nottingham"	"Mrs Trump (IRE)"	"3.00"	"4.12"	"Handicap"	"2"	"11"	"Winn, Mark"	"Midgley, P T"	"5f "	"6"	"9"	"1"	"7"
"16:55:00"	"2024-06-13"	"Nottingham"	"Enchanted Night"	"18.00"	"24.86"	"Handicap"	"4"	"11"	"Ffrench, Royston"	"Dunnett, Mrs C A"	"5f "	"6"	"9"	"3"	"7"
"16:55:00"	"2024-06-13"	"Nottingham"	"The Grey Lass"	"7.50"	"9.53"	"Handicap"	"5"	"11"	"Mason, Joanna"	"Easterby, M W"	"5f "	"6"	"6"	"8"	"10"
"16:55:00"	"2024-06-13"	"Nottingham"	"Rogue De Vega"	"16.00"	"23.43"	"Handicap"	"10"	"11"	"Hardie, Cameron"	"Brittain, Antony"	"5f "	"6"	"10"	"2"	"8"
"16:40:00"	"2024-06-13"	"Yarmouth"	"Porfin (IRE)"	"3.33"	"4.82"	"Non-Handicap"	"1"	"9"	"Morris, Luke"	"McEntee, P S"	"6f "	"6"	"9"	"5"	"7"
"16:40:00"	"2024-06-13"	"Yarmouth"	"Fantasy Navigator"	"4.50"	"7.2"	"Non-Handicap"	"4"	"9"	"Dawson, R"	"Appleby, M"	"6f "	"6"	"9"	"6"	"10"
"16:40:00"	"2024-06-13"	"Yarmouth"	"Mcs Wag"	"3.00"	"4.3"	"Non-Handicap"	"5"	"9"	"Fraser, Kaiya"	"Parr, Joseph"	"6f "	"6"	"10"	"9"	"9"
"16:40:00"	"2024-06-13"	"Yarmouth"	"My Bonnie Lassie"	"6.50"	"8.33"	"Non-Handicap"	"7"	"9"	"Leavy, Mr Joe"	"Best, Jim/Suzi"	"6f "	"6"	"10"	"6"	"9"
"16:20:00"	"2024-06-13"	"Nottingham"	"Rhythmic Acclaim (IRE)"	"2.00"	"3.21"	"Handicap"	"3"	"12"	"Farragher, Adam J"	"McBride, P J"	"6f "	"6"	"6"	"1"	"9"
"14:00:00"	"2024-06-13"	"Yarmouth"	"Love Is A Rose"	"33.00"	"48.31"	"Handicap"	"5"	"7"	"Wilkie, Brandon"	"Wigham, M"	"7f "	"6"	"9"	"8"	"12"
"20:25:00"	"2024-06-12"	"Hamilton"	"Sound Reason"	"3.50"	"5"	"Handicap"	"4"	"9"	"Winn, Mark"	"OMeara, D"	"5f "	"5"	"6"	"4"	"11"
"19:50:00"	"2024-06-12"	"Hamilton"	"Jordan Electrics"	"2.25"	"3.6"	"Handicap"	"1"	"6"	"Mulrennan, Paul"	"Goldie, J S"	"6f "	"4"	"10"	"14"	"15"
"19:50:00"	"2024-06-12"	"Hamilton"	"Pockley"	"33.00"	"47.46"	"Handicap"	"5"	"6"	"Allan, David"	"Perratt, Miss L A"	"6f "	"4"	"6"	"11"	"11"
"18:20:00"	"2024-06-12"	"Hamilton"	"Mr Trevor (IRE)"	"3.00"	"5.07"	"Handicap"	"9"	"14"	"Brotherton, Miss S"	"Duffield, Mrs A"	"6f "	"6"	"4"	"6"	"12"
"16:30:00"	"2024-06-12"	"Yarmouth"	"Split Elevens"	"12.00"	"22.12"	"Non-Handicap"	"4"	"14"	"Keenan, Darragh"	"Butler, John"	"1m "	"6"	"5"	"4"	"9"
"16:30:00"	"2024-06-12"	"Yarmouth"	"Darker"	"8.00"	"12.5"	"Non-Handicap"	"8"	"14"	"Howarth, Christian"	"Carr, Mrs R A"	"1m "	"6"	"9"	"3"	"8"
"17:42:00"	"2024-06-11"	"Salisbury"	"Regal Envoy (IRE)"	"2.75"	"3.69"	"Handicap"	"1"	"9"	"Murphy, Oisin"	"Knight, W J"	"6f "	"5"	"10"	"1"	"9"
"17:40:00"	"2024-06-10"	"Windsor"	"Level Up (IRE)"	"25.00"	"34"	"Handicap"	"3"	"10"	"McDonnell, Alexandra"	"Evans, P D"	"5f "	"5"	"10"	"9"	"9"
"17:40:00"	"2024-06-10"	"Windsor"	"Betweenthesticks"	"3.50"	"5.83"	"Handicap"	"10"	"10"	"Dawes, Rose"	"Channon, Jack"	"5f "	"5"	"5"	"2"	"10"
"17:10:00"	"2024-06-10"	"Lingfield"	"Amathus (IRE)"	"8.00"	"11"	"Handicap"	"3"	"8"	"Probert, David"	"Chamings, P R"	"7f "	"6"	"9"	"2"	"8"
"14:50:00"	"2024-06-10"	"Carlisle"	"B Associates (IRE)"	"20.00"	"27.16"	"Handicap"	"1"	"10"	"Mullen, Andrew"	"Jardine, I"	"6f "	"6"	"9"	"8"	"11"
"14:50:00"	"2024-06-10"	"Carlisle"	"Rainbow Rain"	"1.20"	"2.26"	"Handicap"	"3"	"10"	"Beasley, Connor"	"Waggott, Miss Tracy"	"6f "	"6"	"3"	"3"	"10"
"14:50:00"	"2024-06-10"	"Carlisle"	"Warminster"	"5.50"	"8.2"	"Handicap"	"6"	"10"	"Dennis, Phil"	"Scott, Miss Katie"	"6f "	"6"	"7"	"3"	"8"
"17:40:00"	"2024-06-09"	"Goodwood"	"Rhythm N Hooves"	"5.50"	"8.2"	"Handicap"	"5"	"8"	"Doyle, Hollie"	"Watson, Archie"	"6f "	"4"	"9"	"1"	"9"
"20:00:00"	"2024-06-08"	"Chepstow"	"Alyara"	"2.50"	"3.58"	"Handicap"	"5"	"9"	"Doughty, Jack"	"Flint, J L"	"1m "	"6"	"1"	"6"	"10"
"19:00:00"	"2024-06-08"	"Chepstow"	"Hat Toss (IRE)"	"2.50"	"3.75"	"Handicap"	"3"	"11"	"Bowen, S D"	"Owen, J P"	"7f "	"4"	"4"	"3"	"7"
"17:25:00"	"2024-06-08"	"Chepstow"	"Jacquelina (IRE)"	"1.38"	"2.35"	"Handicap"	"1"	"6"	"McEntee, Grace"	"McEntee, P S"	"5f "	"6"	"1"	"2"	"10"
"17:25:00"	"2024-06-08"	"Chepstow"	"Howzak"	"5.50"	"6.96"	"Handicap"	"2"	"6"	"Cox, William"	"Faulkner, Ms D C"	"5f "	"6"	"8"	"3"	"9"
"17:25:00"	"2024-06-08"	"Chepstow"	"Alfred Cove"	"3.00"	"4.35"	"Handicap"	"4"	"6"	"Doughty, Jack"	"Carroll, A W"	"5f "	"6"	"4"	"2"	"7"
"17:25:00"	"2024-06-08"	"Chepstow"	"Louis Treize (IRE)"	"8.50"	"13.05"	"Handicap"	"5"	"6"	"Jones, Ethan"	"Faulkner, Ms D C"	"5f "	"6"	"8"	"2"	"9"
"17:05:00"	"2024-06-08"	"Catterick"	"Albegone"	"9.00"	"13.36"	"Handicap"	"2"	"10"	"Fentiman, Duran"	"Easterby, T D"	"5f "	"4"	"8"	"1"	"6"
"17:05:00"	"2024-06-08"	"Catterick"	"Jojo Rabbit"	"7.50"	"11"	"Handicap"	"8"	"10"	"Sullivan, James P"	"Carr, Mrs R A"	"5f "	"4"	"8"	"3"	"6"
"17:05:00"	"2024-06-08"	"Catterick"	"Ecclesiastical"	"20.00"	"28.03"	"Handicap"	"9"	"10"	"Scott, Rowan"	"Davidson, Tristan"	"5f "	"4"	"8"	"5"	"6"
"14:20:00"	"2024-06-08"	"Navan"	"Blanc De Noir (IRE)"	"2.50"	"3.88"	"Handicap"	"4"	"7"	"Mulligan, R M"	"Murtagh, J P"	"5f "	"0"	"3"	"5"	"19"
"19:28:00"	"2024-06-07"	"Haydock"	"Rock Melody (IRE)"	"8.50"	"11.14"	"Handicap"	"5"	"6"	"Crowley, Jim"	"Goldie, J S"	"6f "	"4"	"6"	"4"	"11"
"19:05:00"	"2024-06-07"	"Goodwood"	"Connies Rose"	"3.50"	"6.04"	"Handicap"	"2"	"9"	"Hutchinson, Callum"	"Harris, Miss G"	"6f "	"5"	"7"	"1"	"9"
"19:05:00"	"2024-06-07"	"Goodwood"	"Lahina Bay (IRE)"	"20.00"	"25.41"	"Handicap"	"4"	"9"	"Jones, Ethan"	"Bridger, J / Cook, R"	"6f "	"5"	"6"	"7"	"9"
"19:05:00"	"2024-06-07"	"Goodwood"	"Willingly"	"12.00"	"16.79"	"Handicap"	"5"	"9"	"Timms, Oliver"	"Usher, M D I"	"6f "	"5"	"8"	"6"	"11"
"19:05:00"	"2024-06-07"	"Goodwood"	"Alpine Girl (IRE)"	"6.00"	"7.43"	"Handicap"	"7"	"9"	"Bowen, S D"	"Fanshawe, J R"	"6f "	"5"	"10"	"2"	"8"
"16:40:00"	"2024-06-07"	"Thirsk"	"Giselles Izzy (IRE)"	"22.00"	"30"	"Handicap"	"8"	"13"	"Mullen, Andrew"	"Jardine, I"	"6f "	"6"	"8"	"10"	"11"
"14:38:00"	"2024-06-07"	"Thirsk"	"Jacquelina (IRE)"	"2.00"	"3.28"	"Handicap"	"2"	"10"	"McEntee, Grace"	"McEntee, P S"	"5f "	"6"	"7"	"1"	"9"
"14:38:00"	"2024-06-07"	"Thirsk"	"Canaria Prince"	"7.00"	"10"	"Handicap"	"6"	"10"	"Allan, David"	"Easterby, T D"	"5f "	"6"	"6"	"6"	"13"
"14:38:00"	"2024-06-07"	"Thirsk"	"The Grey Lass"	"10.00"	"14.12"	"Handicap"	"8"	"10"	"Mason, Joanna"	"Easterby, M W"	"5f "	"6"	"9"	"3"	"11"
"14:38:00"	"2024-06-07"	"Thirsk"	"Snow Berry (IRE)"	"20.00"	"26.97"	"Handicap"	"9"	"10"	"Hart, Jason"	"Appleby, M"	"5f "	"6"	"5"	"9"	"10"
"15:35:00"	"2024-06-06"	"Haydock"	"Buraback (IRE)"	"33.00"	"60"	"Handicap"	"5"	"13"	"Hardie, Cameron"	"Shaw, D"	"5f "	"4"	"8"	"10"	"11"
"14:55:00"	"2024-06-06"	"Hamilton"	"Count Dorsay (IRE)"	"7.50"	"10.86"	"Handicap"	"2"	"11"	"Dennis, Phil"	"Easterby, T D"	"5f "	"5"	"7"	"4"	"11"
"14:55:00"	"2024-06-06"	"Hamilton"	"Burj Malinka (IRE)"	"3.00"	"4"	"Handicap"	"3"	"11"	"Mathers, Patrick"	"Nicholls, Adrian"	"5f "	"5"	"7"	"3"	"11"
"14:55:00"	"2024-06-06"	"Hamilton"	"Impressor (IRE)"	"14.00"	"19.5"	"Handicap"	"5"	"11"	"Orr, Oisin"	"Makin, Phillip"	"5f "	"5"	"7"	"5"	"11"
"14:55:00"	"2024-06-06"	"Hamilton"	"Huddle Up (IRE)"	"3.00"	"4.38"	"Handicap"	"7"	"11"	"Garritty, Billy"	"Barron, T D"	"5f "	"5"	"7"	"2"	"11"
"19:55:00"	"2024-06-05"	"Ripon"	"Bay Breeze"	"8.50"	"10"	"Handicap"	"6"	"9"	"Allan, David"	"Easterby, T D"	"6f "	"4"	"9"	"4"	"4"
"20:45:00"	"2024-06-01"	"Lingfield"	"El Hibri (IRE)"	"10.00"	"13.9"	"Handicap"	"9"	"9"	"Burns, Harry"	"Williams, Ian"	"6f "	"5"	"9"	"1"	"8"
"20:20:00"	"2024-06-01"	"Doncaster"	"Dazy Mazy"	"2.25"	"3.5"	"Handicap"	"1"	"9"	"Beasley, Connor"	"Mackie, J"	"6f "	"6"	"9"	"2"	"6"
"20:15:00"	"2024-06-01"	"Lingfield"	"Musical Mystery"	"1.88"	"2.99"	"Handicap"	"3"	"8"	"Coakley, Ross"	"Dunlop, E A L"	"7f "	"5"	"4"	"1"	"9"
"19:50:00"	"2024-06-01"	"Doncaster"	"King Of Tonga (IRE)"	"8.00"	"11.5"	"Handicap"	"4"	"11"	"Nolan, D"	"Carroll, D"	"6f "	"6"	"9"	"1"	"6"
"19:20:00"	"2024-06-01"	"Doncaster"	"Hiya Maite"	"6.00"	"8.4"	"Handicap"	"1"	"12"	"Edmunds, Lewis"	"Bowring, S R"	"5f "	"3"	"7"	"10"	"12"
"19:20:00"	"2024-06-01"	"Doncaster"	"Princess Karine"	"9.00"	"12.84"	"Handicap"	"9"	"12"	"Breslin, Andrew"	"Smart, B"	"5f "	"3"	"8"	"3"	"6"
"19:20:00"	"2024-06-01"	"Doncaster"	"Rambuso Creek (IRE)"	"16.00"	"21.8"	"Handicap"	"10"	"12"	"Hardie, Cameron"	"Ryan, K A"	"5f "	"3"	"7"	"12"	"21"
"13:40:00"	"2024-06-01"	"Musselburgh"	"Doon The Glen"	"5.00"	"6.4"	"Handicap"	"3"	"13"	"Mulrennan, Paul"	"Goldie, J S"	"5f "	"6"	"10"	"7"	"10"
"13:40:00"	"2024-06-01"	"Musselburgh"	"Canaria Prince"	"12.00"	"15.47"	"Handicap"	"6"	"13"	"Fentiman, Duran"	"Easterby, T D"	"5f "	"6"	"9"	"4"	"7"
"18:45:00"	"2024-05-31"	"Doncaster"	"Nikovo"	"3.00"	"4.7"	"Handicap"	"4"	"11"	"Nolan, D"	"OMeara, D"	"1m "	"4"	"9"	"1"	"8"
"15:00:00"	"2024-05-31"	"Chepstow"	"Connies Rose"	"3.33"	"5.74"	"Handicap"	"1"	"9"	"Hutchinson, Callum"	"Harris, Miss G"	"5f "	"5"	"7"	"2"	"10"
"15:00:00"	"2024-05-31"	"Chepstow"	"Sarahs Verse"	"3.00"	"4.74"	"Handicap"	"5"	"9"	"Bowen, S D"	"Harris, R A"	"5f "	"5"	"7"	"1"	"10"
"14:50:00"	"2024-05-31"	"Carlisle"	"Canaria Queen"	"7.50"	"10"	"Handicap"	"5"	"9"	"Fentiman, Duran"	"Easterby, T D"	"5f "	"4"	"8"	"5"	"6"
"14:25:00"	"2024-05-31"	"Chepstow"	"Jacquelina (IRE)"	"1.25"	"2.51"	"Handicap"	"1"	"9"	"McEntee, Grace"	"McEntee, P S"	"5f "	"6"	"3"	"1"	"8"
"14:25:00"	"2024-05-31"	"Chepstow"	"Louis Treize (IRE)"	"12.00"	"17.09"	"Handicap"	"2"	"9"	"Jones, Ethan"	"Faulkner, Ms D C"	"5f "	"6"	"7"	"5"	"10"
"14:25:00"	"2024-05-31"	"Chepstow"	"Savannah Smiles (IRE)"	"10.00"	"14.87"	"Handicap"	"3"	"9"	"Hutchinson, Callum"	"Harris, Miss G"	"5f "	"6"	"7"	"5"	"11"
"14:25:00"	"2024-05-31"	"Chepstow"	"Diamond Cottage"	"16.00"	"22.47"	"Handicap"	"4"	"9"	"Carson, William"	"Saunders, M S"	"5f "	"6"	"7"	"2"	"10"
"14:25:00"	"2024-05-31"	"Chepstow"	"Colors Of Freedom"	"22.00"	"24.63"	"Handicap"	"9"	"9"	"Davies, Harry"	"Ponting, J"	"5f "	"6"	"8"	"2"	"7"
"13:50:00"	"2024-05-31"	"Chepstow"	"Infantryman (FR)"	"400.00"	"1000"	"Novices"	"9"	"11"	"Hogan, D E"	"Murphy, P G"	"7f "	"5"	"8"	"15"	"16"
"17:55:00"	"2024-05-30"	"Carlisle"	"Impressor (IRE)"	"9.00"	"12.98"	"Handicap"	"5"	"11"	"Sangster, Mr Ned"	"Makin, Phillip"	"5f "	"5"	"8"	"8"	"8"
"17:55:00"	"2024-05-30"	"Carlisle"	"Elladora"	"20.00"	"23.71"	"Handicap"	"9"	"11"	"Price, Mr Ryan"	"Hammond, Micky"	"5f "	"5"	"7"	"7"	"11"
"17:25:00"	"2024-05-30"	"Ripon"	"Run This Way"	"0.80"	"1.86"	"Handicap"	"1"	"10"	"Nolan, D"	"Midgley, P T"	"6f "	"6"	"2"	"1"	"14"
"16:20:00"	"2024-05-29"	"Hamilton"	"Slainte Mhath"	"1.10"	"2.2"	"Handicap"	"3"	"8"	"Dennis, Phil"	"Scott, Miss Katie"	"6f "	"4"	"4"	"3"	"21"
"20:15:00"	"2024-05-28"	"Tipperary"	"Cuban Grey"	"4.50"	"5.9"	"Handicap"	"1"	"11"	"Sheridan, J M"	"McKenna, P J"	"5f "	"0"	"10"	"3"	"16"
"20:15:00"	"2024-05-28"	"Tipperary"	"Shoebox King (IRE)"	"5.00"	"7.6"	"Handicap"	"4"	"11"	"Crosse, Nathan"	"Coleman, Kevin"	"5f "	"0"	"10"	"4"	"16"
"20:15:00"	"2024-05-28"	"Tipperary"	"Below Deck (IRE)"	"22.00"	"33.8"	"Handicap"	"9"	"11"	"Hayes, C D"	"Comer, Luke"	"5f "	"0"	"10"	"8"	"16"
"19:45:00"	"2024-05-28"	"Tipperary"	"Never Shout Never (IRE)"	"2.25"	"3.57"	"Handicap"	"3"	"10"	"Caffrey, Adam"	"McGuinness, Adrian"	"5f "	"0"	"10"	"6"	"14"
"19:45:00"	"2024-05-28"	"Tipperary"	"The Organiser"	"3.50"	"5.15"	"Handicap"	"7"	"10"	"OConnor, Donagh"	"Levins, J F"	"5f "	"0"	"4"	"13"	"17"
"19:45:00"	"2024-05-28"	"Tipperary"	"Sunday Sovereign"	"16.00"	"25.21"	"Handicap"	"9"	"10"	"Hayes, C D"	"Kingston, G A"	"5f "	"0"	"10"	"13"	"14"
"17:10:00"	"2024-05-28"	"Redcar"	"Kitbag"	"16.00"	"25"	"Handicap"	"5"	"14"	"Davies, Miss Megan"	"Perratt, Miss L A"	"6f "	"6"	"6"	"6"	"10"
"17:10:00"	"2024-05-28"	"Redcar"	"Polam Lane"	"16.00"	"23"	"Handicap"	"11"	"14"	"Keighley, Miss A M"	"Barron, T D"	"6f "	"6"	"5"	"6"	"7"
"16:55:00"	"2024-05-28"	"Leicester"	"Kalama Sunrise"	"3.50"	"4.58"	"Handicap"	"8"	"9"	"Greatrex, Edward"	"Channon, Jack"	"7f "	"6"	"7"	"4"	"11"
"16:50:00"	"2024-05-27"	"Yarmouth"	"Dion Baker (IRE)"	"3.33"	"4.9"	"Handicap"	"5"	"10"	"Farragher, Adam J"	"Wigham, M"	"7f "	"5"	"6"	"1"	"9"
"16:50:00"	"2024-05-27"	"Yarmouth"	"Primrose Maid"	"33.00"	"42"	"Handicap"	"6"	"10"	"Ffrench, Royston"	"Dunnett, Mrs C A"	"7f "	"5"	"4"	"8"	"10"
"15:45:00"	"2024-05-27"	"Yarmouth"	"Kessaar Power (IRE)"	"11.00"	"18.43"	"Handicap"	"2"	"8"	"McEntee, Grace"	"McEntee, P S"	"6f "	"5"	"4"	"5"	"8"
"15:45:00"	"2024-05-27"	"Yarmouth"	"Global Effort (IRE)"	"40.00"	"67.45"	"Handicap"	"6"	"8"	"Gordon, Josephine"	"McEntee, P S"	"6f "	"5"	"4"	"10"	"10"
"14:50:00"	"2024-05-27"	"Redcar"	"Secret Guest"	"3.50"	"5.37"	"Handicap"	"3"	"4"	"Breslin, Andrew"	"Smart, B"	"6f "	"4"	"9"	"3"	"7"
"13:45:00"	"2024-05-27"	"Redcar"	"Sunny Orange (IRE)"	"3.50"	"5.72"	"Handicap"	"5"	"15"	"Allan, David"	"Easterby, T D"	"7f "	"6"	"4"	"4"	"11"
"13:45:00"	"2024-05-27"	"Redcar"	"Missmimi"	"40.00"	"67.78"	"Handicap"	"6"	"15"	"Mullen, Andrew"	"Jackson, Miss T"	"7f "	"6"	"8"	"6"	"10"
"13:45:00"	"2024-05-27"	"Redcar"	"Musical Masquerade"	"33.00"	"50"	"Handicap"	"12"	"15"	"Chalkley, Lewis"	"Easterby, M W"	"7f "	"6"	"4"	"10"	"11"
"13:45:00"	"2024-05-27"	"Redcar"	"Amaysmont"	"3.50"	"5.52"	"Handicap"	"14"	"15"	"Pinna, Mr Andrea"	"Frost, Kevin"	"7f "	"6"	"4"	"1"	"10"
"13:30:00"	"2024-05-27"	"Yarmouth"	"Kodebreaker (IRE)"	"5.00"	"6.8"	"Handicap"	"2"	"9"	"Sousa, Silvestre De"	"Herrington,M "	"1m "	"6"	"8"	"5"	"10"
"13:30:00"	"2024-05-27"	"Yarmouth"	"Bo Taifan (IRE)"	"33.00"	"46.06"	"Handicap"	"4"	"9"	"Dawson, R"	"Quinn, Denis P"	"1m "	"6"	"4"	"5"	"10"
"13:30:00"	"2024-05-27"	"Yarmouth"	"Streetstorm"	"150.00"	"208.03"	"Handicap"	"9"	"9"	"Pearson, Laura"	"Dunnett, Mrs C A"	"1m "	"6"	"5"	"11"	"11"
"13:35:00"	"2024-05-25"	"York"	"Mondammej"	"33.00"	"57.06"	"Handicap"	"17"	"21"	"Hardie, Cameron"	"Brittain, Antony"	"6f "	"4"	"9"	"12"	"17"
"17:10:00"	"2024-05-24"	"Goodwood"	"Watchya"	"33.00"	"48.54"	"Handicap"	"10"	"10"	"Cosgrave, Pat"	"Baker, George"	"5f "	"3"	"4"	"10"	"11"
"14:40:00"	"2024-05-23"	"Catterick"	"Birkenhead"	"5.00"	"8.98"	"Handicap"	"1"	"7"	"Nolan, D"	"Midgley, P T"	"5f "	"6"	"10"	"3"	"13"
"14:40:00"	"2024-05-23"	"Catterick"	"Rain Cap"	"14.00"	"16.55"	"Handicap"	"3"	"7"	"Kirrane, Sean"	"Riches, John"	"5f "	"6"	"10"	"14"	"14"
"14:40:00"	"2024-05-23"	"Catterick"	"Irish Dancer (IRE)"	"2.50"	"3.6"	"Handicap"	"7"	"7"	"Wheatley, Zak"	"Carroll, D"	"5f "	"6"	"10"	"2"	"13"
"17:05:00"	"2024-05-22"	"Yarmouth"	"Specialist View"	"3.50"	"5.1"	"Handicap"	"9"	"11"	"Sousa, Silvestre De"	"Dwyer, C A"	"1m "	"6"	"9"	"6"	"13"
"16:20:00"	"2024-05-22"	"Ayr"	"Classy Al"	"2.25"	"3.6"	"Handicap"	"1"	"8"	"Mulrennan, Paul"	"Goldie, J S"	"5f "	"5"	"8"	"6"	"13"
"16:20:00"	"2024-05-22"	"Ayr"	"Sixcor"	"9.00"	"12"	"Handicap"	"4"	"8"	"Mullen, Andrew"	"Perratt, Miss L A"	"5f "	"5"	"5"	"3"	"8"
"16:20:00"	"2024-05-22"	"Ayr"	"Fortunate Star (IRE)"	"9.00"	"12.66"	"Handicap"	"7"	"8"	"Wheatley, Zak"	"Carroll, D"	"5f "	"5"	"8"	"5"	"10"
"14:50:00"	"2024-05-22"	"Ayr"	"Kitbag"	"9.00"	"12"	"Handicap"	"6"	"10"	"Beasley, Connor"	"Perratt, Miss L A"	"6f "	"6"	"5"	"7"	"11"
"14:50:00"	"2024-05-22"	"Ayr"	"Doon The Glen"	"3.00"	"4.86"	"Handicap"	"7"	"10"	"Winn, Mark"	"Goldie, J S"	"6f "	"6"	"5"	"2"	"8"
"18:20:00"	"2024-05-21"	"Cork"	"Jazzy Dancer (IRE)"	"14.00"	"20.59"	"Handicap"	"5"	"13"	"Ryan, J J G"	"Martin, W J"	"7f "	"0"	"10"	"7"	"13"
"18:20:00"	"2024-05-21"	"Cork"	"Trueba (IRE)"	"25.00"	"33.64"	"Handicap"	"7"	"13"	"Mulligan, R M"	"Linehan, Edmond Daniel"	"7f "	"0"	"7"	"13"	"14"
"18:20:00"	"2024-05-21"	"Cork"	"Run Forrest Run (IRE)"	"7.50"	"9.93"	"Handicap"	"8"	"13"	"McCullagh, Scott"	"Fenton, M P"	"7f "	"0"	"5"	"5"	"12"
"18:20:00"	"2024-05-21"	"Cork"	"Little Keilee (IRE)"	"10.00"	"13.5"	"Handicap"	"9"	"13"	"Kearney, J"	"Murphy, Ciaran"	"7f "	"0"	"8"	"7"	"15"
"17:50:00"	"2024-05-21"	"Cork"	"Dalvas Boys (IRE)"	"6.50"	"9.78"	"Maiden"	"2"	"8"	"Coen, Ben M"	"OBrien, Richard John"	"6f "	"0"	"7"	"3"	"8"
"19:30:00"	"2024-05-20"	"Carlisle"	"Sacred Falls (IRE)"	"1.63"	"2.99"	"Handicap"	"1"	"8"	"Pyle, William"	"Scott, Miss Katie"	"6f "	"4"	"3"	"2"	"5"
"19:30:00"	"2024-05-20"	"Carlisle"	"Northern Spirit"	"7.50"	"11"	"Handicap"	"3"	"8"	"Robinson, Ben"	"Ellison, B"	"6f "	"4"	"8"	"9"	"11"
"19:30:00"	"2024-05-20"	"Carlisle"	"Gobi Sunset"	"18.00"	"23"	"Handicap"	"7"	"8"	"Mullen, Andrew"	"Jardine, I"	"6f "	"4"	"6"	"UR"	"13"
"19:00:00"	"2024-05-20"	"Carlisle"	"Jordan Electrics"	"2.50"	"3.9"	"Handicap"	"1"	"9"	"Mulrennan, Paul"	"Goldie, J S"	"5f "	"4"	"6"	"1"	"6"
"19:00:00"	"2024-05-20"	"Carlisle"	"Reigning Profit (IRE)"	"6.50"	"9.09"	"Handicap"	"3"	"9"	"Sullivan, James P"	"Carr, Mrs R A"	"5f "	"4"	"7"	"2"	"10"
"19:00:00"	"2024-05-20"	"Carlisle"	"Spring Is Sprung (FR)"	"6.00"	"7.73"	"Handicap"	"4"	"9"	"Tudhope, Daniel"	"Midgley, P T"	"5f "	"4"	"10"	"7"	"12"
"19:00:00"	"2024-05-20"	"Carlisle"	"Mereside Angel (IRE)"	"12.00"	"15.49"	"Handicap"	"8"	"9"	"Fanning, Joe"	"Barron, T D"	"5f "	"4"	"10"	"10"	"12"
"18:45:00"	"2024-05-19"	"Newmarket (Rowley)"	"Victoria Falls (IRE)"	"5.50"	"7"	"Handicap"	"2"	"13"	"Murphy, Oisin"	"Palmer, Hugo"	"1m "	"5"	"9"	"7"	"13"
"16:45:00"	"2024-05-19"	"Newmarket (Rowley)"	"Baryshnikov"	"7.50"	"9.55"	"Handicap"	"6"	"7"	"Buick, William"	"Barron, T D"	"1m2f "	"3"	"10"	"6"	"11"
"15:15:00"	"2024-05-19"	"Ripon"	"The Big Board (IRE)"	"3.33"	"4.52"	"Handicap"	"7"	"7"	"Leavy, Mr Joe"	"Hannon (Jnr), Richard"	"6f "	"3"	"9"	"4"	"9"
"13:45:00"	"2024-05-19"	"Ripon"	"Lotus Rose"	"4.00"	"6.9"	"Handicap"	"5"	"11"	"Bowen, S D"	"Fell, R / Murray, S"	"5f "	"6"	"9"	"3"	"10"
"19:50:00"	"2024-05-18"	"Doncaster"	"Gis A Sub (IRE)"	"8.00"	"10.35"	"Handicap"	"6"	"10"	"Brookes, Aiden"	"Midgley, P T"	"6f "	"4"	"8"	"9"	"13"
"15:15:00"	"2024-05-18"	"Newmarket (Rowley)"	"Zozimus (IRE)"	"4.50"	"6.05"	"Handicap"	"2"	"9"	"Watson, Jason"	"OMeara, D"	"1m "	"3"	"7"	"4"	"11"
"15:15:00"	"2024-05-18"	"Newmarket (Rowley)"	"Hes A Gentleman (IRE)"	"12.00"	"16.78"	"Handicap"	"8"	"9"	"Coakley, Ross"	"Palmer, Hugo"	"1m "	"3"	"10"	"2"	"12"
"15:05:00"	"2024-05-18"	"Navan"	"Inishmot Prince (IRE)"	"22.00"	"34.79"	"Handicap"	"4"	"14"	"Ryan, J J G"	"McCourt, T G"	"5f "	"0"	"7"	"11"	"13"
"13:55:00"	"2024-05-18"	"Navan"	"Shoebox King (IRE)"	"9.00"	"15.25"	"Handicap"	"4"	"16"	"Kearney, J"	"Coleman, Kevin"	"6f "	"0"	"7"	"12"	"13"
"13:55:00"	"2024-05-18"	"Navan"	"Hope And Innocence (IRE)"	"22.00"	"37.52"	"Handicap"	"7"	"16"	"Ryan, J J G"	"McCourt, T G"	"6f "	"0"	"9"	"4"	"11"
"13:55:00"	"2024-05-18"	"Navan"	"Below Deck (IRE)"	"14.00"	"21"	"Handicap"	"8"	"16"	"Hassett, M W"	"Comer, Luke"	"6f "	"0"	"7"	"10"	"13"
"13:55:00"	"2024-05-18"	"Navan"	"Aurora Nova (IRE)"	"6.50"	"9.18"	"Handicap"	"11"	"16"	"Horgan, H J"	"McNamara, Andrew"	"6f "	"0"	"3"	"3"	"13"
"13:55:00"	"2024-05-18"	"Navan"	"Senado Square"	"14.00"	"24.81"	"Handicap"	"12"	"16"	"Horgan, C"	"Slattery, Andrew"	"6f "	"0"	"7"	"9"	"13"
"14:23:00"	"2024-05-17"	"Newmarket (Rowley)"	"One Hart (IRE)"	"25.00"	"32.67"	"Handicap"	"9"	"10"	"Gunn, Molly"	"Donovan, D"	"7f "	"5"	"4"	"12"	"12"
"14:00:00"	"2024-05-16"	"Salisbury"	"Willingly"	"5.00"	"8.28"	"Handicap"	"2"	"7"	"Timms, Oliver"	"Usher, M D I"	"6f "	"6"	"10"	"4"	"10"
"14:00:00"	"2024-05-16"	"Salisbury"	"Roman Spring (IRE)"	"12.00"	"15.58"	"Handicap"	"5"	"7"	"Gunn, Molly"	"Bridger, J / Cook, R"	"6f "	"6"	"10"	"8"	"10"
"20:10:00"	"2024-05-14"	"Chepstow"	"Fact Or Fable (IRE)"	"11.00"	"15"	"Handicap"	"6"	"13"	"Fisher, Taylor"	"Moore, J S"	"7f "	"6"	"9"	"9"	"13"
"19:40:00"	"2024-05-14"	"Chepstow"	"Connies Rose"	"3.00"	"4.32"	"Handicap"	"2"	"9"	"Doyle, Hollie"	"Harris, Miss G"	"6f "	"5"	"9"	"2"	"5"
"19:10:00"	"2024-05-14"	"Chepstow"	"Joy Choi (IRE)"	"2.50"	"3.59"	"Handicap"	"1"	"7"	"Carson, William"	"Saunders, M S"	"5f "	"6"	"8"	"2"	"8"
"19:10:00"	"2024-05-14"	"Chepstow"	"Rhubarb"	"4.50"	"6.63"	"Handicap"	"2"	"7"	"Marquand, Tom"	"Price, R J"	"5f "	"6"	"4"	"4"	"10"
"19:10:00"	"2024-05-14"	"Chepstow"	"Under Curfew"	"6.50"	"8.78"	"Handicap"	"6"	"7"	"Doughty, Jack"	"Carroll, A W"	"5f "	"6"	"8"	"1"	"8"
"15:15:00"	"2024-05-14"	"Beverley"	"Burj Malinka (IRE)"	"5.50"	"8.16"	"Handicap"	"4"	"9"	"Mathers, Patrick"	"Nicholls, Adrian"	"5f "	"5"	"9"	"3"	"7"
"18:35:00"	"2024-05-13"	"Windsor"	"Indian Creak (IRE)"	"10.00"	"11.16"	"Handicap"	"10"	"10"	"Dawes, Rose"	"Channon, Jack"	"6f "	"3"	"10"	"7"	"8"
"17:55:00"	"2024-05-11"	"Leicester"	"Catherine Chroi (IRE)"	"2.50"	"4.01"	"Handicap"	"1"	"13"	"Tabti, M"	"Jardine, I"	"6f "	"6"	"6"	"1"	"7"
"16:55:00"	"2024-05-11"	"Ascot"	"Northcliff (IRE)"	"20.00"	"29.81"	"Handicap"	"1"	"26"	"Woods, Sorcha"	"Murphy, Mike"	"6f "	"4"	"9"	"1"	"8"
"16:55:00"	"2024-05-11"	"Ascot"	"Buccabay (IRE)"	"12.00"	"19.22"	"Handicap"	"12"	"26"	"Bishop, Charles"	"Houghton, Eve Johnson"	"6f "	"4"	"10"	"2"	"8"
"16:55:00"	"2024-05-11"	"Ascot"	"Mister Bluebird"	"11.00"	"16.69"	"Handicap"	"15"	"26"	"Jones, Ethan"	"Main, Mrs H S"	"6f "	"4"	"10"	"4"	"8"
"16:55:00"	"2024-05-11"	"Ascot"	"Kuwait City (IRE)"	"33.00"	"48.65"	"Handicap"	"21"	"26"	"Crowley, Jim"	"Butler, John"	"6f "	"4"	"10"	"8"	"8"
"16:55:00"	"2024-05-11"	"Ascot"	"Brave Nation (IRE)"	"7.00"	"9.01"	"Handicap"	"25"	"26"	"Buick, William"	"Bell, M L W"	"6f "	"4"	"10"	"3"	"8"
"14:55:00"	"2024-05-11"	"Nottingham"	"Star Of Lady M"	"4.50"	"6.17"	"Handicap"	"8"	"8"	"Winn, Mark"	"OMeara, D"	"6f "	"4"	"7"	"1"	"13"
"14:00:00"	"2024-05-11"	"Naas"	"Reinforce (IRE)"	"12.00"	"15.76"	"Handicap"	"2"	"13"	"Whelan, R P"	"Brown, Miss Katy"	"5f "	"0"	"9"	"4"	"10"
"14:00:00"	"2024-05-11"	"Naas"	"Senado Square"	"16.00"	"27.61"	"Handicap"	"9"	"13"	"Horgan, C"	"Slattery, Andrew"	"5f "	"0"	"5"	"11"	"17"
"20:18:00"	"2024-05-10"	"Nottingham"	"Spanish Angel (IRE)"	"7.50"	"11.16"	"Handicap"	"2"	"10"	"Sullivan, James P"	"Carr, Mrs R A"	"5f "	"6"	"9"	"1"	"7"
"20:18:00"	"2024-05-10"	"Nottingham"	"Showalong"	"2.50"	"4"	"Handicap"	"3"	"10"	"Garritty, Jack"	"Easterby, T D"	"5f "	"6"	"8"	"2"	"10"
"19:15:00"	"2024-05-10"	"Ripon"	"Showtime Mahomes"	"5.50"	"6.91"	"Handicap"	"6"	"13"	"James, S H"	"Tuer, Grant"	"6f "	"4"	"10"	"5"	"9"
"19:15:00"	"2024-05-10"	"Ripon"	"Westmorian"	"11.00"	"14.96"	"Handicap"	"7"	"13"	"Feilden, Sam"	"Tuer, Grant"	"6f "	"4"	"9"	"2"	"5"
"18:05:00"	"2024-05-10"	"Ripon"	"Princess Karine"	"2.75"	"4.5"	"Handicap"	"4"	"12"	"Breslin, Andrew"	"Smart, B"	"5f "	"5"	"9"	"1"	"5"
"15:30:00"	"2024-05-10"	"Ascot"	"Dream Composer (FR)"	"7.50"	"11"	"Handicap"	"8"	"9"	"Costello, Dougie"	"Evans, H J"	"6f "	"3"	"7"	"3"	"5"
"14:35:00"	"2024-05-07"	"Navan"	"My Girl Sioux (IRE)"	"3.00"	"4.67"	"Handicap"	"4"	"10"	"Slattery, A J"	"Slattery, Andrew"	"5f "	"0"	"2"	"5"	"14"
"14:35:00"	"2024-05-07"	"Navan"	"Step Back In Time (IRE)"	"3.50"	"5.41"	"Handicap"	"8"	"10"	"MacRedmond, Cian"	"Timmons, C D"	"5f "	"0"	"10"	"6"	"21"
"14:35:00"	"2024-05-07"	"Navan"	"Kuwait Direction (IRE)"	"40.00"	"70"	"Handicap"	"10"	"10"	"Ryan, Gavin"	"Clarke, Keith Henry"	"5f "	"0"	"10"	"14"	"21"
"17:30:00"	"2024-05-06"	"Windsor"	"Willingly"	"4.50"	"6.53"	"Handicap"	"4"	"10"	"Wilkie, Brandon"	"Usher, M D I"	"5f "	"5"	"9"	"3"	"7"
"17:30:00"	"2024-05-06"	"Windsor"	"So Smart (IRE)"	"20.00"	"27"	"Handicap"	"5"	"10"	"Hutchinson, Callum"	"Harris, Miss G"	"5f "	"5"	"9"	"7"	"7"
"17:20:00"	"2024-05-06"	"Curragh"	"Rathbranchurch (IRE)"	"6.50"	"11"	"Handicap"	"8"	"17"	"Joyce, Wesley"	"Mulvany, Michael"	"6f "	"0"	"9"	"7"	"21"
"17:20:00"	"2024-05-06"	"Curragh"	"Sevensees"	"8.50"	"11"	"Handicap"	"10"	"17"	"Coen, Ben M"	"Murtagh, J P"	"6f "	"0"	"9"	"3"	"21"
"17:20:00"	"2024-05-06"	"Curragh"	"Distillate"	"80.00"	"150.43"	"Handicap"	"12"	"17"	"MacRedmond, Cian"	"McGuinness, Adrian"	"6f "	"0"	"9"	"12"	"21"
"17:20:00"	"2024-05-06"	"Curragh"	"Loma Larnee"	"8.00"	"12.5"	"Handicap"	"RR"	"17"	"Lee, W J"	"Oliver, Andrew"	"6f "	"0"	"9"	"2"	"21"
"16:20:00"	"2024-05-06"	"Windsor"	"Tiriac"	"4.00"	"5.3"	"Handicap"	"1"	"9"	"Probert, David"	"Channon, Jack"	"6f "	"4"	"9"	"3"	"7"
"16:20:00"	"2024-05-06"	"Windsor"	"Able Kane"	"11.00"	"13.35"	"Handicap"	"4"	"9"	"Coakley, Ross"	"Millman, B R"	"6f "	"4"	"9"	"7"	"16"
"17:30:00"	"2024-05-05"	"Hamilton"	"Catherine Chroi (IRE)"	"1.25"	"2.34"	"Handicap"	"1"	"7"	"Mullen, Andrew"	"Jardine, I"	"6f "	"6"	"6"	"1"	"8"
"15:20:00"	"2024-05-05"	"Salisbury"	"Connies Rose"	"3.00"	"4.24"	"Handicap"	"2"	"5"	"ONeill, K T"	"Harris, Miss G"	"5f "	"5"	"7"	"8"	"13"
"15:20:00"	"2024-05-05"	"Salisbury"	"Safari Dream (IRE)"	"2.75"	"4.48"	"Handicap"	"3"	"5"	"Coakley, Ross"	"Millman, B R"	"5f "	"5"	"6"	"3"	"6"
"14:10:00"	"2024-05-05"	"Salisbury"	"Amaysmont"	"4.50"	"6.2"	"Handicap"	"2"	"13"	"Frost, Miss Lauren"	"Frost, Kevin"	"7f "	"6"	"6"	"2"	"9"
"19:00:00"	"2024-05-04"	"Yarmouth"	"Baby Lionheart"	"150.00"	"342.65"	"Maiden"	"8"	"9"	"Keenan, Darragh"	"Owen, J P"	"6f "	"5"	"7"	"3"	"3"
"17:50:00"	"2024-05-04"	"Newmarket (Rowley)"	"Zozimus (IRE)"	"11.00"	"14.06"	"Handicap"	"3"	"16"	"Tudhope, Daniel"	"OMeara, D"	"1m "	"3"	"6"	"3"	"11"
"17:50:00"	"2024-05-04"	"Newmarket (Rowley)"	"Arthurs Realm (IRE)"	"14.00"	"23"	"Handicap"	"5"	"16"	"Ryan, Rossa"	"Dunlop, E A L"	"1m "	"3"	"9"	"1"	"6"
"16:40:00"	"2024-05-04"	"Yarmouth"	"Em Jay Kay"	"8.00"	"12.74"	"Handicap"	"2"	"7"	"Gordon, Josephine"	"McEntee, P S"	"6f "	"5"	"5"	"2"	"8"
"15:15:00"	"2024-05-04"	"Thirsk"	"Elegant Erin (IRE)"	"10.00"	"14"	"Handicap"	"3"	"13"	"Nolan, D"	"Midgley, P T"	"5f "	"3"	"9"	"6"	"11"
"14:10:00"	"2024-05-04"	"Thirsk"	"Illusionist (GER)"	"2.75"	"4.87"	"Handicap"	"5"	"15"	"Shaw, Harrison"	"Tuer, Grant"	"6f "	"4"	"6"	"1"	"6"
"14:10:00"	"2024-05-04"	"Thirsk"	"Zaman Jemil (IRE)"	"40.00"	"71.64"	"Handicap"	"13"	"15"	"Scott, Rowan"	"Quinn, J J"	"6f "	"4"	"9"	"10"	"11"
"15:15:00"	"2024-05-03"	"Goodwood"	"Dayman (GER)"	"25.00"	"41.74"	"Handicap"	"8"	"8"	"Egan, John"	"Davis, D J S Ffrench"	"6f "	"3"	"3"	"9"	"9"
"15:17:00"	"2024-05-02"	"Redcar"	"Showalong"	"3.00"	"4.29"	"Handicap"	"2"	"10"	"Allan, David"	"Easterby, T D"	"5f "	"6"	"10"	"2"	"8"
"14:22:00"	"2024-05-02"	"Ayr"	"Modular Magic"	"18.00"	"25.86"	"Handicap"	"5"	"10"	"Mulrennan, Paul"	"Goldie, J S"	"5f "	"6"	"6"	"10"	"12"
"18:55:00"	"2024-04-30"	"Catterick"	"Fortunate Star (IRE)"	"6.50"	"10.27"	"Handicap"	"1"	"8"	"Wheatley, Zak"	"Carroll, D"	"5f "	"6"	"10"	"4"	"11"
"18:55:00"	"2024-04-30"	"Catterick"	"High Opinion"	"6.00"	"9.98"	"Handicap"	"3"	"8"	"Breslin, Andrew"	"Smart, B"	"5f "	"6"	"10"	"2"	"11"
"18:55:00"	"2024-04-30"	"Catterick"	"Object"	"0.73"	"1.79"	"Handicap"	"4"	"8"	"Allan, David"	"Easterby, T D"	"5f "	"6"	"6"	"1"	"8"
"18:55:00"	"2024-04-30"	"Catterick"	"Murbih (IRE)"	"28.00"	"53.2"	"Handicap"	"7"	"8"	"Hardie, Cameron"	"Brittain, Antony"	"5f "	"6"	"6"	"5"	"8"
"20:09:00"	"2024-04-29"	"Windsor"	"Antiphon (IRE)"	"2.13"	"3.06"	"Handicap"	"1"	"6"	"Marquand, Tom"	"Murphy, Mike"	"5f "	"5"	"9"	"4"	"7"
"20:09:00"	"2024-04-29"	"Windsor"	"Safari Dream (IRE)"	"2.75"	"4.24"	"Handicap"	"3"	"6"	"Murphy, Oisin"	"Millman, B R"	"5f "	"5"	"10"	"15"	"16"
"17:50:00"	"2024-04-29"	"Naas"	"Polar Bear (IRE)"	"9.00"	"11.73"	"Handicap"	"7"	"14"	"Foley, Shane"	"Harrington, Mrs John"	"6f "	"0"	"9"	"11"	"21"
"17:50:00"	"2024-04-29"	"Naas"	"Dagoda (IRE)"	"11.00"	"17"	"Handicap"	"10"	"14"	"Colgan, R C"	"Lynch, Miss Jennifer Anne"	"6f "	"0"	"9"	"4"	"21"
"17:50:00"	"2024-04-29"	"Naas"	"Something Nice (IRE)"	"40.00"	"64.31"	"Handicap"	"11"	"14"	"Joyce, Wesley"	"Mulvany, Michael"	"6f "	"0"	"8"	"11"	"12"
"14:45:00"	"2024-04-29"	"Ayr"	"Doon The Glen"	"3.50"	"5.19"	"Handicap"	"4"	"8"	"Waugh, Amie"	"Goldie, J S"	"6f "	"6"	"3"	"2"	"10"
"14:45:00"	"2024-04-29"	"Ayr"	"Kitbag"	"12.00"	"16.49"	"Handicap"	"5"	"8"	"Jakes, Tommie"	"Perratt, Miss L A"	"6f "	"6"	"6"	"6"	"12"
"14:10:00"	"2024-04-27"	"Haydock"	"Trilby"	"4.00"	"5.52"	"Handicap"	"1"	"12"	"Gray, S A"	"England, Sam"	"6f "	"5"	"5"	"5"	"8"
"14:10:00"	"2024-04-27"	"Haydock"	"Nights Over Egypt (IRE)"	"12.00"	"18.53"	"Handicap"	"11"	"12"	"Watson, Jason"	"Menzies, Rebecca"	"6f "	"5"	"1"	"8"	"11"
"13:10:00"	"2024-04-27"	"Navan"	"Sevensees"	"25.00"	"54.12"	"Handicap"	"3"	"21"	"Mulligan, R M"	"Murtagh, J P"	"5f "	"0"	"7"	"12"	"23"
"13:10:00"	"2024-04-27"	"Navan"	"Rathbranchurch (IRE)"	"4.00"	"5.65"	"Handicap"	"7"	"21"	"Joyce, Wesley"	"Mulvany, Michael"	"5f "	"0"	"7"	"5"	"21"
"13:10:00"	"2024-04-27"	"Navan"	"Distillate"	"50.00"	"128.68"	"Handicap"	"12"	"21"	"Caffrey, Adam"	"McGuinness, Adrian"	"5f "	"0"	"7"	"20"	"21"
"13:58:00"	"2024-04-26"	"Doncaster"	"Asadjumeirah"	"9.00"	"12.5"	"Handicap"	"5"	"12"	"Russell, Harry"	"Brittain, Antony"	"7f "	"6"	"6"	"4"	"12"
"16:20:00"	"2024-04-23"	"Yarmouth"	"Dion Baker (IRE)"	"6.50"	"9.27"	"Handicap"	"4"	"13"	"Farragher, Adam J"	"Wigham, M"	"1m "	"5"	"10"	"2"	"8"
"16:20:00"	"2024-04-23"	"Yarmouth"	"Zina Colada"	"6.50"	"9.2"	"Handicap"	"10"	"13"	"Ghiani, Marco"	"Margarson, G G"	"1m "	"5"	"10"	"4"	"9"
"16:10:00"	"2024-04-22"	"Windsor"	"Northcliff (IRE)"	"4.00"	"5.71"	"Handicap"	"3"	"9"	"Davies, Harry"	"Murphy, Mike"	"6f "	"5"	"9"	"3"	"9"
"15:45:00"	"2024-04-21"	"Musselburgh"	"Westmorian"	"7.50"	"9.65"	"Handicap"	"5"	"12"	"James, S H"	"Tuer, Grant"	"5f "	"4"	"10"	"4"	"9"
"18:05:00"	"2024-04-20"	"Thirsk"	"Mersea (FR)"	"4.00"	"6.06"	"Handicap"	"12"	"13"	"James, S H"	"Tuer, Grant"	"6f "	"5"	"9"	"1"	"4"
"17:25:00"	"2024-04-20"	"Nottingham"	"Glorious Rio (IRE)"	"9.00"	"11.9"	"Handicap"	"9"	"11"	"Wilkie, Brandon"	"Barclay, Stella"	"5f "	"6"	"10"	"6"	"10"
"16:17:00"	"2024-04-18"	"Ripon"	"Illusionist (GER)"	"3.00"	"4.17"	"Handicap"	"2"	"13"	"Shaw, Harrison"	"Tuer, Grant"	"6f "	"4"	"9"	"2"	"13"
"16:17:00"	"2024-04-18"	"Ripon"	"Ey Up Its Maggie"	"16.00"	"21.69"	"Handicap"	"9"	"13"	"Jakes, Tommie"	"Coyle, Tony"	"6f "	"4"	"9"	"7"	"13"
"16:20:00"	"2024-04-15"	"Windsor"	"Punchbowl Flyer (IRE)"	"9.00"	"12.6"	"Handicap"	"9"	"11"	"Dobie, Georgia"	"Oshea, J G M"	"6f "	"4"	"8"	"10"	"11"
"19:30:00"	"2024-04-13"	"Yarmouth"	"Rhythmic Acclaim (IRE)"	"6.00"	"7.46"	"Handicap"	"1"	"8"	"Cole, Morgan"	"McBride, P J"	"6f "	"6"	"8"	"7"	"10"
"19:30:00"	"2024-04-13"	"Yarmouth"	"One Hart (IRE)"	"4.50"	"6.4"	"Handicap"	"4"	"8"	"Shepherd, Callum"	"Donovan, D"	"6f "	"6"	"6"	"3"	"9"
"19:30:00"	"2024-04-13"	"Yarmouth"	"Autumn Flight (IRE)"	"22.00"	"27.4"	"Handicap"	"7"	"8"	"Da Silva, Raul"	"McEntee, P S"	"6f "	"6"	"5"	"4"	"6"
"19:00:00"	"2024-04-13"	"Yarmouth"	"Blue Collar Lad"	"5.50"	"7.8"	"Handicap"	"6"	"9"	"ONeill, K T"	"Haynes, Alice"	"6f "	"6"	"5"	"5"	"10"
"17:30:00"	"2024-04-13"	"Yarmouth"	"Speedacus (IRE)"	"50.00"	"73.05"	"Handicap"	"10"	"10"	"Sexton, Ryan"	"Butler, John"	"5f "	"4"	"10"	"10"	"10"
"16:40:00"	"2024-03-30"	"Cork"	"Mount Ruapehu (IRE)"	"9.00"	"11"	"Handicap"	"10"	"11"	"Slattery, A J"	"Slattery, Andrew"	"5f "	"0"	"8"	"4"	"10"
"14:55:00"	"2024-03-30"	"Cork"	"Ramiro (IRE)"	"2.00"	"3.25"	"Handicap"	"7"	"9"	"Sheridan, J M"	"McLoughlin, Hilary"	"7f "	"0"	"6"	"2"	"16"
"16:50:00"	"2024-03-24"	"Doncaster"	"Selbys Pride"	"8.50"	"12.86"	"Handicap"	"7"	"11"	"Eaves, Tom"	"Coyle, Tony"	"5f "	"5"	"9"	"2"	"9"
"15:05:00"	"2024-03-24"	"Doncaster"	"Parisiac (IRE)"	"16.00"	"21.29"	"Handicap"	"9"	"14"	"ONeill, K T"	"Haynes, Alice"	"6f "	"3"	"10"	"6"	"9"
"13:50:00"	"2023-11-05"	"Curragh"	"Transcendental (FR)"	"7.50"	"9.88"	"Handicap"	"2"	"12"	"Whearty, R"	"Cromwell, Gavin Patrick"	"5f "	"0"	"5"	"6"	"19"
"13:50:00"	"2023-11-05"	"Curragh"	"Magical Vision (IRE)"	"5.50"	"7.99"	"Handicap"	"6"	"12"	"Kennedy, K G"	"Howard, Aidan Anthony"	"5f "	"0"	"5"	"9"	"19"
"13:50:00"	"2023-11-05"	"Curragh"	"Greek Flower (IRE)"	"3.50"	"5.83"	"Handicap"	"9"	"12"	"Hassett, M W"	"Feane, John James"	"5f "	"0"	"5"	"1"	"19"
"15:57:00"	"2023-11-04"	"Newmarket (Rowley)"	"Dirtyoldtown (IRE)"	"22.00"	"14.5"	"Handicap"	"1"	"17"	"Strydom, Kyle"	"Cunha, Dylan"	"7f "	"4"	"3"	"10"	"10"
"13:42:00"	"2023-10-31"	"Catterick"	"Tommytwohoots"	"11.00"	"15.43"	"Handicap"	"5"	"11"	"Pearson, Laura"	"Harris, S A"	"5f "	"6"	"8"	"9"	"12"
"12:50:00"	"2023-10-31"	"Curragh"	"Mogwli (IRE)"	"11.00"	"15.5"	"Handicap"	"5"	"19"	"Maye, Jessica"	"McCreery, W"	"6f "	"0"	"9"	"5"	"12"
"16:58:00"	"2023-10-28"	"Doncaster"	"Broken Spear"	"6.00"	"8"	"Handicap"	"8"	"10"	"Eaves, Tom"	"Coyle, Tony"	"7f "	"4"	"7"	"5"	"5"
"16:25:00"	"2023-10-28"	"Doncaster"	"Oso Rapido (IRE)"	"14.00"	"21.37"	"Handicap"	"6"	"10"	"Peate, Jonny"	"Fell, R / Murray, S"	"7f "	"3"	"7"	"1"	"5"
"16:30:00"	"2023-10-20"	"Redcar"	"Jkr Cobbler (IRE)"	"3.00"	"5.04"	"Handicap"	"4"	"14"	"Mullen, Andrew"	"Jardine, I"	"7f "	"6"	"8"	"3"	"13"
"16:30:00"	"2023-10-20"	"Redcar"	"Culcor"	"18.00"	"25.05"	"Handicap"	"8"	"14"	"Nolan, D"	"OMeara, D"	"7f "	"6"	"10"	"3"	"13"
"16:30:00"	"2023-10-20"	"Redcar"	"Sassoon"	"4.00"	"6.1"	"Handicap"	"9"	"14"	"Breslin, Andrew"	"Haslam, B M R"	"7f "	"6"	"8"	"1"	"10"
"15:20:00"	"2023-10-20"	"Redcar"	"Woobay (IRE)"	"1.50"	"2.7"	"Handicap"	"2"	"11"	"Scott, Rowan"	"Makin, Phillip"	"5f "	"5"	"7"	"4"	"8"
"13:35:00"	"2023-10-20"	"Redcar"	"Crypto Quest (IRE)"	"11.00"	"15.28"	"Handicap"	"4"	"8"	"Garritty, Billy"	"McInnes, I W"	"6f "	"5"	"7"	"3"	"8"
"16:50:00"	"2023-10-18"	"Nottingham"	"Ey Up Its Maggie"	"6.50"	"8.8"	"Handicap"	"5"	"7"	"Eaves, Tom"	"Coyle, Tony"	"5f "	"3"	"8"	"5"	"11"
"16:50:00"	"2023-10-18"	"Nottingham"	"Nomadic Empire (IRE)"	"3.00"	"4.48"	"Handicap"	"6"	"7"	"Watson, Jason"	"OMeara, D"	"5f "	"3"	"5"	"2"	"12"
"13:45:00"	"2023-10-18"	"Navan"	"Art Of Unity"	"2.50"	"5.1"	"Handicap"	"13"	"22"	"Powell, J A"	"Kelly, Muredach"	"5.5f "	"0"	"6"	"2"	"14"
"13:45:00"	"2023-10-18"	"Navan"	"Cnodian (IRE)"	"20.00"	"34"	"Handicap"	"19"	"22"	"Kelly, M Telford"	"McCreery, W"	"5.5f "	"0"	"6"	"8"	"19"
"13:45:00"	"2023-10-18"	"Navan"	"Takana (IRE)"	"40.00"	"60.73"	"Handicap"	"20"	"22"	"Marshall, Tom Kiely"	"Fahey, James"	"5.5f "	"0"	"6"	"13"	"14"
"16:35:00"	"2023-10-17"	"Leicester"	"Khathak"	"2.75"	"4.12"	"Seller"	"2"	"8"	"Garritty, Billy"	"Fahey, R A"	"7f "	"4"	"8"	"13"	"16"
"16:35:00"	"2023-10-17"	"Leicester"	"Withy Rock"	"80.00"	"125.61"	"Seller"	"3"	"8"	"Mohd, Shariq"	"Turner, W G M"	"7f "	"4"	"6"	"14"	"14"
"15:05:00"	"2023-10-16"	"Musselburgh"	"Albegone"	"10.00"	"12.79"	"Handicap"	"1"	"10"	"Allan, David"	"Easterby, T D"	"5f "	"5"	"9"	"9"	"13"
"16:00:00"	"2023-10-14"	"Naas"	"Heavenly Power (IRE)"	"4.00"	"5.7"	"Handicap"	"3"	"10"	"Ryan, J J G"	"Lynam, Edward"	"6f "	"0"	"10"	"1"	"11"
"16:00:00"	"2023-10-14"	"Naas"	"Volatile Analyst (USA)"	"9.00"	"12.5"	"Handicap"	"4"	"10"	"MacRedmond, Cian"	"McGuinness, Adrian"	"6f "	"0"	"10"	"6"	"11"
"16:00:00"	"2023-10-14"	"Naas"	"Gustavus Weston (IRE)"	"5.50"	"8.04"	"Handicap"	"7"	"10"	"Carroll, G F"	"Murphy, Joseph G"	"6f "	"0"	"7"	"2"	"11"
"17:15:00"	"2023-10-12"	"Curragh"	"Art Of Unity"	"5.00"	"6.73"	"Handicap"	"2"	"14"	"Powell, J A"	"Kelly, Muredach"	"5f "	"0"	"8"	"3"	"20"
"17:15:00"	"2023-10-12"	"Curragh"	"Mymomentintime (USA)"	"2.75"	"4.45"	"Handicap"	"8"	"14"	"Roche, L F"	"Finn, Miss Susan A"	"5f "	"0"	"5"	"3"	"11"
"15:55:00"	"2023-10-12"	"Ayr"	"Abduction (FR)"	"9.00"	"11.5"	"Handicap"	"2"	"12"	"Gray, S A"	"Goldie, J S"	"6f "	"4"	"9"	"4"	"7"
"17:07:00"	"2023-10-10"	"Leicester"	"The Cruising Lord"	"11.00"	"15"	"Handicap"	"9"	"13"	"Marquand, Tom"	"Brisland, Robyn"	"7f "	"5"	"7"	"7"	"11"
"15:57:00"	"2023-10-10"	"Leicester"	"Speedacus (IRE)"	"3.50"	"5.7"	"Handicap"	"6"	"11"	"Watson, Jason"	"OMeara, D"	"5f "	"4"	"8"	"2"	"9"
"15:57:00"	"2023-10-10"	"Leicester"	"Level Up (IRE)"	"6.50"	"8.82"	"Handicap"	"8"	"11"	"Doyle, Hollie"	"Evans, P D"	"5f "	"4"	"8"	"2"	"7"
"15:22:00"	"2023-10-10"	"Leicester"	"Selbys Pride"	"3.50"	"5.11"	"Handicap"	"2"	"9"	"Eaves, Tom"	"Coyle, Tony"	"6f "	"5"	"6"	"3"	"9"
"17:22:00"	"2023-10-09"	"Windsor"	"Corinthia Knight (IRE)"	"4.00"	"6.24"	"Handicap"	"2"	"15"	"Doyle, Hollie"	"Watson, Archie"	"6f "	"6"	"7"	"3"	"8"
"17:22:00"	"2023-10-09"	"Windsor"	"Sparked"	"10.00"	"15.3"	"Handicap"	"8"	"15"	"Catton, Luke"	"Boyle, J R"	"6f "	"6"	"4"	"3"	"8"
"17:35:00"	"2023-10-07"	"Redcar"	"Khabib (IRE)"	"10.00"	"15"	"Handicap"	"2"	"13"	"Eaves, Tom"	"Craggs, R"	"5f "	"4"	"7"	"5"	"9"
"17:35:00"	"2023-10-07"	"Redcar"	"Albegone"	"7.50"	"10"	"Handicap"	"9"	"13"	"Allan, David"	"Easterby, T D"	"5f "	"4"	"10"	"5"	"11"
"17:15:00"	"2023-10-07"	"Curragh"	"Transcendental (FR)"	"14.00"	"23.57"	"Handicap"	"8"	"19"	"Carroll, G F"	"Cromwell, Gavin Patrick"	"6f "	"0"	"10"	"2"	"7"
"17:15:00"	"2023-10-07"	"Curragh"	"Gegenpressing"	"18.00"	"22.42"	"Handicap"	"17"	"19"	"Roche, L F"	"Harty, Edward and Patrick"	"6f "	"0"	"3"	"13"	"20"
"16:05:00"	"2023-10-07"	"Curragh"	"Gustavus Weston (IRE)"	"5.50"	"8.54"	"Handicap"	"2"	"11"	"Carroll, G F"	"Murphy, Joseph G"	"5f "	"0"	"3"	"4"	"11"
"16:05:00"	"2023-10-07"	"Curragh"	"Petit Calvados (IRE)"	"8.00"	"13"	"Handicap"	"8"	"11"	"Coen, Ben M"	"ONeill, E J"	"5f "	"0"	"8"	"3"	"14"
"15:22:00"	"2023-10-06"	"Ascot"	"Sweet Reward (IRE)"	"14.00"	"18"	"Non-Handicap"	"7"	"8"	"Hornby, Rob"	"Portman, J G"	"1m "	"3"	"9"	"5"	"7"
"14:12:00"	"2023-10-06"	"Ascot"	"Two Tempting (IRE)"	"14.00"	"21.79"	"Handicap"	"3"	"12"	"Harding, James"	"Portman, J G"	"7f "	"3"	"9"	"8"	"12"
"14:12:00"	"2023-10-06"	"Ascot"	"Crystal Casque"	"14.00"	"16.9"	"Handicap"	"11"	"12"	"Supple, Jo"	"Millman, B R"	"7f "	"3"	"9"	"6"	"7"
"16:30:00"	"2023-10-05"	"Salisbury"	"Coco Bear (IRE)"	"10.00"	"13.85"	"Handicap"	"12"	"13"	"Crouch, Hector"	"Chamings, P R"	"6f "	"4"	"8"	"7"	"10"
"16:12:00"	"2023-10-04"	"Nottingham"	"Yazaman (IRE)"	"5.00"	"6.6"	"Handicap"	"3"	"10"	"Lee, G"	"Midgley, P T"	"5f "	"6"	"6"	"5"	"13"
"16:12:00"	"2023-10-04"	"Nottingham"	"Gustav Graves"	"8.50"	"11"	"Handicap"	"7"	"10"	"Fisher, Jonathan"	"Shaw, D"	"5f "	"6"	"9"	"10"	"11"
"16:12:00"	"2023-10-04"	"Nottingham"	"Captain Corcoran (IRE)"	"11.00"	"14.5"	"Handicap"	"8"	"10"	"Wood, George"	"Barclay, Stella"	"5f "	"6"	"10"	"2"	"6"
"15:42:00"	"2023-10-04"	"Nottingham"	"Spoof"	"2.25"	"3.23"	"Handicap"	"1"	"7"	"Sanderson, Benjamin"	"Frost, Kevin"	"5f "	"3"	"4"	"2"	"9"
"15:42:00"	"2023-10-04"	"Nottingham"	"Fantasy Master"	"2.50"	"3.52"	"Handicap"	"4"	"7"	"Marquand, Tom"	"Holland, Darryll"	"5f "	"3"	"8"	"2"	"10"
"15:42:00"	"2023-10-04"	"Nottingham"	"Hiya Maite"	"7.50"	"11.47"	"Handicap"	"5"	"7"	"Edmunds, Lewis"	"Bowring, S R"	"5f "	"3"	"8"	"4"	"5"
"15:12:00"	"2023-10-04"	"Nottingham"	"Selbys Pride"	"4.50"	"6.94"	"Handicap"	"3"	"9"	"Marquand, Tom"	"Coyle, Tony"	"6f "	"5"	"10"	"2"	"10"
"15:12:00"	"2023-10-04"	"Nottingham"	"Willingly"	"4.00"	"5.6"	"Handicap"	"4"	"9"	"Jary, Alex"	"Usher, M D I"	"6f "	"5"	"9"	"3"	"12"
"14:55:00"	"2023-10-04"	"Navan"	"Art Of Unity"	"8.00"	"13.5"	"Handicap"	"3"	"20"	"Mulligan, R M"	"Kelly, Muredach"	"5.5f "	"0"	"6"	"2"	"10"
"14:55:00"	"2023-10-04"	"Navan"	"Teddy Boy (IRE)"	"10.00"	"14.74"	"Handicap"	"4"	"20"	"Ryan, J J G"	"Lynam, Edward"	"5.5f "	"0"	"8"	"2"	"16"
"14:55:00"	"2023-10-04"	"Navan"	"Mogwli (IRE)"	"11.00"	"16.02"	"Handicap"	"6"	"20"	"Kelly, M Telford"	"McCreery, W"	"5.5f "	"0"	"7"	"1"	"9"
"14:55:00"	"2023-10-04"	"Navan"	"Shoebox King (IRE)"	"10.00"	"12.5"	"Handicap"	"11"	"20"	"Murphy, E A"	"Coleman, Kevin"	"5.5f "	"0"	"8"	"3"	"16"
"14:55:00"	"2023-10-04"	"Navan"	"Markievicz (IRE)"	"8.00"	"12.47"	"Handicap"	"14"	"20"	"Hassett, M W"	"Lavery, Ms Sheila"	"5.5f "	"0"	"8"	"7"	"16"
"14:20:00"	"2023-10-04"	"Catterick"	"Woobay (IRE)"	"3.00"	"4.97"	"Handicap"	"1"	"9"	"Brown, Pippa"	"Makin, Phillip"	"5f "	"6"	"9"	"2"	"12"
"14:20:00"	"2023-10-04"	"Catterick"	"John Kirkup"	"2.50"	"3.78"	"Handicap"	"2"	"9"	"Smith, Becky"	"Thompson, D W"	"5f "	"6"	"5"	"7"	"12"
"17:07:00"	"2023-10-03"	"Ayr"	"Judgment Call"	"6.00"	"8.49"	"Handicap"	"4"	"6"	"Allan, David"	"Perratt, Miss L A"	"6f "	"4"	"10"	"9"	"9"
"17:10:00"	"2023-10-02"	"Hamilton"	"Speedacus (IRE)"	"2.75"	"4.59"	"Handicap"	"2"	"9"	"Tudhope, Daniel"	"OMeara, D"	"5f "	"5"	"7"	"1"	"11"
"14:40:00"	"2023-10-02"	"Hamilton"	"The Gay Blade"	"6.00"	"8.64"	"Handicap"	"2"	"8"	"Hislop, Mr Dominic"	"Jardine, I"	"6f "	"5"	"8"	"3"	"10"
"14:40:00"	"2023-10-02"	"Hamilton"	"Object"	"20.00"	"34"	"Handicap"	"5"	"8"	"Easterby, William"	"Easterby, T D"	"6f "	"5"	"5"	"6"	"11"
"14:40:00"	"2023-10-02"	"Hamilton"	"Giselles Izzy (IRE)"	"4.00"	"5.87"	"Handicap"	"6"	"8"	"Crawford, Miss Hannah"	"Jardine, I"	"6f "	"5"	"8"	"2"	"6"
"14:40:00"	"2023-10-02"	"Hamilton"	"Burj Malinka (IRE)"	"1.25"	"2.38"	"Handicap"	"7"	"8"	"Nicholls, Mr Jack"	"Nicholls, Adrian"	"6f "	"5"	"8"	"1"	"10"
"16:05:00"	"2023-09-30"	"Ripon"	"May Blossom"	"14.00"	"23"	"Handicap"	"8"	"9"	"Winn, Mark"	"OMeara, D"	"5f "	"4"	"10"	"3"	"9"
"15:15:00"	"2023-09-30"	"Haydock"	"Music Society (IRE)"	"18.00"	"20.82"	"Handicap"	"6"	"10"	"Hardie, Cameron"	"Easterby, T D"	"6f "	"3"	"8"	"14"	"20"
"14:55:00"	"2023-09-30"	"Ripon"	"Mr Trevor (IRE)"	"3.33"	"5"	"Handicap"	"4"	"10"	"Beasley, Connor"	"Duffield, Mrs A"	"6f "	"6"	"5"	"1"	"12"
"14:55:00"	"2023-09-30"	"Ripon"	"One More Dream"	"9.00"	"10.83"	"Handicap"	"10"	"10"	"Sanna, G"	"Quinn, J J"	"6f "	"6"	"9"	"8"	"10"
"17:18:00"	"2023-09-28"	"Newmarket (Rowley)"	"Victoria Falls (IRE)"	"6.50"	"8.26"	"Handicap"	"2"	"12"	"Planas, Connor"	"Palmer, Hugo"	"1m "	"4"	"10"	"1"	"11"
"16:00:00"	"2023-09-28"	"Bellewstown"	"Step Back In Time (IRE)"	"2.50"	"3.79"	"Handicap"	"3"	"10"	"Cleary, R P"	"Timmons, C D"	"5f "	"0"	"10"	"4"	"17"
"16:00:00"	"2023-09-28"	"Bellewstown"	"Takana (IRE)"	"14.00"	"19.74"	"Handicap"	"4"	"10"	"Simmonson, D M"	"Fahey, James"	"5f "	"0"	"1"	"3"	"7"
"16:00:00"	"2023-09-28"	"Bellewstown"	"Catherine Chroi (IRE)"	"4.00"	"6.6"	"Handicap"	"7"	"10"	"Rutledge, Siobhan"	"OConnell, Ms Claire"	"5f "	"0"	"3"	"3"	"11"
"16:00:00"	"2023-09-28"	"Bellewstown"	"Ever Rock (IRE)"	"6.00"	"8.15"	"Handicap"	"9"	"10"	"Keane, C T"	"Lambe, J J"	"5f "	"0"	"10"	"13"	"17"
"17:35:00"	"2023-09-27"	"Redcar"	"Asmund (IRE)"	"4.50"	"6.28"	"Handicap"	"2"	"12"	"Wheatley, Zak"	"Carroll, D"	"7f "	"6"	"4"	"5"	"9"
"17:02:00"	"2023-09-27"	"Redcar"	"J R Cavagin (IRE)"	"3.50"	"6"	"Handicap"	"1"	"11"	"Lee, G"	"Midgley, P T"	"5f "	"5"	"10"	"8"	"11"
"17:02:00"	"2023-09-27"	"Redcar"	"Stone Of Destiny"	"4.00"	"5.19"	"Handicap"	"2"	"11"	"Mason, Joanna"	"Appleby, M"	"5f "	"5"	"10"	"2"	"11"
"17:02:00"	"2023-09-27"	"Redcar"	"Lotus Rose"	"6.50"	"9.4"	"Handicap"	"3"	"11"	"Peate, Jonny"	"Fell, R / Murray, S"	"5f "	"5"	"10"	"3"	"11"
"15:45:00"	"2023-09-27"	"Bellewstown"	"Transcendental (FR)"	"3.50"	"5.3"	"Handicap"	"2"	"7"	"Carroll, G F"	"Cromwell, Gavin Patrick"	"5f "	"0"	"1"	"7"	"10"
"15:05:00"	"2023-09-27"	"Goodwood"	"Harb"	"3.50"	"5.7"	"Handicap"	"3"	"10"	"Queally, T P"	"Crate, Peter"	"6f "	"4"	"7"	"1"	"7"
"15:05:00"	"2023-09-27"	"Goodwood"	"Punchbowl Flyer (IRE)"	"16.00"	"18"	"Handicap"	"4"	"10"	"Dobie, Georgia"	"Oshea, J G M"	"6f "	"4"	"4"	"25"	"25"
"15:05:00"	"2023-09-27"	"Goodwood"	"Ultramarine (IRE)"	"7.50"	"11.19"	"Handicap"	"8"	"10"	"Buick, William"	"Evans, P D"	"6f "	"4"	"8"	"3"	"10"
"15:05:00"	"2023-09-26"	"Cork"	"Coumshingaun (IRE)"	"5.00"	"6.11"	"Handicap"	"2"	"10"	"Hogan, C M"	"Coleman, Kevin"	"6f "	"0"	"8"	"8"	"9"
"15:05:00"	"2023-09-26"	"Cork"	"Iva Batt (IRE)"	"3.33"	"5.15"	"Handicap"	"5"	"10"	"Whelan, R P"	"McGuinness, Adrian"	"6f "	"0"	"8"	"10"	"17"
"14:30:00"	"2023-09-26"	"Cork"	"Run Forrest Run (IRE)"	"4.00"	"5.9"	"Handicap"	"1"	"16"	"Stone-Walsh, C"	"Fenton, M P"	"6f "	"0"	"7"	"7"	"13"
"14:30:00"	"2023-09-26"	"Cork"	"Shoebox King (IRE)"	"14.00"	"21"	"Handicap"	"3"	"16"	"Hogan, C M"	"Coleman, Kevin"	"6f "	"0"	"8"	"16"	"17"
"17:15:00"	"2023-09-25"	"Hamilton"	"Earn Your Stripes"	"3.33"	"4.9"	"Handicap"	"4"	"12"	"Mullen, Andrew"	"Smith, R Michael"	"6f "	"6"	"4"	"5"	"11"
"17:15:00"	"2023-09-25"	"Hamilton"	"Burtonlodge Beauty (IRE)"	"22.00"	"26.81"	"Handicap"	"7"	"12"	"Breslin, Andrew"	"Perratt, Miss L A"	"6f "	"6"	"4"	"18"	"20"
"17:15:00"	"2023-09-25"	"Hamilton"	"Zandora (IRE)"	"125.00"	"312.82"	"Handicap"	"11"	"12"	"Scott, Rowan"	"Harrison, Gary"	"6f "	"6"	"9"	"6"	"6"
"17:15:00"	"2023-09-25"	"Hamilton"	"Nodsasgoodasawink"	"22.00"	"28.94"	"Handicap"	"12"	"12"	"Mathers, Patrick"	"Perratt, Miss L A"	"6f "	"6"	"1"	"3"	"6"
"17:00:00"	"2023-09-25"	"Leicester"	"Thornaby Pearl"	"2.75"	"4.1"	"Handicap"	"5"	"8"	"Murtagh, Connor"	"Nicholls, Adrian"	"6f "	"5"	"8"	"4"	"11"
"15:50:00"	"2023-09-25"	"Leicester"	"Sarahs Verse"	"4.50"	"4.48"	"Handicap"	"4"	"11"	"Egan, David"	"Harris, R A"	"5f "	"5"	"9"	"8"	"16"
"15:50:00"	"2023-09-25"	"Leicester"	"Four Adaay"	"6.00"	"7.17"	"Handicap"	"6"	"11"	"McDonald, P J"	"Millman, B R"	"5f "	"5"	"10"	"2"	"11"
"16:35:00"	"2023-09-24"	"Hamilton"	"Burj Malinka (IRE)"	"4.50"	"5.78"	"Handicap"	"1"	"10"	"Murtagh, Connor"	"Nicholls, Adrian"	"6f "	"5"	"6"	"7"	"15"
"16:35:00"	"2023-09-24"	"Hamilton"	"Selbys Pride"	"11.00"	"13.87"	"Handicap"	"2"	"10"	"Eaves, Tom"	"Coyle, Tony"	"6f "	"5"	"7"	"6"	"11"
"16:35:00"	"2023-09-24"	"Hamilton"	"Ramon Di Loria (IRE)"	"10.00"	"14.5"	"Handicap"	"5"	"10"	"Sexton, Ryan"	"Whillans, Ewan"	"6f "	"5"	"7"	"3"	"4"
"16:00:00"	"2023-09-24"	"Hamilton"	"Rock Melody (IRE)"	"2.25"	"3.28"	"Handicap"	"3"	"6"	"Mulrennan, Paul"	"Goldie, J S"	"6f "	"4"	"2"	"9"	"20"
"14:50:00"	"2023-09-24"	"Hamilton"	"Captain Corcoran (IRE)"	"8.00"	"13.4"	"Handicap"	"2"	"6"	"Wood, George"	"Barclay, Stella"	"5f "	"6"	"6"	"3"	"10"
"14:50:00"	"2023-09-24"	"Hamilton"	"Nodsasgoodasawink"	"40.00"	"56.06"	"Handicap"	"3"	"6"	"Mathers, Patrick"	"Perratt, Miss L A"	"5f "	"6"	"8"	"9"	"10"
"14:50:00"	"2023-09-24"	"Hamilton"	"Aconcagua Mountain (IRE)"	"0.67"	"1.7"	"Handicap"	"4"	"6"	"Young, Archie"	"Jardine, I"	"5f "	"6"	"3"	"1"	"20"
"16:50:00"	"2023-09-23"	"Curragh"	"Veras Secret (IRE)"	"2.50"	"4.52"	"Maiden"	"5"	"10"	"McAteer, L T"	"Feane, John James"	"6f "	"0"	"10"	"2"	"14"
"15:25:00"	"2023-09-23"	"Newmarket (Rowley)"	"Abate"	"7.00"	"9.03"	"Handicap"	"1"	"11"	"Nicholls, Mia"	"Nicholls, Adrian"	"6f "	"4"	"9"	"3"	"13"
"17:40:00"	"2023-09-21"	"Yarmouth"	"Fast Flo"	"12.00"	"15"	"Handicap"	"3"	"10"	"Ffrench, Royston"	"Dunnett, Mrs C A"	"7f "	"6"	"7"	"7"	"10"
"17:40:00"	"2023-09-21"	"Yarmouth"	"The Spotlight Kid"	"0.83"	"2.02"	"Handicap"	"4"	"10"	"Fallon, Cieren"	"Ivory, D K"	"7f "	"6"	"3"	"4"	"11"
"15:55:00"	"2023-09-21"	"Yarmouth"	"Tolstoy (IRE)"	"5.00"	"6.62"	"Handicap"	"4"	"6"	"Ghiani, Marco"	"Williams, S C"	"6f "	"3"	"8"	"9"	"14"
"14:25:00"	"2023-09-21"	"Ayr"	"Aconcagua Mountain (IRE)"	"4.50"	"7.3"	"Handicap"	"1"	"20"	"James, S H"	"Jardine, I"	"5f "	"5"	"5"	"2"	"10"
"14:25:00"	"2023-09-21"	"Ayr"	"Sixcor"	"10.00"	"14.61"	"Handicap"	"3"	"20"	"Beasley, Connor"	"Perratt, Miss L A"	"5f "	"5"	"2"	"5"	"14"
"18:15:00"	"2023-09-19"	"Yarmouth"	"Frisky"	"3.33"	"4.81"	"Handicap"	"5"	"8"	"Larson, Frederick"	"Butler, John"	"5f "	"6"	"7"	"4"	"4"
"16:10:00"	"2023-09-19"	"Redcar"	"Jojo Rabbit"	"6.00"	"8.06"	"Handicap"	"7"	"13"	"Sullivan, James P"	"Carr, Mrs R A"	"6f "	"4"	"7"	"2"	"6"
"15:00:00"	"2023-09-19"	"Redcar"	"Spanish Angel (IRE)"	"6.00"	"7.87"	"Handicap"	"9"	"14"	"Sullivan, James P"	"Carr, Mrs R A"	"5f "	"6"	"10"	"6"	"9"
"16:05:00"	"2023-09-18"	"Thirsk"	"Captain Corcoran (IRE)"	"12.00"	"17.25"	"Handicap Seller"	"3"	"10"	"Howarth, Christian"	"Barclay, Stella"	"6f "	"6"	"9"	"8"	"11"
"16:00:00"	"2023-09-17"	"Musselburgh"	"Water Of Leith (IRE)"	"10.00"	"14.52"	"Handicap"	"4"	"4"	"Waugh, Amie"	"Goldie, J S"	"5f "	"4"	"10"	"10"	"12"
"15:00:00"	"2023-09-17"	"Doncaster"	"Biplane (USA)"	"20.00"	"35.16"	"Non-Handicap"	"2"	"15"	"Hanagan, Paul"	"Wainwright, J S"	"1m "	"5"	"9"	"7"	"9"
"15:00:00"	"2023-09-17"	"Doncaster"	"Oh Herberts Reign (IRE)"	"4.00"	"5.9"	"Non-Handicap"	"5"	"15"	"Nicholls, Adrian T"	"Hannon (Jnr), Richard"	"1m "	"5"	"8"	"2"	"9"
"19:10:00"	"2023-09-16"	"Musselburgh"	"Aconcagua Mountain (IRE)"	"1.75"	"2.9"	"Handicap"	"2"	"10"	"Mullen, Andrew"	"Jardine, I"	"5f "	"6"	"5"	"4"	"12"
"14:40:00"	"2023-09-15"	"Sandown"	"Four Adaay"	"5.50"	"6.9"	"Handicap"	"2"	"11"	"Curtis, B A"	"Millman, B R"	"5f "	"5"	"10"	"3"	"6"
"13:15:00"	"2023-09-14"	"Doncaster"	"Strong Johnson (IRE)"	"4.00"	"5.8"	"Handicap"	"11"	"13"	"Peate, Jonny"	"Midgley, P T"	"6f "	"4"	"9"	"2"	"11"
"16:15:00"	"2023-09-12"	"Catterick"	"Jojo Rabbit"	"6.00"	"8.08"	"Handicap"	"2"	"6"	"Sullivan, James P"	"Carr, Mrs R A"	"5f "	"5"	"10"	"8"	"12"
"16:15:00"	"2023-09-12"	"Catterick"	"Murbih (IRE)"	"4.00"	"5.11"	"Handicap"	"3"	"6"	"Hardie, Cameron"	"Brittain, Antony"	"5f "	"5"	"3"	"2"	"9"
"16:25:00"	"2023-09-09"	"Thirsk"	"Brazen Bolt"	"2.25"	"3.87"	"Handicap"	"1"	"7"	"Sanna, G"	"Quinn, J J"	"6f "	"3"	"8"	"2"	"12"
"16:25:00"	"2023-09-09"	"Thirsk"	"Zarzyni (IRE)"	"11.00"	"14.59"	"Handicap"	"4"	"7"	"James, S H"	"Barron, T D"	"6f "	"3"	"7"	"11"	"11"
"16:25:00"	"2023-09-08"	"Down Royal"	"Ballysax Lil Mick (IRE)"	"10.00"	"14.5"	"Maiden"	"6"	"11"	"Simmonson, D M"	"Brown, Miss Katy"	"5f "	"0"	"9"	"6"	"7"
"16:25:00"	"2023-09-08"	"Down Royal"	"My Joker (IRE)"	"66.00"	"115.78"	"Maiden"	"8"	"11"	"Rutledge, Siobhan"	"McConnell, John C"	"5f "	"0"	"6"	"17"	"21"
"15:35:00"	"2023-09-08"	"Ascot"	"Ideal Guest (FR)"	"16.00"	"22.74"	"Handicap"	"11"	"11"	"Margarson, Rosie"	"Margarson, G G"	"1m "	"4"	"9"	"3"	"13"
"17:35:00"	"2023-09-07"	"Carlisle"	"Canaria Prince"	"6.50"	"8.73"	"Handicap"	"3"	"10"	"Fentiman, Duran"	"Easterby, T D"	"5f "	"5"	"2"	"6"	"14"
"17:35:00"	"2023-09-07"	"Carlisle"	"Sixcor"	"8.50"	"12"	"Handicap"	"9"	"10"	"Breslin, Andrew"	"Perratt, Miss L A"	"5f "	"5"	"9"	"1"	"10"
"14:10:00"	"2023-09-07"	"Salisbury"	"Havana Goldrush"	"4.50"	"5.78"	"Handicap"	"6"	"7"	"Tubb, Olivia"	"Moore, J S"	"1m "	"5"	"6"	"4"	"7"
"19:40:00"	"2023-09-06"	"Cork"	"Von Krolock (IRE)"	"5.00"	"6.74"	"Handicap"	"3"	"25"	"Hassett, M W"	"Doyle, Timothy"	"7f "	"0"	"7"	"2"	"18"
"19:40:00"	"2023-09-06"	"Cork"	"Rose Of Malta (IRE)"	"10.00"	"17.95"	"Handicap"	"4"	"25"	"Heffernan, J A"	"ODonnell, P F"	"7f "	"0"	"7"	"8"	"18"
"19:40:00"	"2023-09-06"	"Cork"	"Cherry Bloom (IRE)"	"16.00"	"21.84"	"Handicap"	"16"	"25"	"Lee, W J"	"Scott, Gillian"	"7f "	"0"	"10"	"7"	"24"
"19:40:00"	"2023-09-06"	"Cork"	"Trueba (IRE)"	"16.00"	"32.5"	"Handicap"	"20"	"25"	"Hogan, C M"	"Linehan, Edmond Daniel"	"7f "	"0"	"7"	"1"	"17"
"19:40:00"	"2023-09-06"	"Cork"	"Tijuana"	"66.00"	"238.81"	"Handicap"	"21"	"25"	"McCullagh, N G"	"Finn, David Edward"	"7f "	"0"	"7"	"11"	"18"
"19:45:00"	"2023-09-05"	"Hamilton"	"Giselles Izzy (IRE)"	"1.00"	"2.12"	"Handicap"	"1"	"8"	"Curtis, B A"	"Jardine, I"	"6f "	"6"	"4"	"6"	"12"
"19:45:00"	"2023-09-05"	"Hamilton"	"See My Baby Jive"	"20.00"	"40.67"	"Handicap"	"4"	"8"	"Hart, Jason"	"Whillans, D W"	"6f "	"6"	"10"	"11"	"11"
"19:45:00"	"2023-09-05"	"Hamilton"	"Genevieve"	"28.00"	"42.32"	"Handicap"	"6"	"8"	"Waugh, Amie"	"Goldie, J S"	"6f "	"6"	"7"	"6"	"10"
"18:00:00"	"2023-09-05"	"Ripon"	"Strong Johnson (IRE)"	"2.25"	"3.41"	"Handicap"	"2"	"11"	"Tudhope, Daniel"	"Midgley, P T"	"6f "	"4"	"10"	"1"	"12"
"18:00:00"	"2023-09-05"	"Ripon"	"Oso Rapido (IRE)"	"7.50"	"11.28"	"Handicap"	"5"	"11"	"Marquand, Tom"	"Fell, R / Murray, S"	"6f "	"4"	"10"	"1"	"11"
"18:00:00"	"2023-09-05"	"Ripon"	"Golden Duke (IRE)"	"8.00"	"10.23"	"Handicap"	"6"	"11"	"Scott, Rowan"	"Tinkler, N"	"6f "	"4"	"10"	"4"	"11"
"17:30:00"	"2023-09-05"	"Ripon"	"Eldeyaar (IRE)"	"12.00"	"17.58"	"Handicap"	"1"	"14"	"Hardie, Cameron"	"Brittain, Antony"	"6f "	"6"	"8"	"2"	"12"
"17:30:00"	"2023-09-05"	"Ripon"	"Wades Magic"	"4.50"	"6.71"	"Handicap"	"2"	"14"	"Allan, David"	"Easterby, T D"	"6f "	"6"	"6"	"4"	"12"
"17:30:00"	"2023-09-05"	"Ripon"	"Chester Le Streak"	"3.50"	"7"	"Handicap"	"3"	"14"	"Pyle, William"	"Lidster, Craig"	"6f "	"6"	"9"	"1"	"11"
"17:30:00"	"2023-09-05"	"Ripon"	"Canaria Prince"	"22.00"	"30.56"	"Handicap"	"6"	"14"	"Fentiman, Duran"	"Easterby, T D"	"6f "	"6"	"7"	"10"	"10"
"17:30:00"	"2023-09-05"	"Ripon"	"Pink Sky At Night (IRE)"	"40.00"	"66.18"	"Handicap"	"9"	"14"	"Mason, Joanna"	"Coward, Miss J M"	"6f "	"6"	"6"	"7"	"9"
"17:30:00"	"2023-09-05"	"Ripon"	"One For The Ladies"	"12.00"	"16.5"	"Handicap"	"11"	"14"	"Gray, S A"	"Easterby, M W"	"6f "	"6"	"10"	"3"	"18"
"17:30:00"	"2023-09-05"	"Ripon"	"Glory Hallelujah (IRE)"	"7.00"	"7.63"	"Handicap"	"13"	"14"	"Scott, Rowan"	"Tinkler, N"	"6f "	"6"	"9"	"3"	"11"
"17:05:00"	"2023-09-05"	"Goodwood"	"Amazonian Dream (IRE)"	"5.50"	"7.87"	"Handicap"	"2"	"11"	"Murphy, Oisin"	"Millman, B R"	"6f "	"4"	"10"	"3"	"12"
"15:55:00"	"2023-09-05"	"Goodwood"	"Four Adaay"	"4.50"	"5.66"	"Handicap"	"3"	"6"	"Murphy, Oisin"	"Millman, B R"	"5f "	"4"	"10"	"3"	"7"
"14:10:00"	"2023-09-04"	"Chepstow"	"Macs Dilemma (IRE)"	"7.50"	"11"	"Handicap"	"4"	"8"	"Dobie, Georgia"	"Oshea, J G M"	"7f "	"4"	"7"	"4"	"7"
"15:25:00"	"2023-09-02"	"Navan"	"Arnhem (IRE)"	"4.00"	"6"	"Handicap"	"3"	"7"	"Ryan, Gavin"	"Quinn, M G"	"5f "	"0"	"7"	"1"	"17"
"15:15:00"	"2023-09-02"	"Beverley"	"John Kirkup"	"3.33"	"5.1"	"Handicap"	"4"	"12"	"Curtis, B A"	"Thompson, D W"	"5f "	"5"	"3"	"2"	"12"
"15:15:00"	"2023-09-02"	"Beverley"	"Gustav Graves"	"10.00"	"14"	"Handicap"	"5"	"12"	"Mason, Joanna"	"Shaw, D"	"5f "	"5"	"6"	"4"	"11"
"15:15:00"	"2023-09-02"	"Beverley"	"Golden Rainbow"	"20.00"	"19.81"	"Handicap"	"6"	"12"	"McHugh, B"	"Midgley, P T"	"5f "	"5"	"5"	"9"	"14"
"14:50:00"	"2023-09-02"	"Navan"	"Step Back In Time (IRE)"	"40.00"	"93.07"	"Handicap"	"1"	"21"	"Cleary, R P"	"Timmons, C D"	"5f "	"0"	"3"	"7"	"17"
"14:50:00"	"2023-09-02"	"Navan"	"Run Forrest Run (IRE)"	"14.00"	"25.65"	"Handicap"	"5"	"21"	"Powell, J A"	"Fenton, M P"	"5f "	"0"	"7"	"6"	"17"
"14:50:00"	"2023-09-02"	"Navan"	"Universally (IRE)"	"5.00"	"9"	"Handicap"	"10"	"21"	"Hayes, C D"	"ONeill, E J"	"5f "	"0"	"6"	"2"	"24"
"14:50:00"	"2023-09-02"	"Navan"	"Giocoso (IRE)"	"40.00"	"70"	"Handicap"	"14"	"21"	"Horgan, C"	"Slattery, Andrew"	"5f "	"0"	"6"	"8"	"24"
"17:10:00"	"2023-09-01"	"Salisbury"	"Iconic Knight (IRE)"	"8.50"	"11"	"Handicap"	"3"	"7"	"Tucker, Miss Amy"	"Flint, J L"	"1m "	"5"	"4"	"7"	"12"
"17:10:00"	"2023-09-01"	"Salisbury"	"Havana Goldrush"	"3.50"	"5.76"	"Handicap"	"4"	"7"	"Saunders, Lewis"	"Moore, J S"	"1m "	"5"	"9"	"3"	"11"
"17:10:00"	"2023-09-01"	"Salisbury"	"Letter Of The Law (IRE)"	"28.00"	"38"	"Handicap"	"7"	"7"	"Wilding, Miss Iesha"	"Oshea, J G M"	"1m "	"5"	"8"	"12"	"13"
"16:45:00"	"2023-09-01"	"Ffos Las"	"Brazen Idol"	"1.63"	"2.74"	"Handicap"	"1"	"4"	"Larson, Frederick"	"Butler, John"	"6f "	"5"	"7"	"2"	"7"
"13:50:00"	"2023-09-01"	"Thirsk"	"Mumcat"	"3.00"	"4.79"	"Handicap"	"5"	"9"	"Howarth, Miss R"	"Coward, Miss J M"	"6f "	"6"	"4"	"6"	"12"
"16:50:00"	"2023-08-30"	"Cork"	"Gurkha Girl (IRE)"	"40.00"	"78.04"	"Handicap"	"2"	"17"	"Roche, L F"	"Fenton, M P"	"7f "	"0"	"10"	"18"	"19"
"16:50:00"	"2023-08-30"	"Cork"	"Step Back In Time (IRE)"	"14.00"	"24"	"Handicap"	"7"	"17"	"Colgan, R C"	"Timmons, C D"	"7f "	"0"	"10"	"6"	"14"
"16:50:00"	"2023-08-30"	"Cork"	"Florence Thompson (IRE)"	"10.00"	"13.31"	"Handicap"	"10"	"17"	"Powell, J A"	"Murray, J G"	"7f "	"0"	"10"	"13"	"14"
"14:40:00"	"2023-08-30"	"Catterick"	"Albegone"	"2.25"	"3.72"	"Handicap"	"5"	"9"	"Allan, David"	"Easterby, T D"	"5f "	"4"	"9"	"1"	"8"
"18:45:00"	"2023-08-29"	"Bellewstown"	"Shoebox King (IRE)"	"3.00"	"4.03"	"Handicap"	"6"	"8"	"Crosse, Nathan"	"Coleman, Kevin"	"5f "	"0"	"10"	"7"	"14"
"18:30:00"	"2023-08-29"	"Musselburgh"	"The Grey Lass"	"7.50"	"9.63"	"Handicap"	"2"	"10"	"Mason, Joanna"	"Easterby, M W"	"5f "	"6"	"2"	"10"	"11"
"18:30:00"	"2023-08-29"	"Musselburgh"	"James Watt (IRE)"	"4.50"	"5.5"	"Handicap"	"9"	"10"	"Lee, G"	"Midgley, P T"	"5f "	"6"	"2"	"6"	"11"
"18:30:00"	"2023-08-29"	"Musselburgh"	"Canaria Prince"	"12.00"	"18.87"	"Handicap"	"10"	"10"	"Hardie, Cameron"	"Easterby, T D"	"5f "	"6"	"9"	"4"	"11"
"16:00:00"	"2023-08-29"	"Ripon"	"Twelfth Knight (IRE)"	"5.00"	"6.75"	"Handicap"	"1"	"10"	"Sexton, Ryan"	"Midgley, P T"	"6f "	"4"	"10"	"14"	"18"
"16:00:00"	"2023-08-29"	"Ripon"	"Marks Choice (IRE)"	"7.50"	"8.41"	"Handicap"	"8"	"10"	"Costello, Dougie"	"Keatley, Adrian Paul"	"6f "	"4"	"10"	"16"	"17"
"15:40:00"	"2023-08-29"	"Newbury"	"Island Bandit (IRE)"	"7.00"	"9"	"Handicap"	"7"	"9"	"Mangan, Gina"	"Main, Mrs H S"	"1m "	"3"	"9"	"1"	"11"
"17:10:00"	"2023-08-28"	"Chepstow"	"Gilt Edge"	"5.00"	"6.8"	"Handicap"	"5"	"12"	"Mangan, Gina"	"Mason, Christopher"	"6f "	"6"	"4"	"6"	"13"
"17:10:00"	"2023-08-28"	"Chepstow"	"Hastily"	"5.50"	"7.33"	"Handicap"	"9"	"12"	"Dobie, Georgia"	"McGuinness, Tom"	"6f "	"6"	"4"	"1"	"8"
"16:35:00"	"2023-08-28"	"Chepstow"	"Fact Or Fable (IRE)"	"8.00"	"12.5"	"Handicap"	"2"	"12"	"Mangan, Gina"	"Moore, J S"	"7f "	"6"	"4"	"1"	"13"
"16:35:00"	"2023-08-28"	"Chepstow"	"Coffeemeanscoffee (IRE)"	"1.50"	"2.71"	"Handicap"	"10"	"12"	"Dobie, Georgia"	"McGuinness, Tom"	"7f "	"6"	"4"	"5"	"12"
"16:00:00"	"2023-08-28"	"Chepstow"	"Redredrobin"	"3.00"	"4.6"	"Handicap"	"3"	"7"	"Carson, William"	"Saunders, M S"	"7f "	"4"	"10"	"2"	"6"
"17:25:00"	"2023-08-27"	"Yarmouth"	"Broomy Law"	"40.00"	"68.85"	"Handicap"	"8"	"10"	"Whittington, Elisha"	"Dixon, Scott"	"7f "	"6"	"10"	"8"	"10"
"16:55:00"	"2023-08-27"	"Yarmouth"	"Masterclass"	"4.00"	"6.2"	"Handicap"	"6"	"6"	"Shepherd, Callum"	"Simcock, D M"	"6f "	"5"	"8"	"11"	"15"
"15:50:00"	"2023-08-27"	"Naas"	"Universally (IRE)"	"3.33"	"6.2"	"Handicap"	"2"	"24"	"Hayes, C D"	"ONeill, E J"	"6f "	"0"	"7"	"3"	"14"
"15:50:00"	"2023-08-27"	"Naas"	"Plankton (IRE)"	"11.00"	"14.5"	"Handicap"	"14"	"24"	"Kearney, J"	"OBrien, Richard John"	"6f "	"0"	"7"	"7"	"14"
"15:50:00"	"2023-08-27"	"Naas"	"Teddy Boy (IRE)"	"8.50"	"12.38"	"Handicap"	"18"	"24"	"Sheehy, Danny"	"Lynam, Edward"	"6f "	"0"	"7"	"4"	"14"
"15:50:00"	"2023-08-27"	"Naas"	"Different Look (FR)"	"18.00"	"27"	"Handicap"	"24"	"24"	"McMonagle, Dylan B"	"Donoghue, Ian"	"6f "	"0"	"8"	"11"	"14"
"15:45:00"	"2023-08-27"	"Yarmouth"	"Dion Baker (IRE)"	"4.00"	"5.56"	"Handicap"	"2"	"11"	"Farragher, Adam J"	"Wigham, M"	"1m "	"5"	"6"	"2"	"9"
"14:50:00"	"2023-08-27"	"Beverley"	"Birdie Bowers (IRE)"	"6.50"	"8.04"	"Handicap"	"2"	"11"	"Allan, David"	"Thompson, D W"	"5f "	"6"	"1"	"15"	"18"
"14:50:00"	"2023-08-27"	"Beverley"	"Sherdil (IRE)"	"5.00"	"6.25"	"Handicap"	"5"	"11"	"Lee, G"	"Midgley, P T"	"5f "	"6"	"10"	"5"	"13"
"20:00:00"	"2023-08-26"	"Redcar"	"Wades Magic"	"4.50"	"5.57"	"Handicap"	"9"	"18"	"Allan, David"	"Easterby, T D"	"6f "	"6"	"5"	"3"	"11"
"20:00:00"	"2023-08-26"	"Redcar"	"Birdie Bowers (IRE)"	"18.00"	"39"	"Handicap"	"15"	"18"	"Burns, Harry"	"Thompson, D W"	"6f "	"6"	"6"	"7"	"11"
"19:00:00"	"2023-08-26"	"Redcar"	"Strong Johnson (IRE)"	"2.50"	"3.58"	"Handicap"	"1"	"12"	"Curtis, B A"	"Midgley, P T"	"6f "	"5"	"7"	"3"	"17"
"19:00:00"	"2023-08-26"	"Redcar"	"Devils Angel"	"7.00"	"10"	"Handicap"	"2"	"12"	"Garritty, Jack"	"OKeeffe, Jedd"	"6f "	"5"	"7"	"10"	"15"
"19:00:00"	"2023-08-26"	"Redcar"	"Crypto Quest (IRE)"	"14.00"	"18.8"	"Handicap"	"3"	"12"	"Burns, Harry"	"McInnes, I W"	"6f "	"5"	"9"	"2"	"13"
"19:00:00"	"2023-08-26"	"Redcar"	"Sun Power (FR)"	"6.50"	"10.62"	"Handicap"	"4"	"12"	"Nolan, D"	"Brown, A D"	"6f "	"5"	"9"	"10"	"13"
"19:00:00"	"2023-08-26"	"Redcar"	"Novak"	"4.50"	"6.17"	"Handicap"	"5"	"12"	"Pyle, William"	"Jardine, I"	"6f "	"5"	"9"	"4"	"8"
"19:00:00"	"2023-08-26"	"Redcar"	"Lotus Rose"	"10.00"	"14.66"	"Handicap"	"10"	"12"	"Peate, Jonny"	"Fell, R / Murray, S"	"6f "	"5"	"7"	"14"	"17"
"18:40:00"	"2023-08-26"	"Curragh"	"Hallowed Time (IRE)"	"10.00"	"16.27"	"Handicap"	"2"	"17"	"MacRedmond, Cian"	"ONeill, E J"	"6f "	"0"	"6"	"4"	"13"
"18:40:00"	"2023-08-26"	"Curragh"	"Amanirenas (IRE)"	"10.00"	"13.32"	"Handicap"	"12"	"17"	"Ryan, J J G"	"Grassick, M C"	"6f "	"0"	"2"	"8"	"11"
"18:40:00"	"2023-08-26"	"Curragh"	"Wooden Head (IRE)"	"22.00"	"40.38"	"Handicap"	"16"	"17"	"Curran, D N"	"Bunyan, Darren / OLeary, G"	"6f "	"0"	"7"	"6"	"15"
"18:00:00"	"2023-08-26"	"Redcar"	"Ron O"	"22.00"	"29.9"	"Handicap"	"1"	"13"	"Sexton, Ryan"	"Craggs, R"	"1m "	"4"	"10"	"7"	"11"
"18:00:00"	"2023-08-26"	"Redcar"	"Strongbowe (FR)"	"7.50"	"10.09"	"Handicap"	"2"	"13"	"Kirrane, Sean"	"Easterby, T D"	"1m "	"4"	"9"	"9"	"13"
"18:00:00"	"2023-08-26"	"Redcar"	"Ey Up Its The Boss"	"9.00"	"13.13"	"Handicap"	"9"	"13"	"Nolan, D"	"Coyle, Tony"	"1m "	"4"	"8"	"1"	"13"
"17:03:00"	"2023-08-26"	"Newmarket (July)"	"Stone Of Destiny"	"9.00"	"11.32"	"Handicap"	"5"	"10"	"Rawlinson, Ali"	"Appleby, M"	"5f "	"4"	"9"	"6"	"13"
"17:03:00"	"2023-08-26"	"Newmarket (July)"	"Straits Of Moyle (IRE)"	"7.50"	"9.88"	"Handicap"	"9"	"10"	"McDonald, P J"	"Cowell, R M H"	"5f "	"4"	"10"	"1"	"6"
"17:03:00"	"2023-08-26"	"Newmarket (July)"	"Cooperation (IRE)"	"4.00"	"5.25"	"Handicap"	"10"	"10"	"Shepherd, Callum"	"Murphy, Mike"	"5f "	"4"	"7"	"12"	"17"
"16:25:00"	"2023-08-26"	"Goodwood"	"Four Adaay"	"5.00"	"8.2"	"Handicap"	"3"	"7"	"Dawes, Rose"	"Millman, B R"	"5f "	"3"	"7"	"4"	"9"
"16:25:00"	"2023-08-26"	"Goodwood"	"Faustus"	"5.00"	"6.8"	"Handicap"	"5"	"7"	"Planas, Connor"	"Cowell, R M H"	"5f "	"3"	"5"	"2"	"6"
"19:30:00"	"2023-08-25"	"Hamilton"	"Count Dorsay (IRE)"	"5.50"	"7.2"	"Handicap"	"3"	"7"	"Dennis, Phil"	"Easterby, T D"	"5f "	"3"	"7"	"5"	"8"
"16:55:00"	"2023-08-25"	"Goodwood"	"Alcazan"	"5.50"	"8.13"	"Handicap"	"1"	"7"	"Carson, William"	"Teal, R A"	"6f "	"5"	"7"	"10"	"12"
"14:40:00"	"2023-08-25"	"Newmarket (July)"	"Granary Queen (IRE)"	"10.00"	"12.5"	"Handicap"	"5"	"13"	"Bishop, Charles"	"Houghton, Eve Johnson"	"7f "	"5"	"7"	"3"	"5"
"16:30:00"	"2023-08-24"	"Chepstow"	"Hostelry"	"2.50"	"3.41"	"Handicap"	"1"	"12"	"Doyle, Hollie"	"Carr, Mrs R A"	"1m "	"6"	"7"	"2"	"6"
"16:30:00"	"2023-08-24"	"Chepstow"	"Galileo Glass (IRE)"	"3.50"	"5.04"	"Handicap"	"6"	"12"	"Downing, George"	"Evans, P D"	"1m "	"6"	"3"	"2"	"9"
"16:30:00"	"2023-08-24"	"Chepstow"	"Diamond Cottage"	"25.00"	"29.8"	"Handicap"	"11"	"12"	"Carson, William"	"Saunders, M S"	"1m "	"6"	"8"	"6"	"6"
"16:30:00"	"2023-08-24"	"Chepstow"	"Azamhan (FR)"	"100.00"	"433.86"	"Handicap"	"12"	"12"	"Cox, William"	"Hawker, Richard"	"1m "	"6"	"10"	"13"	"13"
"14:50:00"	"2023-08-24"	"Chepstow"	"Silver Atom (IRE)"	"80.00"	"476.24"	"Maiden"	"7"	"10"	"Bryan, Joshua"	"Watson, Archie"	"7f "	"5"	"7"	"5"	"6"
"14:50:00"	"2023-08-24"	"Chepstow"	"The Tiger Tank (IRE)"	"80.00"	"788.63"	"Maiden"	"8"	"10"	"Dobie, Georgia"	"Williams, Evan"	"7f "	"5"	"8"	"6"	"6"
"13:40:00"	"2023-08-24"	"Chepstow"	"Under Curfew"	"6.50"	"9.73"	"Handicap"	"2"	"15"	"Phillips, Mollie"	"Carroll, A W"	"6f "	"6"	"5"	"4"	"12"
"13:40:00"	"2023-08-24"	"Chepstow"	"Rhubarb"	"14.00"	"21"	"Handicap"	"3"	"15"	"Planas, Connor"	"Price, R J"	"6f "	"6"	"10"	"8"	"12"
"13:40:00"	"2023-08-24"	"Chepstow"	"Our Man In Havana"	"80.00"	"170"	"Handicap"	"12"	"15"	"Marsh, Finley"	"Carroll, A W"	"6f "	"6"	"10"	"11"	"12"
"19:50:00"	"2023-08-21"	"Lingfield"	"Sparked"	"2.00"	"3.19"	"Handicap"	"7"	"13"	"Catton, Luke"	"Boyle, J R"	"5f "	"6"	"7"	"2"	"12"
"19:50:00"	"2023-08-21"	"Lingfield"	"Poppyequiano"	"200.00"	"962.86"	"Handicap"	"9"	"13"	"Clutterbuck, Rhys"	"Butler, P"	"5f "	"6"	"10"	"8"	"10"
"17:05:00"	"2023-08-20"	"Curragh"	"The Organiser"	"3.50"	"5.45"	"Handicap"	"1"	"14"	"Hassett, M W"	"Levins, J F"	"6f "	"0"	"8"	"5"	"19"
"17:05:00"	"2023-08-20"	"Curragh"	"Nordic Passage (IRE)"	"5.00"	"7.15"	"Handicap"	"2"	"14"	"OConnor, Donagh"	"Levins, J F"	"6f "	"0"	"10"	"2"	"11"
"17:05:00"	"2023-08-20"	"Curragh"	"Midnight Fire (IRE)"	"5.00"	"8.4"	"Handicap"	"10"	"14"	"Hayes, C D"	"Harty, Edward and Patrick"	"6f "	"0"	"8"	"6"	"19"
"16:15:00"	"2023-08-20"	"Sandown"	"Lil Guff"	"2.25"	"3.73"	"Handicap"	"2"	"14"	"Murphy, Oisin"	"Kubler, Daniel"	"5f "	"3"	"3"	"2"	"13"
"16:15:00"	"2023-08-20"	"Sandown"	"Get It"	"12.00"	"19.2"	"Handicap"	"4"	"14"	"Marquand, Tom"	"Baker, George"	"5f "	"3"	"10"	"2"	"8"
"16:15:00"	"2023-08-20"	"Sandown"	"Call Me Ginger"	"8.50"	"11.53"	"Handicap"	"7"	"14"	"Waugh, Amie"	"Goldie, J S"	"5f "	"3"	"3"	"10"	"13"
"15:00:00"	"2023-08-20"	"Curragh"	"Big Gossey (IRE)"	"5.00"	"7.4"	"Handicap"	"3"	"13"	"Whearty, R"	"OBrien, Charles"	"6f "	"0"	"8"	"6"	"11"
"15:00:00"	"2023-08-20"	"Curragh"	"Prisoners Dilemma"	"10.00"	"11.06"	"Handicap"	"5"	"13"	"OConnor, Donagh"	"Levins, J F"	"6f "	"0"	"8"	"7"	"11"
"17:40:00"	"2023-08-19"	"Curragh"	"Art Of Unity"	"12.00"	"18.06"	"Handicap"	"5"	"14"	"Whearty, R"	"Kelly, Muredach"	"5f "	"0"	"8"	"5"	"10"
"17:40:00"	"2023-08-19"	"Curragh"	"Sosallycanwait (IRE)"	"6.00"	"8.85"	"Handicap"	"6"	"14"	"McDonogh, D P"	"Breen, Leanne"	"5f "	"0"	"8"	"6"	"10"
"17:40:00"	"2023-08-19"	"Curragh"	"Different Look (FR)"	"11.00"	"14"	"Handicap"	"11"	"14"	"McMonagle, Dylan B"	"Donoghue, Ian"	"5f "	"0"	"8"	"4"	"12"
"17:40:00"	"2023-08-19"	"Curragh"	"Realtin Fantasy (IRE)"	"8.50"	"11"	"Handicap"	"12"	"14"	"Bowen, S D"	"Browne, W P"	"5f "	"0"	"8"	"3"	"10"
"17:25:00"	"2023-08-19"	"Doncaster"	"Yaaser (IRE)"	"3.33"	"4.9"	"Handicap"	"2"	"16"	"Mulrennan, Paul"	"Goldie, J S"	"7f "	"5"	"8"	"4"	"10"
"17:25:00"	"2023-08-19"	"Doncaster"	"Exceedingly Regal (IRE)"	"8.50"	"9.92"	"Handicap"	"5"	"16"	"Lewis, Owen"	"Mohammed, Ismail"	"7f "	"5"	"7"	"5"	"9"
"17:25:00"	"2023-08-19"	"Doncaster"	"Rich Waters (IRE)"	"33.00"	"48"	"Handicap"	"10"	"16"	"Scott, Rowan"	"Tuer, Grant"	"7f "	"5"	"8"	"7"	"9"
"17:25:00"	"2023-08-19"	"Doncaster"	"Floral Splendour"	"50.00"	"96.79"	"Handicap"	"14"	"16"	"Sexton, Ryan"	"Jardine, I"	"7f "	"5"	"7"	"9"	"9"
"17:25:00"	"2023-08-19"	"Doncaster"	"Bicep (IRE)"	"40.00"	"73.16"	"Handicap"	"16"	"16"	"Stammers, Oliver"	"Tuer, Grant"	"7f "	"5"	"8"	"10"	"10"
"14:40:00"	"2023-08-19"	"Ripon"	"Roundhay Park"	"11.00"	"17.9"	"Handicap"	"1"	"17"	"McManoman, Faye"	"Tinkler, N"	"6f "	"4"	"7"	"7"	"11"
"14:40:00"	"2023-08-19"	"Ripon"	"Snash (IRE)"	"14.00"	"23"	"Handicap"	"5"	"17"	"Garritty, Jack"	"Easterby, T D"	"6f "	"4"	"9"	"11"	"11"
"14:25:00"	"2023-08-19"	"Newbury"	"Libra Tiger"	"3.00"	"4.52"	"Handicap"	"8"	"9"	"Crouch, Hector"	"Walker, Ed"	"5f "	"3"	"2"	"8"	"13"
"14:20:00"	"2023-08-19"	"Curragh"	"Dagoda (IRE)"	"2.75"	"4.41"	"Maiden"	"1"	"15"	"Heffernan, J A"	"Lynch, Miss Jennifer Anne"	"6f "	"0"	"6"	"8"	"13"
"14:05:00"	"2023-08-19"	"Newmarket (July)"	"Masterclass"	"22.00"	"33.1"	"Handicap"	"11"	"15"	"Lee, Clifford"	"Simcock, D M"	"6f "	"4"	"9"	"1"	"4"
"18:55:00"	"2023-08-18"	"Newmarket (July)"	"Southwold (IRE)"	"2.50"	"4.21"	"Handicap"	"9"	"12"	"Buick, William"	"Kubler, Daniel"	"1m "	"5"	"8"	"2"	"12"
"18:55:00"	"2023-08-18"	"Newmarket (July)"	"Girl Inthe Picture (IRE)"	"22.00"	"36"	"Handicap"	"12"	"12"	"Osborne, Saffie"	"Dunlop, E A L"	"1m "	"5"	"8"	"8"	"12"
"18:35:00"	"2023-08-18"	"Thirsk"	"Majeski Man (IRE)"	"3.33"	"5.11"	"Handicap"	"2"	"8"	"Lee, G"	"Midgley, P T"	"5f "	"4"	"7"	"2"	"16"
"17:45:00"	"2023-08-18"	"Newmarket (July)"	"Porfin (IRE)"	"7.00"	"10.35"	"Handicap"	"11"	"12"	"Presland, Molly"	"McEntee, P S"	"6f "	"5"	"8"	"2"	"9"
"17:30:00"	"2023-08-17"	"Windsor"	"Antiphon (IRE)"	"10.00"	"12.69"	"Handicap"	"2"	"13"	"Shoemark, Kieran"	"Murphy, Mike"	"6f "	"4"	"10"	"3"	"13"
"17:30:00"	"2023-08-17"	"Windsor"	"Rathbone"	"12.00"	"16.02"	"Handicap"	"7"	"13"	"Lee, Clifford"	"Herrington,M "	"6f "	"4"	"6"	"10"	"11"
"15:40:00"	"2023-08-17"	"Salisbury"	"Anglo Saxson (IRE)"	"3.33"	"5.37"	"Handicap"	"1"	"11"	"Sayette, B D L"	"Owens, Patrick"	"1m "	"6"	"7"	"3"	"12"
"15:40:00"	"2023-08-17"	"Salisbury"	"Volenti (IRE)"	"100.00"	"182.02"	"Handicap"	"5"	"11"	"Hornby, Rob"	"Brennan, F J"	"1m "	"6"	"8"	"7"	"10"
"15:40:00"	"2023-08-17"	"Salisbury"	"Mujid (IRE)"	"6.50"	"8.83"	"Handicap"	"6"	"11"	"Fisher, Taylor"	"Tickle, J"	"1m "	"6"	"4"	"9"	"10"
"15:40:00"	"2023-08-17"	"Salisbury"	"Eye Of The Water (IRE)"	"3.00"	"5.28"	"Handicap"	"7"	"11"	"Stott, Kevin"	"Harris, R A"	"1m "	"6"	"8"	"3"	"13"
"15:30:00"	"2023-08-17"	"Beverley"	"Aconcagua Mountain (IRE)"	"7.00"	"10.87"	"Handicap"	"3"	"13"	"McDonald, P J"	"Jardine, I"	"5f "	"5"	"5"	"3"	"10"
"15:30:00"	"2023-08-17"	"Beverley"	"The Dunkirk Lads"	"10.00"	"13.99"	"Handicap"	"7"	"13"	"Fentiman, Duran"	"Easterby, T D"	"5f "	"5"	"8"	"8"	"8"
"15:30:00"	"2023-08-17"	"Beverley"	"King Of Tonga (IRE)"	"4.50"	"7.47"	"Handicap"	"9"	"13"	"Wheatley, Zak"	"Carroll, D"	"5f "	"5"	"8"	"2"	"8"
"19:20:00"	"2023-08-16"	"Ffos Las"	"The Tiger Tank (IRE)"	"50.00"	"61.83"	"Maiden"	"6"	"6"	"ONeill, K T"	"Williams, Evan"	"6f "	"5"	"10"	"5"	"9"
"17:17:00"	"2023-08-16"	"Yarmouth"	"Ideal Guest (FR)"	"5.00"	"7"	"Handicap"	"1"	"8"	"Mortensen, Mikkel"	"Margarson, G G"	"7f "	"6"	"6"	"3"	"4"
"17:05:00"	"2023-08-15"	"Nottingham"	"Bang On The Bell"	"7.00"	"9.2"	"Handicap"	"1"	"9"	"Dobbs, Pat"	"Jenkins, J R"	"5f "	"6"	"10"	"4"	"5"
"20:10:00"	"2023-08-14"	"Hamilton"	"Iris Dancer"	"5.00"	"6.8"	"Handicap"	"2"	"6"	"Mullen, Andrew"	"Davidson, Tristan"	"6f "	"4"	"9"	"3"	"6"
"20:10:00"	"2023-08-14"	"Hamilton"	"Slainte Mhath"	"1.00"	"2.19"	"Handicap"	"5"	"6"	"Hart, Jason"	"Scott, Miss Katie"	"6f "	"4"	"9"	"2"	"6"
"20:10:00"	"2023-08-14"	"Hamilton"	"Never Dark"	"20.00"	"33.81"	"Handicap"	"6"	"6"	"Peate, Jonny"	"Jardine, I"	"6f "	"4"	"10"	"7"	"9"
"18:10:00"	"2023-08-14"	"Hamilton"	"Impressor (IRE)"	"1.20"	"2.3"	"Handicap"	"2"	"4"	"Wilkie, Brandon"	"Makin, Phillip"	"5f "	"5"	"9"	"1"	"6"
"16:25:00"	"2023-08-14"	"Windsor"	"Rhubarb"	"6.00"	"8.39"	"Handicap"	"8"	"12"	"Voikhansky, Alexander"	"Price, R J"	"6f "	"6"	"6"	"3"	"4"
"16:25:00"	"2023-08-14"	"Windsor"	"Our Man In Havana"	"40.00"	"55"	"Handicap"	"11"	"12"	"Gunn, Molly"	"Carroll, A W"	"6f "	"6"	"6"	"7"	"10"
"16:58:00"	"2023-08-13"	"Leicester"	"Exigency"	"4.50"	"5.93"	"Handicap"	"2"	"8"	"Keniry, L P"	"Kirk, S"	"7f "	"5"	"4"	"2"	"13"
"19:37:00"	"2023-08-12"	"Ayr"	"The Caltonian"	"7.00"	"8.15"	"Handicap"	"3"	"10"	"Mullen, Andrew"	"Perratt, Miss L A"	"6f "	"6"	"5"	"6"	"8"
"19:37:00"	"2023-08-12"	"Ayr"	"Caribbean Sunset (IRE)"	"3.33"	"5.38"	"Handicap"	"4"	"10"	"Stammers, Oliver"	"Tuer, Grant"	"6f "	"6"	"9"	"1"	"14"
"19:37:00"	"2023-08-12"	"Ayr"	"Burtonlodge Beauty (IRE)"	"100.00"	"152.35"	"Handicap"	"8"	"10"	"Sullivan, James P"	"Perratt, Miss L A"	"6f "	"6"	"5"	"7"	"8"
"18:07:00"	"2023-08-12"	"Ayr"	"Glorious Rio (IRE)"	"5.00"	"7.25"	"Handicap"	"2"	"10"	"Gray, S A"	"Barclay, Stella"	"5f "	"6"	"9"	"13"	"13"
"18:07:00"	"2023-08-12"	"Ayr"	"Hard Nut (IRE)"	"18.00"	"18.69"	"Handicap"	"9"	"10"	"Sullivan, James P"	"Perratt, Miss L A"	"5f "	"6"	"8"	"4"	"10"
"18:07:00"	"2023-08-12"	"Ayr"	"Wrecked It Ralph"	"3.00"	"4.84"	"Handicap"	"10"	"10"	"Mathers, Patrick"	"Smith, R Michael"	"5f "	"6"	"5"	"3"	"8"
"17:15:00"	"2023-08-12"	"Lingfield"	"Secret Strength (IRE)"	"14.00"	"20.11"	"Handicap"	"3"	"9"	"Catton, Luke"	"Boyle, J R"	"7f "	"5"	"10"	"11"	"11"
"17:10:00"	"2023-08-12"	"Curragh"	"Secret Magician (IRE)"	"4.50"	"6.4"	"Handicap"	"1"	"19"	"Hassett, M W"	"Hassett, Martin"	"6f "	"0"	"7"	"12"	"16"
"16:24:00"	"2023-08-12"	"Redcar"	"Mrs Bagerran (IRE)"	"2.25"	"4.51"	"Non-Handicap"	"4"	"9"	"Cole, Morgan"	"Waggott, Miss Tracy"	"5f "	"6"	"4"	"3"	"8"
"15:13:00"	"2023-08-12"	"Redcar"	"Shaladar (FR)"	"4.50"	"6.84"	"Handicap"	"2"	"8"	"Eaves, Tom"	"Ryan, K A"	"1m "	"4"	"10"	"2"	"9"
"14:38:00"	"2023-08-12"	"Redcar"	"Young Fire (FR)"	"5.50"	"8.8"	"Handicap"	"6"	"9"	"Nolan, D"	"OMeara, D"	"1m "	"4"	"10"	"1"	"9"
"20:20:00"	"2023-08-11"	"Newmarket (July)"	"Dashing Dick (IRE)"	"12.00"	"14"	"Handicap"	"1"	"11"	"Shoemark, Kieran"	"Stone, W B"	"6f "	"4"	"7"	"6"	"9"
"16:10:00"	"2023-08-11"	"Thirsk"	"Le Beau Garcon"	"3.00"	"5.18"	"Handicap"	"3"	"16"	"Gray, S A"	"Easterby, M W"	"5f "	"4"	"6"	"2"	"9"
"14:10:00"	"2023-08-11"	"Thirsk"	"Fighting Chance"	"150.00"	"330"	"Non-Handicap"	"7"	"15"	"Gunn, Molly"	"West, S G"	"6f "	"6"	"3"	"11"	"11"
"19:23:00"	"2023-08-10"	"Salisbury"	"Firenze Rosa (IRE)"	"3.33"	"5.53"	"Handicap"	"5"	"6"	"Turner, Hayley"	"Bridger, J / Cook, R"	"5f "	"6"	"5"	"1"	"6"
"18:30:00"	"2023-08-10"	"Chepstow"	"Hot Chesnut"	"5.50"	"8.16"	"Handicap"	"4"	"11"	"Ghiani, Marco"	"Ivory, D K"	"6f "	"4"	"6"	"8"	"9"
"17:30:00"	"2023-08-10"	"Chepstow"	"Cabinet Of Clowns (IRE)"	"7.50"	"9.8"	"Handicap"	"1"	"12"	"Bishop, Charles"	"Houghton, Eve Johnson"	"1m "	"4"	"6"	"5"	"12"
"17:30:00"	"2023-08-10"	"Chepstow"	"Power of Darkness"	"25.00"	"26.04"	"Handicap"	"5"	"12"	"Pearson, Laura"	"Fellowes, Charlie"	"1m "	"4"	"6"	"12"	"12"
"17:25:00"	"2023-08-10"	"Yarmouth"	"Porfin (IRE)"	"6.00"	"7.65"	"Handicap"	"2"	"9"	"Presland, Molly"	"McEntee, P S"	"7f "	"6"	"6"	"1"	"9"
"17:25:00"	"2023-08-10"	"Yarmouth"	"Habanero Star"	"3.50"	"5.02"	"Handicap"	"6"	"9"	"Mitchell, Jack"	"Kelleway, Miss Gay"	"7f "	"6"	"9"	"1"	"8"
"14:50:00"	"2023-08-10"	"Yarmouth"	"Ideal Guest (FR)"	"1.20"	"2.38"	"Handicap"	"3"	"4"	"Mortensen, Mikkel"	"Margarson, G G"	"6f "	"6"	"9"	"3"	"7"
"20:20:00"	"2023-08-09"	"Yarmouth"	"Enchanted Night"	"11.00"	"14.98"	"Handicap"	"9"	"10"	"Ffrench, Royston"	"Dunnett, Mrs C A"	"6f "	"6"	"8"	"3"	"11"
"20:20:00"	"2023-08-09"	"Yarmouth"	"Tammany Hall (IRE)"	"2.50"	"3.85"	"Handicap"	"10"	"10"	"Gordon, Josephine"	"McEntee, P S"	"6f "	"6"	"4"	"2"	"6"
"20:10:00"	"2023-08-08"	"Ripon"	"Glory Hallelujah (IRE)"	"33.00"	"46"	"Handicap"	"3"	"7"	"Jary, Alex"	"Tinkler, N"	"5f "	"6"	"9"	"8"	"8"
"20:10:00"	"2023-08-08"	"Ripon"	"Imperial Khan (IRE)"	"8.50"	"9.48"	"Handicap"	"4"	"7"	"Coughlan, Laura"	"Midgley, P T"	"5f "	"6"	"9"	"3"	"8"
"17:45:00"	"2023-08-08"	"Catterick"	"Shesadabber"	"1.38"	"2.53"	"Handicap"	"1"	"8"	"Dennis, Phil"	"Evans, P D"	"5f "	"6"	"4"	"1"	"11"
"18:00:00"	"2023-08-07"	"Windsor"	"Lipsink (IRE)"	"4.00"	"5.7"	"Handicap"	"2"	"6"	"Callan, N"	"Cowell, R M H"	"5f "	"5"	"9"	"5"	"6"
"18:00:00"	"2023-08-07"	"Windsor"	"So Smart (IRE)"	"2.50"	"3.51"	"Handicap"	"6"	"6"	"Ryan, Rossa"	"Evans, P D"	"5f "	"5"	"9"	"6"	"6"
"16:45:00"	"2023-08-07"	"Ayr"	"Burtonlodge Beauty (IRE)"	"33.00"	"48.79"	"Handicap"	"7"	"8"	"Fanning, Joe"	"Perratt, Miss L A"	"5f "	"6"	"7"	"3"	"6"
"15:55:00"	"2023-08-07"	"Ripon"	"Ey Up Its Maggie"	"1.25"	"2.22"	"Handicap"	"1"	"5"	"Stott, Kevin"	"Coyle, Tony"	"5f "	"5"	"9"	"5"	"19"
"15:55:00"	"2023-08-07"	"Ripon"	"Origintrail (IRE)"	"6.50"	"9.77"	"Handicap"	"2"	"5"	"Lee, G"	"Haslam, B M R"	"5f "	"5"	"10"	"4"	"7"
"15:55:00"	"2023-08-07"	"Ripon"	"Selbys Pride"	"9.00"	"12"	"Handicap"	"5"	"5"	"Eaves, Tom"	"Coyle, Tony"	"5f "	"5"	"10"	"15"	"16"
"15:25:00"	"2023-08-07"	"Naas"	"Arthurs Victory (IRE)"	"8.50"	"12.03"	"Handicap"	"6"	"7"	"Heffernan, J A"	"Nash, J A"	"6f "	"0"	"9"	"6"	"8"
"14:50:00"	"2023-08-07"	"Naas"	"Teddy Boy (IRE)"	"9.00"	"12.65"	"Handicap"	"1"	"24"	"Ryan, J J G"	"Lynam, Edward"	"6f "	"0"	"10"	"2"	"15"
"14:50:00"	"2023-08-07"	"Naas"	"At Long Last (IRE)"	"7.50"	"9.51"	"Handicap"	"2"	"24"	"Powell, J A"	"Oliver, Andrew"	"6f "	"0"	"9"	"5"	"15"
"14:50:00"	"2023-08-07"	"Naas"	"Catherine Chroi (IRE)"	"11.00"	"16.59"	"Handicap"	"16"	"24"	"Mulligan, R M"	"OConnell, Ms Claire"	"6f "	"0"	"10"	"5"	"15"
"14:50:00"	"2023-08-07"	"Naas"	"Eruption (IRE)"	"16.00"	"27.14"	"Handicap"	"17"	"24"	"Kearney, J"	"Smith, Matthew J"	"6f "	"0"	"10"	"2"	"10"
"14:50:00"	"2023-08-07"	"Naas"	"Zig Zag Zyggy (IRE)"	"28.00"	"55"	"Handicap"	"22"	"24"	"Caffrey, Adam"	"McGuinness, Adrian"	"6f "	"0"	"10"	"9"	"10"
"16:45:00"	"2023-08-06"	"Haydock"	"Be Proud (IRE)"	"8.50"	"11.43"	"Handicap"	"2"	"7"	"Mulrennan, Paul"	"Goldie, J S"	"6f "	"4"	"10"	"1"	"12"
"15:45:00"	"2023-08-06"	"Haydock"	"Ramon Di Loria (IRE)"	"7.50"	"9.8"	"Handicap"	"4"	"9"	"Sexton, Ryan"	"Whillans, Ewan"	"5f "	"4"	"1"	"4"	"6"
"15:45:00"	"2023-08-06"	"Haydock"	"Murbih (IRE)"	"50.00"	"74.97"	"Handicap"	"5"	"9"	"Schofield, Kieran"	"Brittain, Antony"	"5f "	"4"	"9"	"12"	"16"
"19:45:00"	"2023-08-05"	"Lingfield"	"Firenze Rosa (IRE)"	"1.38"	"2.61"	"Handicap"	"1"	"6"	"Phillips, Mollie"	"Bridger, J / Cook, R"	"6f "	"6"	"7"	"2"	"9"
"19:45:00"	"2023-08-05"	"Lingfield"	"Im Mable"	"3.33"	"4.71"	"Handicap"	"3"	"6"	"Bradley, Paddy"	"Attwater, M J"	"6f "	"6"	"10"	"4"	"10"
"19:00:00"	"2023-08-05"	"Hamilton"	"Impressor (IRE)"	"1.75"	"3.12"	"Handicap"	"1"	"6"	"Curtis, B A"	"Makin, Phillip"	"6f "	"4"	"4"	"3"	"9"
"19:00:00"	"2023-08-05"	"Hamilton"	"Rory"	"12.00"	"15.59"	"Handicap"	"6"	"6"	"Waugh, Amie"	"Goldie, J S"	"6f "	"4"	"9"	"5"	"12"
"17:05:00"	"2023-08-05"	"Doncaster"	"Streaky Bay"	"10.00"	"13.97"	"Handicap"	"2"	"14"	"Da Silva, Raul"	"Chapple-Hyam, Jane"	"7f "	"6"	"4"	"5"	"7"
"17:05:00"	"2023-08-05"	"Doncaster"	"El Jad (IRE)"	"18.00"	"24"	"Handicap"	"6"	"14"	"Hardie, Cameron"	"Brittain, Antony"	"7f "	"6"	"2"	"2"	"14"
"17:00:00"	"2023-08-05"	"Newmarket (July)"	"Mary Of Modena"	"8.00"	"10"	"Handicap"	"1"	"5"	"Dawson, R"	"Attwater, M J"	"5f "	"5"	"9"	"5"	"7"
"17:00:00"	"2023-08-05"	"Newmarket (July)"	"Han Solo Berger (IRE)"	"3.50"	"4.8"	"Handicap"	"3"	"5"	"Doyle, Hollie"	"Cowell, R M H"	"5f "	"5"	"7"	"2"	"8"
"17:00:00"	"2023-08-05"	"Newmarket (July)"	"Straits Of Moyle (IRE)"	"1.75"	"3"	"Handicap"	"5"	"5"	"McHugh, B"	"Cowell, R M H"	"5f "	"5"	"8"	"2"	"7"
"16:35:00"	"2023-08-05"	"Thirsk"	"Ecclesiastical"	"2.50"	"4.2"	"Handicap"	"1"	"9"	"McDonald, P J"	"Davidson, Tristan"	"5f "	"4"	"7"	"2"	"19"
"16:35:00"	"2023-08-05"	"Thirsk"	"Le Beau Garcon"	"8.00"	"9.93"	"Handicap"	"2"	"9"	"Gray, S A"	"Easterby, M W"	"5f "	"4"	"8"	"6"	"16"
"16:35:00"	"2023-08-05"	"Thirsk"	"Speedacus (IRE)"	"4.00"	"5.1"	"Handicap"	"5"	"9"	"Tudhope, Daniel"	"OMeara, D"	"5f "	"4"	"7"	"7"	"19"
"16:35:00"	"2023-08-05"	"Thirsk"	"Astapor"	"10.00"	"12.22"	"Handicap"	"9"	"9"	"Wilkie, Brandon"	"Riches, John"	"5f "	"4"	"6"	"1"	"8"
"16:30:00"	"2023-08-05"	"Doncaster"	"Bellagio Man (IRE)"	"8.50"	"14.8"	"Handicap"	"8"	"11"	"Hardie, Cameron"	"Brittain, Antony"	"6f "	"5"	"8"	"5"	"16"
"20:50:00"	"2023-08-04"	"Musselburgh"	"Foreseeable Future (FR)"	"4.00"	"7.04"	"Handicap"	"1"	"10"	"Sullivan, James P"	"Carr, Mrs R A"	"5f "	"6"	"7"	"1"	"9"
"20:50:00"	"2023-08-04"	"Musselburgh"	"Hard Nut (IRE)"	"7.00"	"10"	"Handicap"	"4"	"10"	"Mulrennan, Paul"	"Perratt, Miss L A"	"5f "	"6"	"4"	"5"	"6"
"20:50:00"	"2023-08-04"	"Musselburgh"	"John Kirkup"	"3.50"	"5.15"	"Handicap"	"5"	"10"	"Allan, David"	"Thompson, D W"	"5f "	"6"	"9"	"4"	"9"
"20:50:00"	"2023-08-04"	"Musselburgh"	"Genevieve"	"33.00"	"49.46"	"Handicap"	"7"	"10"	"Waugh, Amie"	"Goldie, J S"	"5f "	"6"	"4"	"4"	"6"
"20:30:00"	"2023-08-04"	"Newmarket (July)"	"Priscillas Wish"	"25.00"	"44.67"	"Handicap"	"4"	"9"	"Farragher, Adam J"	"McBride, P J"	"7f "	"4"	"6"	"7"	"9"
"20:20:00"	"2023-08-04"	"Musselburgh"	"Resilience"	"8.50"	"11.76"	"Handicap"	"5"	"9"	"Pyle, William"	"Lidster, Craig"	"5f "	"3"	"6"	"19"	"19"
"20:00:00"	"2023-08-04"	"Newmarket (July)"	"Night Arc"	"10.00"	"13.75"	"Handicap"	"7"	"12"	"Greatrex, Thomas"	"Hannon (Jnr), Richard"	"1m "	"5"	"9"	"1"	"9"
"18:20:00"	"2023-08-04"	"Newmarket (July)"	"Porfin (IRE)"	"11.00"	"18.51"	"Handicap"	"1"	"9"	"Presland, Molly"	"McEntee, P S"	"6f "	"5"	"7"	"3"	"8"
"17:55:00"	"2023-08-01"	"Yarmouth"	"Coast"	"8.00"	"10.25"	"Non-Handicap"	"7"	"11"	"Whittington, Elisha"	"Dixon, Scott"	"5f "	"6"	"7"	"7"	"10"
"16:20:00"	"2023-08-01"	"Beverley"	"Impressor (IRE)"	"4.50"	"5.39"	"Handicap"	"3"	"9"	"Gray, S A"	"Makin, Phillip"	"5f "	"5"	"8"	"1"	"9"
"16:20:00"	"2023-08-01"	"Beverley"	"Gustav Graves"	"3.00"	"4.6"	"Handicap"	"6"	"9"	"Mason, Joanna"	"Shaw, D"	"5f "	"5"	"3"	"5"	"8"
"20:02:00"	"2023-07-31"	"Lingfield"	"Proud Fairy"	"1.50"	"2.76"	"Handicap"	"3"	"9"	"Davies, Harry"	"Moore, Gary and Josh"	"7f "	"5"	"5"	"1"	"10"
"19:07:00"	"2023-07-31"	"Ffos Las"	"Hastily"	"3.00"	"4.26"	"Handicap"	"4"	"6"	"Dobie, Georgia"	"McGuinness, Tom"	"5f "	"5"	"3"	"8"	"8"
"18:02:00"	"2023-07-31"	"Ffos Las"	"Coffeemeanscoffee (IRE)"	"2.75"	"4.19"	"Handicap"	"1"	"11"	"Dobie, Georgia"	"McGuinness, Tom"	"6f "	"6"	"3"	"1"	"9"
"17:25:00"	"2023-07-31"	"Ayr"	"Genevieve"	"2.75"	"3.85"	"Handicap"	"4"	"6"	"Pyle, William"	"Goldie, J S"	"5f "	"6"	"7"	"5"	"13"
"17:25:00"	"2023-07-31"	"Ayr"	"Hard Nut (IRE)"	"3.50"	"5.24"	"Handicap"	"5"	"6"	"Nolan, D"	"Perratt, Miss L A"	"5f "	"6"	"6"	"8"	"10"
"15:05:00"	"2023-07-31"	"Ayr"	"Kats Bob"	"1.75"	"2.93"	"Handicap"	"1"	"8"	"Mullen, Andrew"	"Jardine, I"	"6f "	"6"	"3"	"9"	"16"
"15:05:00"	"2023-07-31"	"Ayr"	"See My Baby Jive"	"3.00"	"4.61"	"Handicap"	"3"	"8"	"Hart, Jason"	"Whillans, D W"	"6f "	"6"	"7"	"1"	"13"
"20:15:00"	"2023-07-29"	"Salisbury"	"Gannon Glory (IRE)"	"22.00"	"36"	"Handicap"	"7"	"10"	"Shoemark, Kieran"	"Watson, Archie"	"6f "	"5"	"9"	"5"	"8"
"19:30:00"	"2023-07-29"	"Windsor"	"Parisiac (IRE)"	"2.75"	"3.59"	"Handicap"	"4"	"6"	"ONeill, K T"	"Haynes, Alice"	"6f "	"4"	"4"	"3"	"12"
"19:15:00"	"2023-07-29"	"Salisbury"	"Joy Choi (IRE)"	"3.50"	"4.68"	"Handicap"	"3"	"9"	"Carson, William"	"Saunders, M S"	"5f "	"6"	"9"	"5"	"8"
"18:15:00"	"2023-07-29"	"Salisbury"	"Breguet Boy (IRE)"	"1.63"	"2.92"	"Handicap"	"4"	"10"	"Hampson, Brodie"	"Watson, Archie"	"1m "	"6"	"4"	"6"	"13"
"18:15:00"	"2023-07-29"	"Salisbury"	"Villalobos (IRE)"	"6.50"	"7.46"	"Handicap"	"5"	"10"	"Nicholls, Miss Olive"	"Hodgson, Simon"	"1m "	"6"	"10"	"4"	"9"
"18:15:00"	"2023-07-29"	"Salisbury"	"More Diamonds (IRE)"	"16.00"	"21"	"Handicap"	"6"	"10"	"Shepard, Miss Sienna"	"Ferguson, James"	"1m "	"6"	"4"	"11"	"13"
"18:15:00"	"2023-07-29"	"Salisbury"	"Broughtons Flare (IRE)"	"18.00"	"38"	"Handicap"	"7"	"10"	"Evans, Miss Tilly"	"Loughnane, Daniel Mark"	"1m "	"6"	"10"	"7"	"10"
"18:15:00"	"2023-07-29"	"Salisbury"	"Raphel Jake"	"50.00"	"95"	"Handicap"	"9"	"10"	"Fox, Miss Arabella"	"Bridger, J / Cook, R"	"1m "	"6"	"3"	"7"	"8"
"18:00:00"	"2023-07-29"	"Windsor"	"Abate"	"1.38"	"2.5"	"Handicap"	"1"	"6"	"Nicholls, Mia"	"Nicholls, Adrian"	"5f "	"4"	"7"	"2"	"8"
"17:20:00"	"2023-07-29"	"Newmarket (July)"	"Lilkian"	"18.00"	"20.57"	"Handicap"	"4"	"8"	"Wright, Liam"	"Holland, Darryll"	"5f "	"5"	"10"	"7"	"7"
"16:45:00"	"2023-07-29"	"Newmarket (July)"	"Oh Herberts Reign (IRE)"	"8.00"	"9.81"	"Handicap"	"4"	"9"	"Hitchcott, Sam"	"Hannon (Jnr), Richard"	"1m "	"5"	"9"	"3"	"10"
"16:10:00"	"2023-07-29"	"Newmarket (July)"	"Chairmanoftheboard (IRE)"	"1.63"	"2.77"	"Handicap"	"3"	"9"	"Doyle, James"	"Channon, Jack"	"6f "	"3"	"8"	"2"	"13"
"14:05:00"	"2023-07-29"	"York"	"Ecclesiastical"	"6.50"	"9.11"	"Handicap"	"2"	"19"	"Reed, Harry"	"Davidson, Tristan"	"5f "	"4"	"10"	"3"	"6"
"14:05:00"	"2023-07-29"	"York"	"Speedacus (IRE)"	"7.50"	"9.6"	"Handicap"	"7"	"19"	"Bowen, Sean P"	"OMeara, D"	"5f "	"4"	"7"	"1"	"7"
"14:05:00"	"2023-07-29"	"York"	"Prospect"	"33.00"	"46.19"	"Handicap"	"9"	"19"	"Sheehan, Gavin"	"Midgley, P T"	"5f "	"4"	"10"	"5"	"6"
"14:05:00"	"2023-07-29"	"York"	"Count Dorsay (IRE)"	"8.00"	"12.28"	"Handicap"	"11"	"19"	"Hamilton, Jamie"	"Easterby, T D"	"5f "	"4"	"2"	"7"	"11"
"14:05:00"	"2023-07-29"	"York"	"Showalong"	"18.00"	"24.3"	"Handicap"	"12"	"19"	"Jacob, Daryl"	"Easterby, T D"	"5f "	"4"	"10"	"6"	"6"
"20:45:00"	"2023-07-28"	"Newmarket (July)"	"Porfin (IRE)"	"6.50"	"8.51"	"Handicap"	"3"	"8"	"Presland, Molly"	"McEntee, P S"	"7f "	"5"	"3"	"2"	"8"
"20:25:00"	"2023-07-28"	"Chepstow"	"Galileo Glass (IRE)"	"8.50"	"13.27"	"Handicap"	"2"	"9"	"Downing, George"	"Evans, P D"	"7f "	"6"	"8"	"6"	"12"
"20:25:00"	"2023-07-28"	"Chepstow"	"Fact Or Fable (IRE)"	"12.00"	"21.17"	"Handicap"	"3"	"9"	"Bishop, Charles"	"Moore, J S"	"7f "	"6"	"8"	"1"	"12"
"20:25:00"	"2023-07-28"	"Chepstow"	"Minhaaj (IRE)"	"40.00"	"78.3"	"Handicap"	"9"	"9"	"McHugh, B"	"Oshea, J G M"	"7f "	"6"	"8"	"12"	"12"
"19:55:00"	"2023-07-28"	"Chepstow"	"Sapphires Moon"	"4.50"	"7.19"	"Handicap"	"5"	"9"	"Carson, William"	"Carroll, A W"	"7f "	"6"	"8"	"2"	"12"
"19:40:00"	"2023-07-28"	"Cork"	"Linger For Longer (IRE)"	"10.00"	"16"	"Handicap"	"1"	"16"	"Lee, W J"	"Leahy, Augustine"	"6f "	"0"	"9"	"11"	"14"
"18:50:00"	"2023-07-28"	"Chepstow"	"Fossos (IRE)"	"4.50"	"6.29"	"Handicap"	"1"	"7"	"Fahy, J P"	"Faulkner, Ms D C"	"5f "	"5"	"2"	"2"	"11"
"18:50:00"	"2023-07-28"	"Chepstow"	"Straits Of Moyle (IRE)"	"2.50"	"3.4"	"Handicap"	"2"	"7"	"McHugh, B"	"Cowell, R M H"	"5f "	"5"	"10"	"3"	"11"
"18:50:00"	"2023-07-28"	"Chepstow"	"Connies Rose"	"2.75"	"4.2"	"Handicap"	"3"	"7"	"Dawson, R"	"Harris, Miss G"	"5f "	"5"	"8"	"6"	"8"
"18:50:00"	"2023-07-28"	"Chepstow"	"Therehegoes"	"5.00"	"7"	"Handicap"	"7"	"7"	"Hornby, Rob"	"Brisland, Robyn"	"5f "	"5"	"2"	"3"	"10"
"18:40:00"	"2023-07-28"	"York"	"Sir Maxi"	"6.50"	"10.35"	"Handicap"	"3"	"16"	"Orr, Oisin"	"Fahey, R A"	"6f "	"4"	"7"	"1"	"13"
"18:40:00"	"2023-07-28"	"York"	"Bellagio Man (IRE)"	"25.00"	"62.4"	"Handicap"	"5"	"16"	"Hardie, Cameron"	"Brittain, Antony"	"6f "	"4"	"7"	"3"	"8"
"18:40:00"	"2023-07-28"	"York"	"Oso Rapido (IRE)"	"7.50"	"15"	"Handicap"	"11"	"16"	"Murphy, Oisin"	"Fell, R / Murray, S"	"6f "	"4"	"9"	"2"	"6"
"18:40:00"	"2023-07-28"	"York"	"Murbih (IRE)"	"80.00"	"285.63"	"Handicap"	"12"	"16"	"Schofield, Kieran"	"Brittain, Antony"	"6f "	"4"	"3"	"7"	"12"
"18:15:00"	"2023-07-28"	"Chepstow"	"Latent Heat (IRE)"	"3.50"	"5.5"	"Non-Handicap"	"5"	"10"	"Carson, William"	"Carroll, A W"	"1m "	"6"	"9"	"4"	"13"
"18:15:00"	"2023-07-28"	"Chepstow"	"Gonzaga"	"25.00"	"44"	"Non-Handicap"	"7"	"10"	"Cole, Morgan"	"Bennett, J A"	"1m "	"6"	"8"	"4"	"12"
"16:55:00"	"2023-07-28"	"Thirsk"	"Woobay (IRE)"	"4.50"	"6.4"	"Handicap"	"5"	"7"	"Scott, Rowan"	"Makin, Phillip"	"6f "	"5"	"6"	"2"	"9"
"16:55:00"	"2023-07-28"	"Thirsk"	"Run This Way"	"2.25"	"3.28"	"Handicap"	"6"	"7"	"Lee, G"	"Midgley, P T"	"6f "	"5"	"7"	"3"	"13"
"16:50:00"	"2023-07-28"	"Cork"	"Lady Wingalong (IRE)"	"200.00"	"727.15"	"Maiden"	"10"	"12"	"Sheehy, M P"	"Kent, Edmond"	"6f "	"0"	"10"	"10"	"14"
"16:45:00"	"2023-07-28"	"Ascot"	"Cuban Breeze"	"2.75"	"3.95"	"Handicap"	"7"	"7"	"Marquand, Tom"	"Evans, P D"	"5f "	"4"	"7"	"2"	"11"
"15:00:00"	"2023-07-28"	"Ascot"	"Mobashr (USA)"	"3.00"	"4.46"	"Handicap"	"2"	"9"	"Moore, Ryan"	"Appleby, M"	"7f "	"4"	"9"	"3"	"12"
"14:00:00"	"2023-07-28"	"Thirsk"	"Foreseeable Future (FR)"	"3.50"	"6.08"	"Handicap"	"1"	"9"	"Nicholls, Mia"	"Carr, Mrs R A"	"5f "	"6"	"9"	"2"	"7"
"14:00:00"	"2023-07-28"	"Thirsk"	"Latin Five (IRE)"	"2.25"	"3.38"	"Handicap"	"2"	"9"	"Croot, Elle-May"	"Midgley, P T"	"5f "	"6"	"10"	"2"	"13"
"14:00:00"	"2023-07-28"	"Thirsk"	"Mehmo (IRE)"	"7.50"	"9.8"	"Handicap"	"3"	"9"	"Bradnam, Joe"	"Appleby, M"	"5f "	"6"	"10"	"1"	"12"
"19:30:00"	"2023-07-27"	"Yarmouth"	"Mokaatil"	"10.00"	"13.34"	"Handicap"	"9"	"11"	"Bowen, S D"	"Williams, Ian"	"5f "	"3"	"5"	"5"	"8"
"19:15:00"	"2023-07-27"	"Newbury"	"The Spotlight Kid"	"4.00"	"6.83"	"Handicap"	"3"	"8"	"Muscutt, D"	"Ivory, D K"	"7f "	"5"	"6"	"4"	"9"
"19:00:00"	"2023-07-27"	"Yarmouth"	"Ramiro (IRE)"	"3.33"	"4.7"	"Handicap"	"3"	"10"	"Gordon, Josephine"	"Ellison, B"	"7f "	"3"	"10"	"1"	"16"
"18:00:00"	"2023-07-27"	"Yarmouth"	"Some Nightmare (IRE)"	"33.00"	"62.42"	"Handicap"	"11"	"11"	"Whelan, Trevor"	"Oshea, J G M"	"6f "	"4"	"7"	"3"	"8"
"17:45:00"	"2023-07-26"	"Naas"	"Field Of Honour"	"100.00"	"249.97"	"Handicap"	"14"	"15"	"Bowen, S D"	"Hogan, Denis Gerard"	"6f "	"0"	"7"	"11"	"11"
"17:40:00"	"2023-07-26"	"Lingfield"	"Deacs Delight"	"3.00"	"4.2"	"Handicap"	"2"	"10"	"Crouch, Hector"	"Cole, P F I"	"7.5f "	"6"	"6"	"5"	"12"
"18:30:00"	"2023-07-24"	"Beverley"	"Impressor (IRE)"	"2.25"	"3.67"	"Handicap"	"1"	"9"	"Gray, S A"	"Makin, Phillip"	"5f "	"6"	"9"	"1"	"13"
"18:30:00"	"2023-07-24"	"Beverley"	"High Opinion"	"3.00"	"4.38"	"Handicap"	"4"	"9"	"Fanning, Joe"	"Smart, B"	"5f "	"6"	"5"	"3"	"9"
"16:15:00"	"2023-07-24"	"Ayr"	"See My Baby Jive"	"4.50"	"6.87"	"Handicap"	"1"	"13"	"Tudhope, Daniel"	"Whillans, D W"	"6f "	"6"	"7"	"1"	"12"
"16:15:00"	"2023-07-24"	"Ayr"	"Kraken Power (IRE)"	"7.50"	"12.29"	"Handicap"	"7"	"13"	"Mulrennan, Paul"	"Goldie, J S"	"6f "	"6"	"5"	"5"	"9"
"16:15:00"	"2023-07-24"	"Ayr"	"Earn Your Stripes"	"9.00"	"15"	"Handicap"	"8"	"13"	"Breslin, Andrew"	"Smith, R Michael"	"6f "	"6"	"7"	"4"	"12"
"19:45:00"	"2023-07-22"	"Doncaster"	"Gweedore"	"6.50"	"7.76"	"Handicap"	"1"	"10"	"Pyle, William"	"Scott, Miss Katie"	"7f "	"3"	"8"	"3"	"8"
"18:15:00"	"2023-07-22"	"Doncaster"	"Stone Of Destiny"	"3.50"	"5.46"	"Handicap"	"7"	"7"	"Sexton, Ryan"	"Appleby, M"	"5f "	"5"	"9"	"4"	"15"
"17:40:00"	"2023-07-22"	"Ripon"	"Thornaby Pearl"	"1.63"	"2.66"	"Handicap"	"1"	"7"	"McHugh, B"	"Nicholls, Adrian"	"6f "	"5"	"9"	"6"	"15"
"17:25:00"	"2023-07-22"	"Newmarket (July)"	"Star Of Orion (IRE)"	"1.88"	"2.92"	"Handicap"	"1"	"7"	"Ryan, Rossa"	"Beckett, R M"	"7f "	"3"	"7"	"6"	"15"
"17:25:00"	"2023-07-22"	"Newmarket (July)"	"Final Watch"	"1.88"	"2.97"	"Handicap"	"6"	"7"	"Atzeni, Andrea"	"Stone, W B"	"7f "	"3"	"8"	"1"	"12"
"20:40:00"	"2023-07-21"	"Newmarket (July)"	"Isle Of Lismore (IRE)"	"4.00"	"5.82"	"Handicap"	"1"	"9"	"Mitchell, Jack"	"Cowell, R M H"	"5f "	"4"	"7"	"2"	"7"
"20:15:00"	"2023-07-21"	"Hamilton"	"Huddle Up (IRE)"	"2.50"	"3.79"	"Handicap"	"3"	"6"	"James, S H"	"Barron, T D"	"5f "	"4"	"7"	"3"	"8"
"20:15:00"	"2023-07-21"	"Hamilton"	"One Last Hug"	"8.00"	"10.07"	"Handicap"	"4"	"6"	"Fanning, Joe"	"Goldie, J S"	"5f "	"4"	"4"	"3"	"12"
"18:20:00"	"2023-07-21"	"Newmarket (July)"	"My Mate Ted (IRE)"	"3.33"	"4.58"	"Handicap"	"9"	"9"	"Spencer, Jamie"	"Teal, R A"	"7f "	"5"	"4"	"8"	"14"
"17:15:00"	"2023-07-21"	"Nottingham"	"Enchanted Night"	"2.00"	"3.4"	"Handicap"	"2"	"7"	"Ffrench, Royston"	"Dunnett, Mrs C A"	"5f "	"6"	"2"	"5"	"7"
"17:15:00"	"2023-07-21"	"Nottingham"	"Ellie Piper"	"16.00"	"26.33"	"Handicap"	"4"	"7"	"Gordon, Josephine"	"McEntee, P S"	"5f "	"6"	"10"	"5"	"7"
"14:50:00"	"2023-07-21"	"Nottingham"	"Mutanaaseq (IRE)"	"5.50"	"7.14"	"Handicap"	"2"	"7"	"Sullivan, James P"	"Carr, Mrs R A"	"6f "	"5"	"9"	"4"	"9"
"16:05:00"	"2023-07-20"	"Chepstow"	"Fact Or Fable (IRE)"	"5.50"	"8.2"	"Handicap"	"1"	"12"	"Fisher, Taylor"	"Moore, J S"	"7f "	"6"	"1"	"8"	"10"
"16:05:00"	"2023-07-20"	"Chepstow"	"Gonzaga"	"40.00"	"85"	"Handicap"	"4"	"12"	"Coughlan, Laura"	"Bennett, J A"	"7f "	"6"	"9"	"9"	"12"
"16:05:00"	"2023-07-20"	"Chepstow"	"Galileo Glass (IRE)"	"2.00"	"3.4"	"Handicap"	"6"	"12"	"Kingscote, Richard"	"Evans, P D"	"7f "	"6"	"8"	"3"	"13"
"16:05:00"	"2023-07-20"	"Chepstow"	"Runner Bean"	"22.00"	"28.88"	"Handicap"	"10"	"12"	"Whelan, Trevor"	"De Giles, Ed"	"7f "	"6"	"9"	"8"	"10"
"16:05:00"	"2023-07-20"	"Chepstow"	"Landing Strip"	"12.00"	"13.43"	"Handicap"	"11"	"12"	"Ghiani, Marco"	"Tregoning, M P"	"7f "	"6"	"8"	"10"	"12"
"15:45:00"	"2023-07-20"	"Leicester"	"Boarhunt"	"6.00"	"9.76"	"Non-Handicap"	"1"	"15"	"Ryan, Rossa"	"Appleby, M"	"6f "	"6"	"9"	"3"	"13"
"15:45:00"	"2023-07-20"	"Leicester"	"Arlecchinos Gift"	"18.00"	"23.87"	"Non-Handicap"	"10"	"15"	"Havlin, Robert"	"Usher, M D I"	"6f "	"6"	"10"	"5"	"8"
"15:35:00"	"2023-07-20"	"Chepstow"	"Louis Treize (IRE)"	"6.50"	"10.38"	"Handicap"	"1"	"8"	"Coughlan, Laura"	"Faulkner, Ms D C"	"6f "	"6"	"10"	"2"	"8"
"15:35:00"	"2023-07-20"	"Chepstow"	"Bama Lama"	"5.50"	"8.38"	"Handicap"	"2"	"8"	"Probert, David"	"Millman, B R"	"6f "	"6"	"10"	"1"	"9"
"15:35:00"	"2023-07-20"	"Chepstow"	"On Edge"	"5.00"	"7.2"	"Handicap"	"3"	"8"	"Cox, William"	"Mason, Christopher"	"6f "	"6"	"10"	"1"	"8"
"15:35:00"	"2023-07-20"	"Chepstow"	"Joy Choi (IRE)"	"3.00"	"4.04"	"Handicap"	"5"	"8"	"Whelan, Trevor"	"Saunders, M S"	"6f "	"6"	"5"	"4"	"8"
"14:50:00"	"2023-07-20"	"Hamilton"	"Agonyclite"	"3.00"	"4.4"	"Handicap"	"1"	"10"	"Mulrennan, Paul"	"Haslam, B M R"	"6f "	"6"	"8"	"2"	"9"
"14:50:00"	"2023-07-20"	"Hamilton"	"Rain Cap"	"3.50"	"5.71"	"Handicap"	"2"	"10"	"Kirrane, Sean"	"Riches, John"	"6f "	"6"	"8"	"1"	"9"
"14:50:00"	"2023-07-20"	"Hamilton"	"The Gay Blade"	"9.00"	"11.11"	"Handicap"	"3"	"10"	"Breslin, Andrew"	"Jardine, I"	"6f "	"6"	"3"	"11"	"12"
"14:50:00"	"2023-07-20"	"Hamilton"	"Autumn Flight (IRE)"	"3.00"	"4.4"	"Handicap"	"4"	"10"	"Winn, Mark"	"McInnes, I W"	"6f "	"6"	"2"	"6"	"12"
"14:50:00"	"2023-07-20"	"Hamilton"	"Nodsasgoodasawink"	"16.00"	"20.32"	"Handicap"	"8"	"10"	"Mathers, Patrick"	"Perratt, Miss L A"	"6f "	"6"	"3"	"9"	"12"
"14:30:00"	"2023-07-20"	"Chepstow"	"Level Up (IRE)"	"9.00"	"12.58"	"Handicap"	"4"	"8"	"Lewis, Owen"	"Evans, P D"	"5f "	"5"	"8"	"1"	"11"
"17:35:00"	"2023-07-19"	"Yarmouth"	"Mobashr (USA)"	"3.00"	"4.48"	"Handicap"	"3"	"12"	"Larson, Frederick"	"Appleby, M"	"7f "	"4"	"6"	"2"	"10"
"16:57:00"	"2023-07-19"	"Catterick"	"Kraken Power (IRE)"	"12.00"	"18"	"Handicap"	"5"	"9"	"Mulrennan, Paul"	"Goldie, J S"	"5f "	"6"	"9"	"5"	"10"
"20:00:00"	"2023-07-18"	"Nottingham"	"May Blossom"	"7.00"	"8"	"Handicap"	"1"	"11"	"Tudhope, Daniel"	"OMeara, D"	"5f "	"5"	"5"	"6"	"7"
"20:00:00"	"2023-07-18"	"Nottingham"	"So Smart (IRE)"	"4.50"	"6.07"	"Handicap"	"6"	"11"	"Lewis, Owen"	"Evans, P D"	"5f "	"5"	"6"	"6"	"7"
"16:20:00"	"2023-07-18"	"Beverley"	"Mehmo (IRE)"	"1.88"	"3.2"	"Handicap"	"1"	"12"	"Hart, Jason"	"Appleby, M"	"5f "	"6"	"5"	"3"	"15"
"15:45:00"	"2023-07-18"	"Beverley"	"Wades Magic"	"6.50"	"9.19"	"Handicap"	"4"	"13"	"Schofield, Kieran"	"Easterby, T D"	"5f "	"6"	"10"	"3"	"11"
"15:45:00"	"2023-07-18"	"Beverley"	"Heavens Dew"	"125.00"	"370"	"Handicap"	"13"	"13"	"Wonnacott, Millie"	"Shaw, D"	"5f "	"6"	"7"	"12"	"13"
"16:20:00"	"2023-07-17"	"Ayr"	"See My Baby Jive"	"9.00"	"12.99"	"Handicap"	"1"	"12"	"Hart, Jason"	"Whillans, D W"	"6f "	"6"	"7"	"1"	"10"
"16:20:00"	"2023-07-17"	"Ayr"	"One Last Hug"	"6.00"	"8.36"	"Handicap"	"3"	"12"	"Fanning, Joe"	"Goldie, J S"	"6f "	"6"	"8"	"1"	"6"
"16:20:00"	"2023-07-17"	"Ayr"	"Earn Your Stripes"	"14.00"	"19.07"	"Handicap"	"4"	"12"	"Breslin, Andrew"	"Smith, R Michael"	"6f "	"6"	"7"	"2"	"10"
"16:20:00"	"2023-07-17"	"Ayr"	"Wee Fat Mac"	"4.50"	"7.31"	"Handicap"	"7"	"12"	"Beasley, Connor"	"Jardine, I"	"6f "	"6"	"2"	"2"	"13"
"16:20:00"	"2023-07-17"	"Ayr"	"Elladora"	"2.50"	"3.89"	"Handicap"	"8"	"12"	"Dennis, Phil"	"Scott, Miss Katie"	"6f "	"6"	"4"	"2"	"10"
"16:20:00"	"2023-07-17"	"Ayr"	"Wrecked It Ralph"	"9.00"	"12"	"Handicap"	"10"	"12"	"Mathers, Patrick"	"Smith, R Michael"	"6f "	"6"	"7"	"4"	"10"
"15:45:00"	"2023-07-17"	"Ayr"	"Ramiro (IRE)"	"6.50"	"8.2"	"Handicap"	"1"	"16"	"Robinson, Ben"	"Ellison, B"	"6f "	"3"	"3"	"2"	"11"
"15:45:00"	"2023-07-17"	"Ayr"	"Thunder Roar"	"3.50"	"5.17"	"Handicap"	"8"	"16"	"Eaves, Tom"	"Coyle, Tony"	"6f "	"3"	"7"	"1"	"11"
"15:45:00"	"2023-07-17"	"Ayr"	"Black Friday"	"18.00"	"32"	"Handicap"	"9"	"16"	"Mathers, Patrick"	"Smith, R Michael"	"6f "	"3"	"7"	"4"	"8"
"15:45:00"	"2023-07-17"	"Ayr"	"Abduction (FR)"	"8.00"	"10.5"	"Handicap"	"15"	"16"	"Mulrennan, Paul"	"Goldie, J S"	"6f "	"3"	"9"	"5"	"7"
"18:30:00"	"2023-07-15"	"Hamilton"	"Wee Fat Mac"	"20.00"	"30.73"	"Handicap"	"2"	"13"	"Mullen, Andrew"	"Jardine, I"	"5f "	"6"	"7"	"6"	"12"
"18:30:00"	"2023-07-15"	"Hamilton"	"Astapor"	"1.75"	"3.06"	"Handicap"	"3"	"13"	"Kirrane, Sean"	"Riches, John"	"5f "	"6"	"7"	"1"	"11"
"18:30:00"	"2023-07-15"	"Hamilton"	"Gustav Graves"	"4.00"	"5.9"	"Handicap"	"4"	"13"	"Edmunds, Lewis"	"Shaw, D"	"5f "	"6"	"9"	"7"	"8"
"17:30:00"	"2023-07-15"	"York"	"Roundhay Park"	"12.00"	"19.09"	"Handicap"	"1"	"16"	"Jary, Alex"	"Tinkler, N"	"6f "	"4"	"9"	"5"	"10"
"17:30:00"	"2023-07-15"	"York"	"Sun Power (FR)"	"20.00"	"26.08"	"Handicap"	"6"	"16"	"Hardie, Cameron"	"Brown, A D"	"6f "	"4"	"8"	"7"	"14"
"17:30:00"	"2023-07-15"	"York"	"Majeski Man (IRE)"	"18.00"	"24.46"	"Handicap"	"9"	"16"	"Hanagan, Paul"	"Midgley, P T"	"6f "	"4"	"8"	"9"	"14"
"17:30:00"	"2023-07-15"	"York"	"Ghathanfar (IRE)"	"5.50"	"8.37"	"Handicap"	"11"	"16"	"Hart, Jason"	"Waggott, Miss Tracy"	"6f "	"4"	"10"	"5"	"8"
"17:30:00"	"2023-07-15"	"York"	"Leodis Dream (IRE)"	"40.00"	"67.21"	"Handicap"	"13"	"16"	"Orr, Oisin"	"Midgley, P T"	"6f "	"4"	"9"	"8"	"8"
"17:05:00"	"2023-07-15"	"Salisbury"	"Okeanos (FR)"	"2.25"	"3.45"	"Handicap"	"2"	"8"	"Croot, Elle-May"	"Furtado, Ivan"	"6f "	"6"	"3"	"3"	"7"
"17:05:00"	"2023-07-15"	"Salisbury"	"Dillydingdillydong"	"11.00"	"17.62"	"Handicap"	"3"	"8"	"Leavy, Mr Joe"	"Hannon (Jnr), Richard"	"6f "	"6"	"5"	"7"	"9"
"17:05:00"	"2023-07-15"	"Salisbury"	"Joy Choi (IRE)"	"4.00"	"6.6"	"Handicap"	"4"	"8"	"Tubb, Olivia"	"Saunders, M S"	"6f "	"6"	"9"	"5"	"10"
"13:50:00"	"2023-07-15"	"Navan"	"Sosallycanwait (IRE)"	"5.00"	"6.26"	"Handicap"	"3"	"15"	"McDonogh, D P"	"Breen, Leanne"	"5f "	"0"	"8"	"6"	"15"
"13:50:00"	"2023-07-15"	"Navan"	"Nordic Passage (IRE)"	"6.50"	"7.98"	"Handicap"	"4"	"15"	"OConnor, Donagh"	"Levins, J F"	"5f "	"0"	"10"	"7"	"16"
"13:50:00"	"2023-07-15"	"Navan"	"Tammany Hall (IRE)"	"12.00"	"18"	"Handicap"	"7"	"15"	"Rutledge, Siobhan"	"McKenna, P J"	"5f "	"0"	"7"	"7"	"19"
"13:50:00"	"2023-07-15"	"Navan"	"Inishmot Prince (IRE)"	"7.00"	"10.5"	"Handicap"	"10"	"15"	"Ryan, J J G"	"McCourt, T G"	"5f "	"0"	"9"	"3"	"5"
"13:50:00"	"2023-07-15"	"Navan"	"Sin E Shekells"	"66.00"	"93.09"	"Handicap"	"14"	"15"	"Bowen, S D"	"Murray, J G"	"5f "	"0"	"8"	"7"	"15"
"17:20:00"	"2023-07-14"	"Newmarket (July)"	"Lipsink (IRE)"	"11.00"	"14.92"	"Handicap"	"5"	"7"	"Callan, N"	"Cowell, R M H"	"5f "	"3"	"2"	"5"	"7"
"17:20:00"	"2023-07-14"	"Newmarket (July)"	"Antiphon (IRE)"	"7.50"	"10.45"	"Handicap"	"7"	"7"	"Shepherd, Callum"	"Murphy, Mike"	"5f "	"3"	"6"	"4"	"11"
"16:55:00"	"2023-07-14"	"York"	"Princess Karine"	"4.00"	"6"	"Handicap"	"6"	"18"	"Winn, Mark"	"Smart, B"	"5f "	"4"	"7"	"4"	"14"
"16:55:00"	"2023-07-14"	"York"	"Khabib (IRE)"	"18.00"	"36.94"	"Handicap"	"9"	"18"	"Mulrennan, Paul"	"Craggs, R"	"5f "	"4"	"9"	"5"	"7"
"16:55:00"	"2023-07-14"	"York"	"Glory Fighter"	"18.00"	"25"	"Handicap"	"12"	"18"	"Sexton, Ryan"	"Midgley, P T"	"5f "	"4"	"9"	"3"	"7"
"16:55:00"	"2023-07-14"	"York"	"Good Luck Fox (IRE)"	"28.00"	"36"	"Handicap"	"17"	"18"	"Hardie, Cameron"	"Midgley, P T"	"5f "	"4"	"8"	"5"	"8"
"14:15:00"	"2023-07-14"	"Ascot"	"Global Esteem (IRE)"	"7.00"	"9.4"	"Handicap"	"3"	"12"	"Fraser, Kaiya"	"Gallagher, J"	"1m "	"4"	"9"	"6"	"9"
"14:15:00"	"2023-07-14"	"Ascot"	"Enough Already"	"22.00"	"32.58"	"Handicap"	"9"	"12"	"Bradley, Paddy"	"Carter, Lee"	"1m "	"4"	"9"	"7"	"7"
"20:50:00"	"2023-07-13"	"Newbury"	"The Cruising Lord"	"1.75"	"3.1"	"Handicap"	"1"	"11"	"Fraser, Kaiya"	"Brisland, Robyn"	"6f "	"5"	"7"	"2"	"7"
"20:50:00"	"2023-07-13"	"Newbury"	"Symbol of Hope"	"6.50"	"7.44"	"Handicap"	"3"	"11"	"Voikhansky, Alexander"	"Harris, Miss G"	"6f "	"5"	"7"	"2"	"10"
"15:25:00"	"2023-07-13"	"Carlisle"	"Slainte Mhath"	"1.75"	"2.98"	"Handicap"	"4"	"7"	"Dennis, Phil"	"Scott, Miss Katie"	"6f "	"4"	"9"	"1"	"9"
"15:25:00"	"2023-07-13"	"Carlisle"	"May Blossom"	"5.50"	"7.24"	"Handicap"	"6"	"7"	"Winn, Mark"	"OMeara, D"	"6f "	"4"	"6"	"3"	"7"
"14:50:00"	"2023-07-13"	"Carlisle"	"Atomise"	"3.50"	"6.2"	"Handicap"	"5"	"10"	"Beasley, Connor"	"Dods, M"	"6f "	"6"	"10"	"3"	"14"
"14:50:00"	"2023-07-13"	"Carlisle"	"Glorious Rio (IRE)"	"5.00"	"7.82"	"Handicap"	"8"	"10"	"Stammers, Oliver"	"Barclay, Stella"	"6f "	"6"	"7"	"6"	"8"
"14:50:00"	"2023-07-13"	"Carlisle"	"Sherdil (IRE)"	"22.00"	"32"	"Handicap"	"9"	"10"	"Sexton, Ryan"	"Midgley, P T"	"6f "	"6"	"10"	"6"	"11"
"14:35:00"	"2023-07-13"	"Doncaster"	"J R Cavagin (IRE)"	"7.50"	"11.71"	"Handicap"	"7"	"15"	"Lee, G"	"Midgley, P T"	"5.5f "	"5"	"10"	"5"	"11"
"16:55:00"	"2023-07-12"	"Yarmouth"	"Level Up (IRE)"	"5.50"	"8.23"	"Handicap"	"1"	"11"	"Lewis, Owen"	"Evans, P D"	"5f "	"5"	"6"	"1"	"10"
"16:20:00"	"2023-07-12"	"Yarmouth"	"Brazen Arrow"	"14.00"	"20"	"Handicap"	"7"	"7"	"Ffrench, Royston"	"Dunnett, Mrs C A"	"7f "	"6"	"6"	"6"	"10"
"14:20:00"	"2023-07-12"	"Yarmouth"	"Galileo Glass (IRE)"	"8.00"	"11.5"	"Handicap"	"3"	"13"	"Ryan, Rossa"	"Evans, P D"	"1m "	"6"	"9"	"6"	"8"
"14:20:00"	"2023-07-12"	"Yarmouth"	"Adace"	"9.00"	"11.88"	"Handicap"	"7"	"13"	"Howarth, Christian"	"Ivory, D K"	"1m "	"6"	"9"	"3"	"8"
"14:20:00"	"2023-07-12"	"Yarmouth"	"Thomas Equinas"	"6.50"	"8.81"	"Handicap"	"10"	"13"	"Smith, Jefferson"	"Ivory, D K"	"1m "	"6"	"9"	"5"	"8"
"19:35:00"	"2023-07-10"	"Chepstow"	"Louis Treize (IRE)"	"4.00"	"5.99"	"Handicap"	"2"	"8"	"Coughlan, Laura"	"Faulkner, Ms D C"	"6f "	"6"	"10"	"7"	"13"
"19:00:00"	"2023-07-10"	"Chepstow"	"Bama Lama"	"3.00"	"4.39"	"Handicap"	"1"	"9"	"Doyle, Hollie"	"Millman, B R"	"6f "	"6"	"6"	"3"	"8"
"17:20:00"	"2023-07-10"	"Chepstow"	"Voltaic"	"14.00"	"19.57"	"Handicap"	"5"	"11"	"Phillips, Mollie"	"Carroll, A W"	"7f "	"5"	"10"	"9"	"10"
"17:20:00"	"2023-07-10"	"Chepstow"	"Iconic Knight (IRE)"	"22.00"	"36.33"	"Handicap"	"7"	"11"	"Cox, William"	"Carroll, A W"	"7f "	"5"	"10"	"8"	"10"
"17:15:00"	"2023-07-10"	"Ayr"	"See My Baby Jive"	"5.00"	"6.83"	"Handicap"	"1"	"10"	"Hart, Jason"	"Whillans, D W"	"6f "	"6"	"5"	"6"	"12"
"17:15:00"	"2023-07-10"	"Ayr"	"Earn Your Stripes"	"22.00"	"29.49"	"Handicap"	"2"	"10"	"Breslin, Andrew"	"Smith, R Michael"	"6f "	"6"	"6"	"9"	"10"
"17:15:00"	"2023-07-10"	"Ayr"	"Genevieve"	"100.00"	"190"	"Handicap"	"6"	"10"	"Waugh, Amie"	"Goldie, J S"	"6f "	"6"	"6"	"8"	"10"
"14:55:00"	"2023-07-10"	"Ayr"	"Black Friday"	"6.00"	"8.6"	"Handicap"	"4"	"8"	"Mathers, Patrick"	"Smith, R Michael"	"6f "	"3"	"5"	"6"	"7"
"14:30:00"	"2023-07-09"	"Ayr"	"John Kirkup"	"1.00"	"1.99"	"Handicap"	"4"	"6"	"Smith, Becky"	"Thompson, D W"	"5f "	"5"	"1"	"2"	"11"
"19:12:00"	"2023-07-08"	"Nottingham"	"Strong Power (IRE)"	"20.00"	"32.28"	"Handicap"	"5"	"11"	"Howarth, Christian"	"Haynes, Alice"	"6f "	"5"	"8"	"3"	"5"
"19:12:00"	"2023-07-08"	"Nottingham"	"Shark Two One"	"9.00"	"11.34"	"Handicap"	"6"	"11"	"Edmunds, Lewis"	"Macey, Jessica"	"6f "	"5"	"9"	"3"	"6"
"18:52:00"	"2023-07-08"	"Carlisle"	"Astapor"	"3.50"	"5.03"	"Handicap"	"1"	"11"	"Kirrane, Sean"	"Riches, John"	"5f "	"6"	"8"	"2"	"12"
"18:52:00"	"2023-07-08"	"Carlisle"	"Wades Magic"	"12.00"	"16"	"Handicap"	"3"	"11"	"Schofield, Kieran"	"Easterby, T D"	"5f "	"6"	"8"	"11"	"13"
"18:52:00"	"2023-07-08"	"Carlisle"	"Sharrabang"	"7.50"	"11.87"	"Handicap"	"5"	"11"	"Waugh, Amie"	"Barclay, Stella"	"5f "	"6"	"9"	"5"	"15"
"18:52:00"	"2023-07-08"	"Carlisle"	"Lancashire Life"	"22.00"	"39.9"	"Handicap"	"8"	"11"	"Gray, S A"	"Barclay, Stella"	"5f "	"6"	"9"	"7"	"15"
"18:52:00"	"2023-07-08"	"Carlisle"	"Emeralds Pride"	"4.50"	"7"	"Handicap"	"9"	"11"	"Beasley, Connor"	"Dods, M"	"5f "	"6"	"5"	"7"	"11"
"17:45:00"	"2023-07-08"	"Carlisle"	"Giselles Izzy (IRE)"	"3.00"	"5"	"Handicap"	"2"	"12"	"Fisher, Taylor"	"Jardine, I"	"6f "	"5"	"9"	"1"	"15"
"17:45:00"	"2023-07-08"	"Carlisle"	"Beauty Choice"	"6.50"	"8.88"	"Handicap"	"3"	"12"	"Chalkley, Lewis"	"Easterby, M W"	"6f "	"5"	"8"	"3"	"13"
"17:45:00"	"2023-07-08"	"Carlisle"	"Wee Fat Mac"	"25.00"	"36"	"Handicap"	"6"	"12"	"Fielding, Alexander"	"Jardine, I"	"6f "	"5"	"9"	"11"	"15"
"17:45:00"	"2023-07-08"	"Carlisle"	"Street Life"	"40.00"	"77.03"	"Handicap"	"8"	"12"	"Brookes, Aiden"	"Morris, Patrick"	"6f "	"5"	"8"	"11"	"12"
"17:45:00"	"2023-07-08"	"Carlisle"	"True Jem (FR)"	"20.00"	"28"	"Handicap"	"9"	"12"	"Feilden, Sam"	"Burke, K R"	"6f "	"5"	"10"	"6"	"9"
"15:20:00"	"2023-07-08"	"Naas"	"Catherine Chroi (IRE)"	"8.00"	"9.62"	"Handicap"	"6"	"19"	"Horgan, H J"	"OConnell, Ms Claire"	"6f "	"0"	"10"	"6"	"23"
"15:20:00"	"2023-07-08"	"Naas"	"Tammany Hall (IRE)"	"7.00"	"9.5"	"Handicap"	"7"	"19"	"Cleary, Jack"	"McKenna, P J"	"6f "	"0"	"4"	"10"	"15"
"15:20:00"	"2023-07-08"	"Naas"	"Giocoso (IRE)"	"16.00"	"20"	"Handicap"	"10"	"19"	"Horgan, C"	"Slattery, Andrew"	"6f "	"0"	"4"	"9"	"15"
"15:20:00"	"2023-07-08"	"Naas"	"It Might Be You (IRE)"	"28.00"	"55"	"Handicap"	"11"	"19"	"Whearty, R"	"Coyle, Thomas"	"6f "	"0"	"10"	"13"	"23"
"15:20:00"	"2023-07-08"	"Naas"	"Plankton (IRE)"	"33.00"	"85"	"Handicap"	"16"	"19"	"Hassett, M W"	"McNamara, Andrew"	"6f "	"0"	"10"	"20"	"23"
"18:30:00"	"2023-07-07"	"Bellewstown"	"Scarlet Dancer (IRE)"	"2.00"	"3.6"	"Handicap"	"2"	"15"	"Powell, J A"	"McAuley, James"	"5f "	"0"	"1"	"3"	"15"
"18:30:00"	"2023-07-07"	"Bellewstown"	"Teddy Boy (IRE)"	"7.00"	"11"	"Handicap"	"5"	"15"	"Sheehy, Danny"	"Lynam, Edward"	"5f "	"0"	"9"	"4"	"23"
"18:30:00"	"2023-07-07"	"Bellewstown"	"Sosallycanwait (IRE)"	"5.00"	"7.97"	"Handicap"	"6"	"15"	"McDonogh, D P"	"Breen, Leanne"	"5f "	"0"	"9"	"2"	"23"
"17:50:00"	"2023-07-07"	"Beverley"	"Newyorkstateofmind"	"28.00"	"39.8"	"Handicap"	"10"	"14"	"Sullivan, James P"	"Carr, Mrs R A"	"5f "	"4"	"7"	"3"	"14"
"19:15:00"	"2023-07-06"	"Newbury"	"Jade Country"	"3.33"	"4.3"	"Handicap"	"5"	"7"	"Hutchinson, Callum"	"Flint, J L"	"7f "	"4"	"8"	"4"	"8"
"17:05:00"	"2023-07-06"	"Newbury"	"Symbol of Hope"	"5.00"	"6.14"	"Handicap"	"2"	"10"	"Planas, Connor"	"Harris, Miss G"	"5f "	"5"	"8"	"3"	"7"
"17:00:00"	"2023-07-06"	"Yarmouth"	"Enchanted Night"	"2.00"	"3.2"	"Handicap"	"1"	"8"	"Ffrench, Royston"	"Dunnett, Mrs C A"	"5f "	"6"	"7"	"3"	"8"
"17:00:00"	"2023-07-06"	"Yarmouth"	"Jacquelina (IRE)"	"2.50"	"3.65"	"Handicap"	"4"	"8"	"Gordon, Josephine"	"McEntee, P S"	"5f "	"6"	"6"	"4"	"7"
"16:10:00"	"2023-07-06"	"Haydock"	"Roundhay Park"	"8.00"	"11.44"	"Handicap"	"5"	"10"	"Jary, Alex"	"Tinkler, N"	"6f "	"4"	"7"	"2"	"6"
"16:10:00"	"2023-07-06"	"Haydock"	"Satin Snake"	"12.00"	"16"	"Handicap"	"6"	"10"	"Hart, Jason"	"Keatley, Adrian Paul"	"6f "	"4"	"9"	"5"	"9"
"16:00:00"	"2023-07-06"	"Yarmouth"	"Roman Dynasty (IRE)"	"1.75"	"2.76"	"Handicap"	"2"	"7"	"Sayette, B D L"	"Parr, Joseph"	"1m "	"5"	"7"	"1"	"10"
"15:10:00"	"2023-07-06"	"Haydock"	"Stone Circle (IRE)"	"9.00"	"12.36"	"Handicap"	"3"	"8"	"Bradnam, Joe"	"Bell, M L W"	"5f "	"5"	"8"	"2"	"6"
"15:10:00"	"2023-07-06"	"Haydock"	"Good Luck Fox (IRE)"	"12.00"	"14.7"	"Handicap"	"5"	"8"	"Feilden, Sam"	"Midgley, P T"	"5f "	"5"	"7"	"5"	"6"
"17:20:00"	"2023-07-05"	"Thirsk"	"Music Society (IRE)"	"8.50"	"11.05"	"Handicap"	"4"	"8"	"Allan, David"	"Easterby, T D"	"6f "	"3"	"10"	"3"	"13"
"17:20:00"	"2023-07-05"	"Thirsk"	"Ghathanfar (IRE)"	"3.50"	"5.5"	"Handicap"	"5"	"8"	"Rodriguez, Callum"	"Waggott, Miss Tracy"	"6f "	"3"	"4"	"8"	"10"
"17:15:00"	"2023-07-05"	"Musselburgh"	"Henery Hawk"	"25.00"	"59.38"	"Non-Handicap"	"7"	"10"	"Pyle, William"	"Perratt, Miss L A"	"5f "	"6"	"6"	"12"	"15"
"16:35:00"	"2023-07-05"	"Tipperary"	"Harmony Rose"	"3.50"	"4.79"	"Non-Handicap"	"2"	"6"	"Lee, W J"	"Condon, K J"	"5f "	"0"	"3"	"11"	"16"
"15:15:00"	"2023-07-05"	"Thirsk"	"Hey Mr"	"1.63"	"2.71"	"Handicap"	"4"	"12"	"Garritty, Jack"	"Midgley, P T"	"6f "	"6"	"6"	"1"	"8"
"16:52:00"	"2023-07-04"	"Hamilton"	"Impressor (IRE)"	"2.75"	"5.1"	"Handicap"	"2"	"10"	"Scott, Rowan"	"Makin, Phillip"	"5f "	"6"	"4"	"8"	"13"
"16:52:00"	"2023-07-04"	"Hamilton"	"Hard Solution"	"5.00"	"7.4"	"Handicap"	"3"	"10"	"Sullivan, James P"	"Carr, Mrs R A"	"5f "	"6"	"5"	"1"	"6"
"16:52:00"	"2023-07-04"	"Hamilton"	"Burtonlodge Beauty (IRE)"	"33.00"	"42"	"Handicap"	"7"	"10"	"Winn, Mark"	"Perratt, Miss L A"	"5f "	"6"	"5"	"6"	"6"
"16:17:00"	"2023-07-04"	"Hamilton"	"Water Of Leith (IRE)"	"8.00"	"11"	"Handicap"	"5"	"9"	"Mulrennan, Paul"	"Goldie, J S"	"6f "	"4"	"5"	"4"	"6"
"16:17:00"	"2023-07-04"	"Hamilton"	"Iris Dancer"	"2.50"	"3.83"	"Handicap"	"8"	"9"	"Scott, Rowan"	"Davidson, Tristan"	"6f "	"4"	"6"	"4"	"9"
"20:00:00"	"2023-07-03"	"Musselburgh"	"Primos Comet"	"7.50"	"9.83"	"Handicap"	"1"	"6"	"Mulrennan, Paul"	"Goldie, J S"	"5f "	"5"	"10"	"5"	"11"
"20:00:00"	"2023-07-03"	"Musselburgh"	"Ecclesiastical"	"0.83"	"1.97"	"Handicap"	"3"	"6"	"Mullen, Andrew"	"Davidson, Tristan"	"5f "	"5"	"3"	"1"	"12"
"20:00:00"	"2023-07-03"	"Musselburgh"	"Hard Nut (IRE)"	"20.00"	"27"	"Handicap"	"4"	"6"	"Breslin, Andrew"	"Perratt, Miss L A"	"5f "	"5"	"10"	"5"	"7"
"20:45:00"	"2023-07-01"	"Lingfield"	"San Francisco Bay (IRE)"	"1.75"	"2.89"	"Handicap"	"1"	"8"	"Coughlan, Laura"	"Candy, H"	"6f "	"6"	"7"	"2"	"8"
"20:30:00"	"2023-07-01"	"Doncaster"	"Ghathanfar (IRE)"	"5.50"	"7.56"	"Handicap"	"8"	"10"	"Nolan, D"	"Waggott, Miss Tracy"	"6f "	"4"	"6"	"7"	"13"
"20:15:00"	"2023-07-01"	"Lingfield"	"Major Gatsby (IRE)"	"5.00"	"7.2"	"Handicap"	"4"	"8"	"Carson, William"	"Turner, W G M"	"7f "	"6"	"6"	"3"	"8"
"20:15:00"	"2023-07-01"	"Lingfield"	"Essme"	"7.00"	"9.26"	"Handicap"	"6"	"8"	"Bennett, Charlie"	"Bridger, J / Cook, R"	"7f "	"6"	"7"	"3"	"8"
"20:00:00"	"2023-07-01"	"Doncaster"	"Mudamer (IRE)"	"4.00"	"6.6"	"Handicap"	"2"	"6"	"Nolan, D"	"Harker, G A"	"7f "	"4"	"7"	"3"	"6"
"14:50:00"	"2023-07-01"	"Curragh"	"Hallowed Time (IRE)"	"16.00"	"22.68"	"Handicap"	"4"	"13"	"McDonogh, D P"	"ONeill, E J"	"6f "	"0"	"8"	"4"	"12"
"14:50:00"	"2023-07-01"	"Curragh"	"Greek Flower (IRE)"	"5.00"	"6.92"	"Handicap"	"6"	"13"	"Roche, L F"	"Feane, John James"	"6f "	"0"	"8"	"2"	"8"
"19:00:00"	"2023-06-30"	"Newmarket (July)"	"Le Reveur (IRE)"	"5.50"	"7.4"	"Handicap"	"4"	"10"	"Wonnacott, Millie"	"Murphy, Mike"	"1m "	"5"	"7"	"2"	"11"
"16:40:00"	"2023-06-30"	"Yarmouth"	"Miss Belladonna"	"6.00"	"8.2"	"Handicap"	"2"	"7"	"Cole, Morgan"	"Shaw, D"	"5f "	"5"	"8"	"3"	"9"
"16:40:00"	"2023-06-30"	"Yarmouth"	"Amor de Mi Vida (FR)"	"4.00"	"5.96"	"Handicap"	"3"	"7"	"Fisher, Taylor"	"Watson, Archie"	"5f "	"5"	"7"	"2"	"4"
"14:10:00"	"2023-06-30"	"Doncaster"	"Golden Duke (IRE)"	"33.00"	"42.29"	"Handicap"	"1"	"13"	"Fentiman, Duran"	"Tinkler, N"	"6f "	"5"	"10"	"7"	"7"
"14:10:00"	"2023-06-30"	"Doncaster"	"Okeanos (FR)"	"3.50"	"5.98"	"Handicap"	"2"	"13"	"Croot, Elle-May"	"Furtado, Ivan"	"6f "	"5"	"7"	"2"	"8"
"14:10:00"	"2023-06-30"	"Doncaster"	"Beauty Choice"	"6.00"	"7.59"	"Handicap"	"3"	"13"	"Garritty, Billy"	"Easterby, M W"	"6f "	"5"	"3"	"6"	"9"
"14:10:00"	"2023-06-30"	"Doncaster"	"Barneys Bay"	"5.50"	"8"	"Handicap"	"9"	"13"	"Allan, David"	"Easterby, T D"	"6f "	"5"	"10"	"3"	"7"
"13:45:00"	"2023-06-30"	"Yarmouth"	"El Royale"	"18.00"	"24.07"	"Handicap"	"5"	"8"	"Howarth, Christian"	"Appleby, M"	"1m "	"6"	"10"	"7"	"9"
"21:00:00"	"2023-06-29"	"Hamilton"	"Caribbean Sunset (IRE)"	"6.50"	"9.92"	"Handicap"	"3"	"15"	"Stammers, Oliver"	"Tuer, Grant"	"6f "	"6"	"9"	"3"	"8"
"21:00:00"	"2023-06-29"	"Hamilton"	"Sharrabang"	"10.00"	"14.5"	"Handicap"	"5"	"15"	"Wheatley, Zak"	"Barclay, Stella"	"6f "	"6"	"10"	"3"	"9"
"21:00:00"	"2023-06-29"	"Hamilton"	"Nodsasgoodasawink"	"50.00"	"66.03"	"Handicap"	"8"	"15"	"Mathers, Patrick"	"Perratt, Miss L A"	"6f "	"6"	"5"	"11"	"11"
"21:00:00"	"2023-06-29"	"Hamilton"	"Bonito Cavalo"	"3.33"	"5.35"	"Handicap"	"13"	"15"	"Mulrennan, Paul"	"Goldie, J S"	"6f "	"6"	"5"	"3"	"11"
"21:00:00"	"2023-06-29"	"Hamilton"	"Shabaaby"	"22.00"	"25"	"Handicap"	"14"	"15"	"Rodriguez, Callum"	"Whillans, Ewan"	"6f "	"6"	"10"	"6"	"9"
"20:00:00"	"2023-06-29"	"Hamilton"	"Count Dorsay (IRE)"	"6.50"	"8.65"	"Handicap"	"1"	"6"	"Dennis, Phil"	"Easterby, T D"	"5f "	"3"	"9"	"2"	"8"
"20:00:00"	"2023-06-29"	"Hamilton"	"Live In The Moment (IRE)"	"2.00"	"2.95"	"Handicap"	"6"	"6"	"Kirrane, Sean"	"Haynes, Alice"	"5f "	"3"	"3"	"3"	"6"
"19:45:00"	"2023-06-29"	"Leicester"	"Mr Pc (IRE)"	"9.00"	"11.28"	"Handicap"	"6"	"8"	"Doyle, Hollie"	"Carroll, A W"	"5f "	"6"	"4"	"3"	"7"
"19:00:00"	"2023-06-29"	"Hamilton"	"Hard Solution"	"7.50"	"10.13"	"Handicap Seller"	"1"	"6"	"McHugh, B"	"Carr, Mrs R A"	"5f "	"6"	"8"	"6"	"10"
"16:55:00"	"2023-06-29"	"Newmarket (July)"	"Shigar (IRE)"	"3.33"	"5.15"	"Handicap"	"6"	"9"	"Farragher, Adam J"	"Haggas, W J"	"1m "	"4"	"1"	"1"	"10"
"16:45:00"	"2023-06-29"	"Nottingham"	"Enchanted Night"	"9.00"	"11.4"	"Handicap"	"3"	"8"	"Probert, David"	"Dunnett, Mrs C A"	"5f "	"6"	"10"	"5"	"11"
"14:25:00"	"2023-06-29"	"Nottingham"	"Ascot Adventure"	"3.50"	"4.9"	"Handicap"	"4"	"6"	"Watson, Jason"	"OMeara, D"	"6f "	"4"	"9"	"6"	"10"
"14:40:00"	"2023-06-28"	"Salisbury"	"Redredrobin"	"2.75"	"4.4"	"Handicap"	"5"	"6"	"Carson, William"	"Saunders, M S"	"5f "	"4"	"10"	"1"	"8"
"18:35:00"	"2023-06-26"	"Windsor"	"Lequinto (IRE)"	"2.25"	"3.15"	"Handicap"	"1"	"6"	"Atzeni, Andrea"	"Carroll, A W"	"6f "	"4"	"7"	"2"	"9"
"17:25:00"	"2023-06-26"	"Chepstow"	"Connies Rose"	"3.00"	"3.7"	"Handicap"	"2"	"10"	"ONeill, K T"	"Harris, Miss G"	"6f "	"6"	"10"	"1"	"7"
"17:25:00"	"2023-06-26"	"Chepstow"	"Hollow Steel (IRE)"	"10.00"	"14.18"	"Handicap"	"7"	"10"	"Carson, William"	"Hughes, Debbie"	"6f "	"6"	"10"	"3"	"6"
"17:05:00"	"2023-06-26"	"Windsor"	"Macon Belle"	"14.00"	"15.68"	"Handicap"	"3"	"12"	"Probert, David"	"De Giles, Ed"	"6f "	"6"	"10"	"7"	"7"
"15:15:00"	"2023-06-26"	"Chepstow"	"Attys Edge"	"8.00"	"11"	"Handicap"	"3"	"10"	"Cox, William"	"Mason, Christopher"	"5f "	"6"	"10"	"4"	"7"
"15:15:00"	"2023-06-26"	"Chepstow"	"Rhubarb"	"3.00"	"4.46"	"Handicap"	"5"	"10"	"Osborne, Saffie"	"Price, R J"	"5f "	"6"	"10"	"3"	"7"
"20:50:00"	"2023-06-24"	"Lingfield"	"Lucky Mascot (IRE)"	"11.00"	"14.11"	"Handicap"	"6"	"8"	"Carson, William"	"Johnson, B R"	"7f "	"6"	"4"	"6"	"6"
"18:35:00"	"2023-06-24"	"Haydock"	"Lil Guff"	"3.33"	"4.7"	"Handicap"	"2"	"8"	"Morris, Luke"	"Kubler, Daniel"	"5f "	"4"	"8"	"1"	"9"
"17:09:00"	"2023-06-24"	"Newmarket (July)"	"The Green Man (IRE)"	"1.38"	"2.95"	"Handicap"	"3"	"8"	"Fraser, Kaiya"	"Parr, Joseph"	"6f "	"4"	"7"	"1"	"15"
"16:32:00"	"2023-06-24"	"Newmarket (July)"	"Dion Baker (IRE)"	"10.00"	"13.89"	"Handicap"	"5"	"8"	"Egan, John"	"Wigham, M"	"7f "	"5"	"10"	"2"	"6"
"16:14:00"	"2023-06-24"	"Ayr"	"Newyorkstateofmind"	"16.00"	"18.16"	"Handicap"	"9"	"9"	"Sexton, Ryan"	"Carr, Mrs R A"	"6f "	"5"	"10"	"1"	"5"
"15:22:00"	"2023-06-24"	"Redcar"	"Azano"	"3.00"	"4.1"	"Handicap"	"6"	"6"	"Watson, Jason"	"OMeara, D"	"7f "	"3"	"8"	"3"	"5"
"20:45:00"	"2023-06-23"	"Newmarket (July)"	"Four Adaay"	"0.67"	"1.78"	"Handicap"	"1"	"4"	"McDonald, P J"	"Millman, B R"	"5f "	"5"	"9"	"4"	"7"
"19:50:00"	"2023-06-23"	"Musselburgh"	"Sixcor"	"10.00"	"11.48"	"Handicap"	"2"	"11"	"Winn, Mark"	"Perratt, Miss L A"	"5f "	"6"	"10"	"5"	"6"
"19:50:00"	"2023-06-23"	"Musselburgh"	"Primos Comet"	"2.50"	"3.99"	"Handicap"	"5"	"11"	"Mulrennan, Paul"	"Goldie, J S"	"5f "	"6"	"10"	"4"	"6"
"19:15:00"	"2023-06-23"	"Musselburgh"	"Chookie Dunedin"	"10.00"	"12.54"	"Handicap"	"3"	"7"	"Garritty, Billy"	"Dalgleish, Keith"	"5f "	"4"	"10"	"4"	"9"
"18:35:00"	"2023-06-23"	"Down Royal"	"Curraheen Princess (IRE)"	"6.00"	"9.6"	"Handicap"	"1"	"8"	"Slattery, A J"	"Stokes, N"	"5f "	"0"	"7"	"3"	"10"
"18:00:00"	"2023-06-23"	"Down Royal"	"Hallowed Time (IRE)"	"14.00"	"20.24"	"Handicap"	"4"	"12"	"McDonogh, D P"	"ONeill, E J"	"5f "	"0"	"7"	"10"	"10"
"17:20:00"	"2023-06-23"	"Newmarket (July)"	"Le Reveur (IRE)"	"8.50"	"11.22"	"Handicap"	"2"	"11"	"Wonnacott, Millie"	"Murphy, Mike"	"1m "	"5"	"10"	"7"	"13"
"13:50:00"	"2023-06-23"	"Redcar"	"Kodebreaker (IRE)"	"6.00"	"8.13"	"Handicap"	"4"	"9"	"Eaves, Tom"	"Herrington,M "	"7f "	"6"	"10"	"6"	"13"
"14:50:00"	"2023-06-22"	"Ripon"	"Indian Sounds (IRE)"	"2.50"	"3.74"	"Handicap"	"1"	"9"	"Lee, G"	"Midgley, P T"	"6f "	"6"	"10"	"1"	"6"
"20:40:00"	"2023-06-21"	"Ripon"	"Ecclesiastical"	"4.00"	"5.96"	"Handicap"	"1"	"10"	"Nolan, D"	"Davidson, Tristan"	"5f "	"6"	"8"	"5"	"13"
"15:30:00"	"2023-06-21"	"Hamilton"	"Iris Dancer"	"2.25"	"2.44"	"Handicap"	"1"	"5"	"Mullen, Andrew"	"Davidson, Tristan"	"6f "	"5"	"7"	"2"	"7"
"19:15:00"	"2023-06-20"	"Beverley"	"Devils Angel"	"11.00"	"11.11"	"Handicap"	"3"	"6"	"Garritty, Jack"	"OKeeffe, Jedd"	"5f "	"3"	"10"	"11"	"12"
"19:15:00"	"2023-06-20"	"Beverley"	"Ventura Flame (IRE)"	"4.00"	"5.4"	"Handicap"	"4"	"6"	"Rawlinson, Ali"	"Dalgleish, Keith"	"5f "	"3"	"9"	"5"	"17"
"16:45:00"	"2023-06-20"	"Thirsk"	"Mereside Angel (IRE)"	"3.00"	"4.9"	"Handicap"	"5"	"8"	"Davies, Harry"	"Barron, T D"	"5f "	"5"	"7"	"1"	"6"
"16:45:00"	"2023-06-20"	"Thirsk"	"Blazing Hot"	"28.00"	"38.48"	"Handicap"	"7"	"8"	"Nicholls, Mia"	"Griffiths, D C"	"5f "	"5"	"8"	"2"	"6"
"16:45:00"	"2023-06-20"	"Thirsk"	"Jarvis (IRE)"	"28.00"	"37.3"	"Handicap"	"8"	"8"	"Hanagan, Paul"	"Duffield, Mrs A"	"5f "	"5"	"8"	"4"	"6"
"19:05:00"	"2023-06-19"	"Windsor"	"Nomadic Empire (IRE)"	"6.50"	"8.6"	"Handicap"	"6"	"9"	"Watson, Jason"	"OMeara, D"	"6f "	"3"	"9"	"3"	"12"
"15:20:00"	"2023-06-19"	"Carlisle"	"Little Earl (IRE)"	"9.00"	"13"	"Handicap"	"9"	"9"	"Hart, Jason"	"Carr, Mrs R A"	"6f "	"6"	"10"	"14"	"15"
"16:00:00"	"2023-06-18"	"Salisbury"	"Redredrobin"	"3.00"	"4.45"	"Handicap"	"1"	"8"	"Carson, William"	"Saunders, M S"	"6f "	"5"	"8"	"2"	"10"
"16:00:00"	"2023-06-18"	"Salisbury"	"Strike"	"4.00"	"7.01"	"Handicap"	"3"	"8"	"Hornby, Rob"	"Portman, J G"	"6f "	"5"	"3"	"5"	"9"
"14:05:00"	"2023-06-18"	"Doncaster"	"Yaaser (IRE)"	"3.33"	"5.18"	"Handicap"	"12"	"15"	"Mulrennan, Paul"	"Goldie, J S"	"7f "	"5"	"10"	"3"	"6"
"21:00:00"	"2023-06-17"	"Leicester"	"Under Curfew"	"3.50"	"4.7"	"Handicap"	"2"	"5"	"Phillips, Mollie"	"Carroll, A W"	"5f "	"6"	"8"	"2"	"7"
"17:25:00"	"2023-06-17"	"York"	"Good Earth (IRE)"	"4.00"	"7"	"Handicap"	"2"	"15"	"Eaves, Tom"	"Herrington,M "	"6f "	"4"	"6"	"1"	"17"
"17:25:00"	"2023-06-17"	"York"	"Abate"	"6.00"	"7.64"	"Handicap"	"3"	"15"	"Nicholls, Mia"	"Nicholls, Adrian"	"6f "	"4"	"8"	"1"	"7"
"17:25:00"	"2023-06-17"	"York"	"Soldiers Minute"	"11.00"	"12.64"	"Handicap"	"4"	"15"	"Rodriguez, Callum"	"Dalgleish, Keith"	"6f "	"4"	"9"	"4"	"8"
"17:25:00"	"2023-06-17"	"York"	"Royal Parade (IRE)"	"7.50"	"10.5"	"Handicap"	"12"	"15"	"Ryan, Rossa"	"Appleby, M"	"6f "	"4"	"6"	"1"	"6"
"20:15:00"	"2023-06-16"	"Cork"	"Gegenpressing"	"5.00"	"8.89"	"Handicap"	"7"	"22"	"Hayes, C D"	"Harty, Edward and Patrick"	"7f "	"0"	"9"	"4"	"21"
"19:45:00"	"2023-06-16"	"Cork"	"Markievicz (IRE)"	"8.00"	"11.32"	"Handicap"	"6"	"20"	"Stone-Walsh, C"	"Lavery, Ms Sheila"	"7f "	"0"	"9"	"13"	"21"
"19:45:00"	"2023-06-16"	"Cork"	"Maid To Shine (IRE)"	"16.00"	"28.09"	"Handicap"	"10"	"20"	"King, D"	"Hassett, G"	"7f "	"0"	"8"	"14"	"17"
"17:25:00"	"2023-06-16"	"Cork"	"Curraheen Princess (IRE)"	"7.00"	"10.5"	"Handicap"	"3"	"10"	"Heffernan, J A"	"Stokes, N"	"5f "	"0"	"5"	"5"	"7"
"17:10:00"	"2023-06-16"	"Chepstow"	"Red Evelyn"	"3.33"	"4.6"	"Handicap"	"3"	"9"	"Hansen, Thore"	"Butler, John"	"1m "	"6"	"9"	"2"	"8"
"16:35:00"	"2023-06-16"	"Chepstow"	"Matty Too"	"1.50"	"2.6"	"Handicap"	"1"	"6"	"Loughnane, Mr Billy"	"Dunlop, E A L"	"7f "	"5"	"8"	"1"	"7"
"16:35:00"	"2023-06-16"	"Chepstow"	"Macs Dilemma (IRE)"	"2.50"	"3.62"	"Handicap"	"3"	"6"	"Fisher, Taylor"	"Oshea, J G M"	"7f "	"5"	"6"	"6"	"8"
"16:00:00"	"2023-06-16"	"Chepstow"	"Connies Rose"	"3.00"	"4.4"	"Handicap"	"1"	"7"	"ONeill, K T"	"Harris, Miss G"	"5f "	"6"	"6"	"5"	"10"
"16:00:00"	"2023-06-16"	"Chepstow"	"Jacquelina (IRE)"	"2.25"	"3.5"	"Handicap"	"2"	"7"	"Gordon, Josephine"	"McEntee, P S"	"5f "	"6"	"6"	"2"	"7"
"16:00:00"	"2023-06-16"	"Chepstow"	"Rhubarb"	"3.00"	"4.8"	"Handicap"	"3"	"7"	"ONeill, Dane"	"Price, R J"	"5f "	"6"	"6"	"3"	"7"
"15:25:00"	"2023-06-16"	"Chepstow"	"Airshow"	"1.00"	"2"	"Handicap"	"4"	"6"	"Searle, Oliver"	"Millman, B R"	"6f "	"5"	"7"	"1"	"7"
"14:05:00"	"2023-06-16"	"Sandown"	"Lil Guff"	"3.00"	"4.28"	"Handicap"	"1"	"9"	"Buick, William"	"Kubler, Daniel"	"5f "	"4"	"7"	"1"	"3"
"14:05:00"	"2023-06-16"	"Sandown"	"Tolstoy (IRE)"	"11.00"	"16.9"	"Handicap"	"3"	"9"	"Levey, S M"	"Williams, S C"	"5f "	"4"	"8"	"5"	"8"
"17:10:00"	"2023-06-15"	"Yarmouth"	"Next Second"	"20.00"	"29.59"	"Non-Handicap"	"9"	"12"	"Fisher, Taylor"	"Carr, Mrs R A"	"6f "	"6"	"9"	"3"	"10"
"16:55:00"	"2023-06-15"	"Nottingham"	"Spanish Angel (IRE)"	"1.50"	"2.81"	"Handicap"	"4"	"9"	"Sullivan, James P"	"Carr, Mrs R A"	"5f "	"6"	"6"	"2"	"9"
"16:40:00"	"2023-06-15"	"Yarmouth"	"Mutanaaseq (IRE)"	"1.10"	"2.11"	"Handicap"	"5"	"6"	"Howarth, Christian"	"Carr, Mrs R A"	"7f "	"6"	"5"	"2"	"13"
"16:20:00"	"2023-06-15"	"Nottingham"	"Bayraat"	"4.00"	"5.9"	"Handicap"	"1"	"8"	"Garritty, Billy"	"Tate, T P"	"6f "	"6"	"9"	"2"	"8"
"16:20:00"	"2023-06-15"	"Nottingham"	"Dolly Gray"	"2.00"	"3.01"	"Handicap"	"2"	"8"	"Cherchi, Stefano"	"Loughnane, David"	"6f "	"6"	"8"	"1"	"5"
"16:00:00"	"2023-06-15"	"Newbury"	"Mister Bluebird"	"3.50"	"5.38"	"Handicap"	"6"	"10"	"Planas, Connor"	"Main, Mrs H S"	"7f "	"3"	"4"	"1"	"9"
"16:00:00"	"2023-06-15"	"Newbury"	"Sergeant Tibbs"	"12.00"	"17"	"Handicap"	"10"	"10"	"Rooke, George"	"Flint, J L"	"7f "	"3"	"8"	"4"	"7"
"20:25:00"	"2023-06-14"	"Hamilton"	"Newyorkstateofmind"	"2.50"	"4.3"	"Handicap"	"1"	"5"	"Sullivan, James P"	"Carr, Mrs R A"	"5f "	"5"	"9"	"2"	"13"
"20:25:00"	"2023-06-14"	"Hamilton"	"Bonito Cavalo"	"2.50"	"3.75"	"Handicap"	"3"	"5"	"Waugh, Amie"	"Goldie, J S"	"5f "	"5"	"1"	"2"	"6"
"19:50:00"	"2023-06-14"	"Hamilton"	"Aberama Gold"	"4.50"	"5.4"	"Handicap"	"1"	"7"	"Rawlinson, Ali"	"Dalgleish, Keith"	"6f "	"4"	"9"	"1"	"8"
"19:50:00"	"2023-06-14"	"Hamilton"	"Elladora"	"4.00"	"5.74"	"Handicap"	"4"	"7"	"Hardie, Cameron"	"Scott, Miss Katie"	"6f "	"4"	"6"	"2"	"6"
"19:50:00"	"2023-06-14"	"Hamilton"	"Pearle Dor (IRE)"	"5.00"	"7"	"Handicap"	"6"	"7"	"Watson, Jason"	"OMeara, D"	"6f "	"4"	"6"	"2"	"8"
"17:50:00"	"2023-06-14"	"Hamilton"	"Hurt You Never (IRE)"	"2.75"	"3.98"	"Handicap"	"1"	"13"	"Nicholls, Mr Jack"	"Nicholls, Adrian"	"6f "	"6"	"8"	"1"	"7"
"17:50:00"	"2023-06-14"	"Hamilton"	"Jackmeister Rudi"	"20.00"	"33.18"	"Handicap"	"10"	"13"	"Stenhouse, Mr Jack"	"Scott, Miss Katie"	"6f "	"6"	"9"	"6"	"13"
"17:00:00"	"2023-06-14"	"Yarmouth"	"Admirable Lad"	"14.00"	"22.53"	"Handicap"	"9"	"9"	"Haynes, Joey"	"Banham, Chelsea"	"6f "	"6"	"9"	"12"	"13"
"13:50:00"	"2023-06-14"	"Yarmouth"	"Dion Baker (IRE)"	"5.00"	"6.95"	"Handicap"	"2"	"6"	"Sayette, B D L"	"Wigham, M"	"1m "	"6"	"6"	"2"	"7"
"13:50:00"	"2023-06-14"	"Yarmouth"	"Swing To The Stars (IRE)"	"9.00"	"11.81"	"Handicap"	"3"	"6"	"Sanderson, Benjamin"	"Williams, Ian"	"1m "	"6"	"10"	"2"	"7"
"20:10:00"	"2023-06-13"	"Ayr"	"Mereside Angel (IRE)"	"1.88"	"2.99"	"Handicap"	"1"	"6"	"Rodriguez, Callum"	"Barron, T D"	"5f "	"6"	"6"	"3"	"6"
"20:10:00"	"2023-06-13"	"Ayr"	"Bonito Cavalo"	"9.00"	"12"	"Handicap"	"2"	"6"	"Hardie, Cameron"	"Goldie, J S"	"5f "	"6"	"10"	"3"	"6"
"20:10:00"	"2023-06-13"	"Ayr"	"Primos Comet"	"5.00"	"7.4"	"Handicap"	"4"	"6"	"Mulrennan, Paul"	"Goldie, J S"	"5f "	"6"	"8"	"5"	"5"
"20:10:00"	"2023-06-13"	"Ayr"	"Sixcor"	"8.50"	"11.85"	"Handicap"	"5"	"6"	"Russell, Harry"	"Perratt, Miss L A"	"5f "	"6"	"8"	"3"	"5"
"20:10:00"	"2023-06-13"	"Ayr"	"High Security"	"3.50"	"4.9"	"Handicap"	"6"	"6"	"Jary, Alex"	"Tinkler, N"	"5f "	"6"	"9"	"3"	"9"
"16:10:00"	"2023-06-13"	"Salisbury"	"Lordsbridge Girl"	"1.50"	"2.65"	"Handicap"	"3"	"6"	"Ghiani, Marco"	"Knight, W J"	"1m "	"5"	"5"	"3"	"7"
"17:08:00"	"2023-06-12"	"Windsor"	"Therehegoes"	"9.00"	"12.63"	"Handicap"	"1"	"6"	"Sanderson, Benjamin"	"Brisland, Robyn"	"5f "	"5"	"10"	"5"	"9"
"17:08:00"	"2023-06-12"	"Windsor"	"Level Up (IRE)"	"11.00"	"16.02"	"Handicap"	"2"	"6"	"Jamin, Pierre-Louis"	"Evans, P D"	"5f "	"5"	"10"	"7"	"8"
"17:08:00"	"2023-06-12"	"Windsor"	"Sparked"	"8.50"	"10.73"	"Handicap"	"4"	"6"	"Catton, Luke"	"Boyle, J R"	"5f "	"5"	"6"	"6"	"6"
"16:55:00"	"2023-06-11"	"Goodwood"	"Count Otto (IRE)"	"7.00"	"8.26"	"Handicap"	"4"	"6"	"Crowley, Jim"	"Perrett, Mrs A J"	"6f "	"4"	"8"	"9"	"14"
"16:55:00"	"2023-06-11"	"Goodwood"	"Indian Creak (IRE)"	"2.50"	"3.51"	"Handicap"	"6"	"6"	"Marquand, Tom"	"Channon, Jack"	"6f "	"4"	"8"	"11"	"14"
"15:45:00"	"2023-06-11"	"Beverley"	"Shalaa Asker"	"10.00"	"17.09"	"Handicap"	"2"	"17"	"Sayette, B D L"	"Keatley, Adrian Paul"	"5f "	"4"	"6"	"3"	"9"
"15:45:00"	"2023-06-11"	"Beverley"	"Le Beau Garcon"	"7.00"	"9.63"	"Handicap"	"3"	"17"	"Farragher, Adam J"	"Easterby, M W"	"5f "	"4"	"9"	"3"	"7"
"15:45:00"	"2023-06-11"	"Beverley"	"May Blossom"	"7.50"	"9.52"	"Handicap"	"7"	"17"	"Winn, Mark"	"OMeara, D"	"5f "	"4"	"9"	"2"	"8"
"15:10:00"	"2023-06-11"	"Navan"	"Sin E Shekells"	"16.00"	"25"	"Handicap"	"15"	"19"	"Crosse, Nathan"	"Murray, J G"	"5f "	"0"	"10"	"4"	"18"
"15:10:00"	"2023-06-11"	"Navan"	"Maggie Thunder (IRE)"	"11.00"	"13.66"	"Handicap"	"19"	"19"	"Hayes, C D"	"Hassett, G"	"5f "	"0"	"8"	"8"	"14"
"19:30:00"	"2023-06-10"	"Chepstow"	"Savalas (IRE)"	"10.00"	"15.35"	"Handicap"	"1"	"10"	"Marsh, Finley"	"Wintle, A"	"6f "	"6"	"1"	"5"	"7"
"19:30:00"	"2023-06-10"	"Chepstow"	"Connies Rose"	"4.00"	"5.3"	"Handicap"	"5"	"10"	"Hutchinson, Callum"	"Harris, Miss G"	"6f "	"6"	"8"	"2"	"8"
"17:50:00"	"2023-06-10"	"Chepstow"	"Jacquelina (IRE)"	"2.75"	"3.89"	"Handicap"	"2"	"7"	"Gordon, Josephine"	"McEntee, P S"	"5f "	"6"	"8"	"1"	"9"
"17:50:00"	"2023-06-10"	"Chepstow"	"Rhubarb"	"2.50"	"4.01"	"Handicap"	"3"	"7"	"Probert, David"	"Price, R J"	"5f "	"6"	"8"	"2"	"9"
"17:50:00"	"2023-06-10"	"Chepstow"	"Desert (IRE)"	"5.00"	"6.46"	"Handicap"	"7"	"7"	"Carson, William"	"Saunders, M S"	"5f "	"6"	"8"	"3"	"8"
"16:30:00"	"2023-06-10"	"Catterick"	"Live In The Moment (IRE)"	"0.91"	"2"	"Handicap"	"2"	"8"	"ONeill, K T"	"Haynes, Alice"	"5f "	"4"	"7"	"17"	"20"
"13:50:00"	"2023-06-10"	"Haydock"	"Mr Wagyu (IRE)"	"2.25"	"4.05"	"Handicap"	"9"	"12"	"Hart, Jason"	"Quinn, J J"	"6f "	"3"	"7"	"3"	"14"
"19:55:00"	"2023-06-09"	"Haydock"	"Abate"	"1.00"	"2.12"	"Handicap"	"1"	"7"	"Nicholls, Mia"	"Nicholls, Adrian"	"6f "	"5"	"9"	"1"	"7"
"19:55:00"	"2023-06-09"	"Haydock"	"Batchelor Boy (IRE)"	"20.00"	"25"	"Handicap"	"6"	"7"	"McDonald, P J"	"Gallagher, J"	"6f "	"5"	"10"	"4"	"7"
"19:20:00"	"2023-06-09"	"Haydock"	"Cuban Breeze"	"2.50"	"3.45"	"Handicap"	"2"	"6"	"Stott, Kevin"	"Evans, P D"	"6f "	"4"	"4"	"2"	"8"
"18:25:00"	"2023-06-09"	"Goodwood"	"Airshow"	"3.00"	"4.2"	"Handicap"	"1"	"7"	"Searle, Oliver"	"Millman, B R"	"6f "	"5"	"2"	"2"	"12"
"18:25:00"	"2023-06-09"	"Goodwood"	"The Princes Poet"	"2.50"	"3.72"	"Handicap"	"4"	"7"	"Dobie, Georgia"	"Houghton, Eve Johnson"	"6f "	"5"	"10"	"1"	"6"
"18:25:00"	"2023-06-09"	"Goodwood"	"Q Twenty Boy (IRE)"	"10.00"	"13.54"	"Handicap"	"5"	"7"	"Tubb, Olivia"	"Usher, M D I"	"6f "	"5"	"7"	"6"	"9"
"16:40:00"	"2023-06-09"	"Thirsk"	"Stalingrad"	"3.50"	"6.2"	"Handicap"	"4"	"15"	"James, S H"	"Tuer, Grant"	"6f "	"6"	"7"	"2"	"7"
"16:40:00"	"2023-06-09"	"Thirsk"	"Ginato (IRE)"	"22.00"	"34"	"Handicap"	"11"	"15"	"Peate, Jonny"	"Fell, R / Murray, S"	"6f "	"6"	"8"	"6"	"11"
"15:40:00"	"2023-06-09"	"Thirsk"	"Canaria Prince"	"7.50"	"12.82"	"Handicap"	"3"	"9"	"Allan, David"	"Easterby, T D"	"5f "	"6"	"6"	"6"	"6"
"15:40:00"	"2023-06-09"	"Thirsk"	"Imperial Khan (IRE)"	"8.00"	"11"	"Handicap"	"7"	"9"	"Muir, Paula"	"Midgley, P T"	"5f "	"6"	"9"	"1"	"11"
"13:40:00"	"2023-06-09"	"Thirsk"	"Emeralds Pride"	"2.25"	"3.6"	"Handicap"	"2"	"8"	"Beasley, Connor"	"Dods, M"	"5f "	"5"	"9"	"2"	"11"
"13:40:00"	"2023-06-09"	"Thirsk"	"Lady Lade"	"5.00"	"8.49"	"Handicap"	"5"	"8"	"Orr, Oisin"	"Dalgleish, Keith"	"5f "	"5"	"7"	"3"	"8"
"20:40:00"	"2023-06-08"	"Yarmouth"	"Dion Baker (IRE)"	"10.00"	"13.78"	"Handicap"	"2"	"7"	"Egan, John"	"Wigham, M"	"7f "	"5"	"7"	"5"	"8"
"16:45:00"	"2023-06-08"	"Hamilton"	"Yaaser (IRE)"	"3.00"	"4.71"	"Handicap"	"3"	"6"	"Mulrennan, Paul"	"Goldie, J S"	"6f "	"5"	"8"	"4"	"6"
"14:30:00"	"2023-06-08"	"Hamilton"	"Genevieve"	"150.00"	"514.13"	"Novices"	"5"	"5"	"Mulrennan, Paul"	"Goldie, J S"	"6f "	"5"	"3"	"6"	"7"
"20:45:00"	"2023-06-07"	"Ripon"	"Caribbean Sunset (IRE)"	"8.00"	"9.89"	"Handicap"	"4"	"6"	"James, S H"	"Tuer, Grant"	"5f "	"5"	"4"	"5"	"12"
"15:45:00"	"2023-06-07"	"Newbury"	"Vape"	"5.00"	"6.32"	"Handicap"	"2"	"7"	"Carson, William"	"Flint, J L"	"6f "	"5"	"9"	"10"	"11"
"15:25:00"	"2023-06-07"	"Nottingham"	"Rainbow Mirage"	"5.00"	"6.79"	"Handicap"	"4"	"5"	"Lee, Clifford"	"Lycett, Shaun"	"6f "	"5"	"9"	"6"	"11"
"14:00:00"	"2023-06-06"	"Leicester"	"Hurt You Never (IRE)"	"0.73"	"1.75"	"Handicap"	"1"	"7"	"Nicholls, Mia"	"Nicholls, Adrian"	"6f "	"6"	"7"	"1"	"9"
"16:15:00"	"2023-06-05"	"Ayr"	"One Last Hug"	"5.00"	"7.1"	"Handicap"	"2"	"5"	"Fanning, Joe"	"Goldie, J S"	"5f "	"6"	"6"	"6"	"9"
"16:00:00"	"2023-06-05"	"Thirsk"	"Late Arrival (IRE)"	"5.50"	"8.52"	"Handicap"	"12"	"13"	"Fallon, Cieren"	"Easterby, M W"	"6f "	"5"	"10"	"4"	"6"
"17:15:00"	"2023-06-04"	"Nottingham"	"High Security"	"4.50"	"6.4"	"Handicap"	"3"	"9"	"Jary, Alex"	"Tinkler, N"	"5f "	"6"	"4"	"9"	"11"
"17:15:00"	"2023-06-04"	"Nottingham"	"Han Solo Berger (IRE)"	"4.00"	"6.4"	"Handicap"	"4"	"9"	"Muscutt, D"	"Cowell, R M H"	"5f "	"6"	"10"	"2"	"7"
"17:15:00"	"2023-06-04"	"Nottingham"	"Snow Berry (IRE)"	"4.50"	"6.49"	"Handicap"	"6"	"9"	"Murphy, Oisin"	"Appleby, M"	"5f "	"6"	"4"	"7"	"11"
"20:45:00"	"2023-06-03"	"Lingfield"	"Porfin (IRE)"	"16.00"	"25.27"	"Handicap"	"3"	"5"	"Presland, Molly"	"McEntee, P S"	"6f "	"5"	"9"	"11"	"11"
"20:45:00"	"2023-06-03"	"Lingfield"	"Speedacus (IRE)"	"3.50"	"5.94"	"Handicap"	"5"	"5"	"Hogan, C M"	"OMeara, D"	"6f "	"5"	"1"	"1"	"8"
"20:10:00"	"2023-06-03"	"Lingfield"	"Pull The Lever (IRE)"	"22.00"	"28.71"	"Handicap"	"12"	"13"	"Bryan, Joshua"	"Davis, D J S Ffrench"	"7f "	"6"	"10"	"8"	"8"
"19:45:00"	"2023-06-02"	"Doncaster"	"Ventura Express"	"3.00"	"4.6"	"Handicap"	"2"	"8"	"Nolan, D"	"Midgley, P T"	"6f "	"4"	"7"	"1"	"6"
"17:55:00"	"2023-06-02"	"Catterick"	"Street Life"	"8.00"	"12.5"	"Handicap"	"1"	"6"	"Todd, C J"	"Morris, Patrick"	"5f "	"6"	"8"	"4"	"7"
"17:55:00"	"2023-06-02"	"Catterick"	"Golden Prosperity (IRE)"	"7.00"	"9.1"	"Handicap"	"3"	"6"	"Schofield, Kieran"	"Coyle, Tony"	"5f "	"6"	"2"	"4"	"11"
"17:55:00"	"2023-06-02"	"Catterick"	"Golden Gal (IRE)"	"1.25"	"2.45"	"Handicap"	"4"	"6"	"Russell, Harry"	"Pears, Ollie"	"5f "	"6"	"8"	"2"	"8"
"15:00:00"	"2023-06-02"	"Chepstow"	"Some Nightmare (IRE)"	"2.75"	"4.3"	"Handicap"	"4"	"8"	"Planas, Connor"	"Oshea, J G M"	"5f "	"5"	"7"	"2"	"6"
"14:25:00"	"2023-06-02"	"Chepstow"	"Jacquelina (IRE)"	"5.50"	"7.88"	"Handicap"	"1"	"9"	"Gordon, Josephine"	"McEntee, P S"	"5f "	"6"	"7"	"2"	"11"
"14:25:00"	"2023-06-02"	"Chepstow"	"Ellie Piper"	"10.00"	"14.5"	"Handicap"	"8"	"9"	"Shoemark, Kieran"	"Brisland, Robyn"	"5f "	"6"	"3"	"5"	"7"
"17:22:00"	"2023-06-01"	"Ripon"	"Giselles Izzy (IRE)"	"3.33"	"5.29"	"Handicap"	"2"	"11"	"Mullen, Andrew"	"Jardine, I"	"6f "	"6"	"8"	"2"	"8"
"17:22:00"	"2023-06-01"	"Ripon"	"Brides Bay (IRE)"	"20.00"	"30"	"Handicap"	"11"	"11"	"Hart, Jason"	"England, Sam"	"6f "	"6"	"7"	"10"	"13"
"17:00:00"	"2023-06-01"	"Yarmouth"	"Pistoletto (USA)"	"6.50"	"8.79"	"Handicap"	"6"	"8"	"Kirby, Adam"	"Ryan, J"	"7f "	"5"	"7"	"4"	"6"
"17:00:00"	"2023-06-01"	"Yarmouth"	"Harbour Vision"	"3.50"	"4.6"	"Handicap"	"8"	"8"	"Whittington, Elisha"	"Dixon, Scott"	"7f "	"5"	"8"	"2"	"9"
"14:00:00"	"2023-06-01"	"Yarmouth"	"Mudlahhim (IRE)"	"5.00"	"7.6"	"Handicap"	"4"	"10"	"ONeill, K T"	"Dixon, Scott"	"1m "	"6"	"9"	"3"	"8"
"14:00:00"	"2023-06-01"	"Yarmouth"	"No Diggity (IRE)"	"12.00"	"17.5"	"Handicap"	"5"	"10"	"Egan, David"	"Butler, John"	"1m "	"6"	"9"	"5"	"8"
"14:00:00"	"2023-06-01"	"Yarmouth"	"Arlos Sunshine"	"3.00"	"4.01"	"Handicap"	"7"	"10"	"Spencer, Jamie"	"Charalambous, P"	"1m "	"6"	"8"	"3"	"8"
"15:20:00"	"2023-05-31"	"Hamilton"	"Lord Abama (IRE)"	"2.25"	"3.78"	"Handicap"	"2"	"6"	"Beasley, Connor"	"Dods, M"	"6f "	"4"	"9"	"2"	"7"
"15:20:00"	"2023-05-31"	"Hamilton"	"Yaaser (IRE)"	"2.75"	"4.34"	"Handicap"	"4"	"6"	"Mulrennan, Paul"	"Goldie, J S"	"6f "	"4"	"7"	"3"	"9"
"14:20:00"	"2023-05-31"	"Hamilton"	"Ramon Di Loria (IRE)"	"3.33"	"4.8"	"Handicap"	"4"	"7"	"Russell, Harry"	"Whillans, Ewan"	"5f "	"5"	"9"	"1"	"9"
"14:20:00"	"2023-05-31"	"Hamilton"	"Be Proud (IRE)"	"10.00"	"12.5"	"Handicap"	"7"	"7"	"Waugh, Amie"	"Goldie, J S"	"5f "	"5"	"7"	"3"	"8"
"20:45:00"	"2023-05-30"	"Lingfield"	"Mr Fayez (IRE)"	"6.50"	"8.2"	"Handicap"	"2"	"8"	"ONeill, K T"	"Cunha, Dylan"	"6f "	"6"	"7"	"6"	"9"
"19:40:00"	"2023-05-30"	"Lingfield"	"Revolutionary Man (IRE)"	"2.50"	"3.52"	"Handicap"	"2"	"7"	"Planas, Connor"	"Brisland, Robyn"	"7f "	"5"	"6"	"2"	"8"
"19:40:00"	"2023-05-30"	"Lingfield"	"Triggered (IRE)"	"3.50"	"5.12"	"Handicap"	"3"	"7"	"Loughnane, Mr Billy"	"Loughnane, Daniel Mark"	"7f "	"5"	"5"	"1"	"8"
"17:25:00"	"2023-05-30"	"Redcar"	"Hurt You Never (IRE)"	"5.00"	"7.4"	"Handicap"	"1"	"9"	"Nicholls, Mr Jack"	"Nicholls, Adrian"	"6f "	"6"	"10"	"3"	"20"
"17:25:00"	"2023-05-30"	"Redcar"	"Spartan Fighter"	"3.33"	"4.76"	"Handicap"	"2"	"9"	"Skelton, Mr Kevin"	"Brittain, Antony"	"6f "	"6"	"5"	"5"	"8"
"17:25:00"	"2023-05-30"	"Redcar"	"Foreseeable Future (FR)"	"2.50"	"3.86"	"Handicap"	"4"	"9"	"Keighley, Miss A M"	"Carr, Mrs R A"	"6f "	"6"	"9"	"1"	"9"
"17:25:00"	"2023-05-30"	"Redcar"	"One Last Hug"	"7.50"	"8.82"	"Handicap"	"6"	"9"	"Harper, Miss Lucy"	"Goldie, J S"	"6f "	"6"	"7"	"1"	"7"
"13:45:00"	"2023-05-29"	"Redcar"	"Danzart (IRE)"	"5.00"	"7"	"Handicap"	"1"	"15"	"James, S H"	"Barclay, Stella"	"7f "	"6"	"9"	"1"	"20"
"13:30:00"	"2023-05-29"	"Windsor"	"As If By Chance"	"4.50"	"6.51"	"Handicap"	"1"	"11"	"Marquand, Tom"	"Tinkler, N"	"6f "	"4"	"9"	"3"	"16"
"13:30:00"	"2023-05-29"	"Windsor"	"Regal Envoy (IRE)"	"12.00"	"16.33"	"Handicap"	"11"	"11"	"Muscutt, D"	"Knight, W J"	"6f "	"4"	"10"	"4"	"10"
"16:45:00"	"2023-05-26"	"Goodwood"	"Watchya"	"4.00"	"6.2"	"Handicap"	"5"	"6"	"Marquand, Tom"	"Baker, George"	"5f "	"3"	"4"	"4"	"9"
"16:00:00"	"2023-05-25"	"Haydock"	"Street Life"	"11.00"	"17.05"	"Handicap"	"4"	"7"	"Cole, Morgan"	"Morris, Patrick"	"5f "	"4"	"2"	"2"	"8"
"14:40:00"	"2023-05-25"	"Catterick"	"Astapor"	"2.50"	"4.1"	"Handicap"	"1"	"8"	"Kirrane, Sean"	"Riches, John"	"5f "	"6"	"10"	"4"	"13"
"14:40:00"	"2023-05-25"	"Catterick"	"Golden Gal (IRE)"	"3.33"	"4.76"	"Handicap"	"2"	"8"	"Russell, Harry"	"Pears, Ollie"	"5f "	"6"	"10"	"3"	"13"
"14:40:00"	"2023-05-25"	"Catterick"	"Aconcagua Mountain (IRE)"	"3.50"	"5.38"	"Handicap"	"8"	"8"	"Mullen, Andrew"	"Jardine, I"	"5f "	"6"	"6"	"5"	"8"
"16:30:00"	"2023-05-24"	"Ayr"	"Shabaaby"	"11.00"	"13.59"	"Handicap"	"7"	"8"	"Hardie, Cameron"	"Whillans, Ewan"	"5f "	"5"	"9"	"9"	"10"
"14:55:00"	"2023-05-24"	"Ayr"	"Global Humor (USA)"	"5.50"	"8.01"	"Handicap"	"1"	"8"	"Mulrennan, Paul"	"Goldie, J S"	"6f "	"6"	"5"	"7"	"8"
"14:55:00"	"2023-05-24"	"Ayr"	"Burtonlodge Beauty (IRE)"	"80.00"	"190"	"Handicap"	"8"	"8"	"Allan, David"	"Perratt, Miss L A"	"6f "	"6"	"5"	"8"	"8"
"19:30:00"	"2023-05-23"	"Ayr"	"Bonito Cavalo"	"1.88"	"3.28"	"Handicap"	"3"	"7"	"Mulrennan, Paul"	"Goldie, J S"	"5f "	"6"	"4"	"5"	"11"
"19:00:00"	"2023-05-23"	"Ayr"	"Soldiers Minute"	"4.50"	"6.89"	"Handicap"	"5"	"8"	"Fanning, Joe"	"Dalgleish, Keith"	"6f "	"3"	"6"	"13"	"21"
"17:00:00"	"2023-05-22"	"Windsor"	"Faustus"	"4.50"	"5.97"	"Handicap"	"7"	"7"	"Buick, William"	"Cowell, R M H"	"5f "	"4"	"7"	"2"	"7"
"14:35:00"	"2023-05-22"	"Carlisle"	"Ramon Di Loria (IRE)"	"8.00"	"11.02"	"Handicap"	"1"	"9"	"Sexton, Ryan"	"Whillans, Ewan"	"5f "	"4"	"8"	"11"	"11"
"14:35:00"	"2023-05-22"	"Carlisle"	"Huddle Up (IRE)"	"5.00"	"7.22"	"Handicap"	"3"	"9"	"Sanna, G"	"Barron, T D"	"5f "	"4"	"8"	"5"	"11"
"14:35:00"	"2023-05-22"	"Carlisle"	"The Thin Blue Line (IRE)"	"5.00"	"7.4"	"Handicap"	"5"	"9"	"Fanning, Joe"	"Dalgleish, Keith"	"5f "	"4"	"8"	"2"	"11"
"14:35:00"	"2023-05-22"	"Carlisle"	"Mews House"	"12.00"	"16.13"	"Handicap"	"9"	"9"	"Schofield, Kieran"	"Menzies, Rebecca"	"5f "	"4"	"3"	"1"	"8"
"19:50:00"	"2023-05-20"	"Doncaster"	"May Blossom"	"40.00"	"100"	"Handicap"	"10"	"16"	"Oliver, Richard"	"OMeara, D"	"6f "	"4"	"8"	"5"	"8"
"19:50:00"	"2023-05-20"	"Doncaster"	"Roundhay Park"	"16.00"	"20"	"Handicap"	"13"	"16"	"McManoman, Faye"	"Tinkler, N"	"6f "	"4"	"10"	"7"	"14"
"17:18:00"	"2023-05-20"	"Newbury"	"Sir Thomas Gresham (IRE)"	"5.00"	"7"	"Handicap"	"2"	"18"	"Hitchcott, Sam"	"Durack, S"	"6f "	"3"	"8"	"2"	"8"
"17:18:00"	"2023-05-20"	"Newbury"	"Sergeant Tibbs"	"6.00"	"7.8"	"Handicap"	"9"	"18"	"Rooke, George"	"Flint, J L"	"6f "	"3"	"7"	"2"	"9"
"16:52:00"	"2023-05-20"	"Thirsk"	"Danzart (IRE)"	"16.00"	"29.69"	"Handicap"	"1"	"20"	"James, S H"	"Barclay, Stella"	"6f "	"6"	"7"	"5"	"7"
"16:52:00"	"2023-05-20"	"Thirsk"	"Autumn Flight (IRE)"	"10.00"	"16.89"	"Handicap"	"15"	"20"	"Mathers, Patrick"	"McInnes, I W"	"6f "	"6"	"7"	"2"	"7"
"16:52:00"	"2023-05-20"	"Thirsk"	"Two Summers (IRE)"	"2.50"	"3.78"	"Handicap"	"19"	"20"	"Mulrennan, Paul"	"Keatley, Adrian Paul"	"6f "	"6"	"5"	"3"	"9"
"15:42:00"	"2023-05-20"	"Thirsk"	"Music Society (IRE)"	"11.00"	"15.71"	"Handicap"	"2"	"11"	"Allan, David"	"Easterby, T D"	"6f "	"3"	"9"	"2"	"7"
"14:32:00"	"2023-05-20"	"Thirsk"	"Count Dorsay (IRE)"	"12.00"	"19.56"	"Handicap"	"4"	"11"	"Hanagan, Paul"	"Easterby, T D"	"5f "	"4"	"8"	"7"	"8"
"20:26:00"	"2023-05-19"	"Hamilton"	"Elladora"	"3.50"	"5.08"	"Handicap"	"1"	"11"	"Dennis, Phil"	"Scott, Miss Katie"	"6f "	"6"	"8"	"6"	"14"
"19:25:00"	"2023-05-19"	"Hamilton"	"Rory"	"7.50"	"9.74"	"Handicap"	"6"	"6"	"Hardie, Cameron"	"Goldie, J S"	"6f "	"4"	"3"	"5"	"9"
"18:15:00"	"2023-05-19"	"Hamilton"	"Mews House"	"1.63"	"2.74"	"Handicap"	"1"	"8"	"Mathers, Patrick"	"Menzies, Rebecca"	"5f "	"6"	"4"	"2"	"10"
"18:15:00"	"2023-05-19"	"Hamilton"	"Spanish Angel (IRE)"	"3.00"	"4.3"	"Handicap"	"3"	"8"	"Sullivan, James P"	"Carr, Mrs R A"	"5f "	"6"	"8"	"2"	"6"
"18:15:00"	"2023-05-19"	"Hamilton"	"Red Allure"	"6.00"	"9.67"	"Handicap"	"4"	"8"	"Rodriguez, Callum"	"Williamson, Mrs L"	"5f "	"6"	"3"	"6"	"13"
"13:40:00"	"2023-05-19"	"Newmarket (Rowley)"	"Company Minx (IRE)"	"20.00"	"22.97"	"Handicap"	"5"	"10"	"Mackay, Jay"	"Jenkins, J R"	"6f "	"5"	"9"	"6"	"6"
"13:30:00"	"2023-05-19"	"Newbury"	"Runner Bean"	"100.00"	"190"	"Handicap"	"6"	"12"	"Jary, Alex"	"De Giles, Ed"	"1m "	"5"	"9"	"7"	"7"
"13:30:00"	"2023-05-19"	"Newbury"	"Flag Of Truth (FR)"	"6.50"	"8.2"	"Handicap"	"9"	"12"	"Fraser, Kaiya"	"Watson, Archie"	"1m "	"5"	"10"	"2"	"6"
"13:30:00"	"2023-05-18"	"Salisbury"	"My Genghis"	"2.25"	"3.65"	"Handicap"	"3"	"7"	"Gunn, Molly"	"Carroll, A W"	"6f "	"6"	"10"	"2"	"7"
"13:30:00"	"2023-05-18"	"Salisbury"	"Forever Dreaming (IRE)"	"7.50"	"10.5"	"Handicap"	"5"	"7"	"Searle, Oliver"	"Millman, B R"	"6f "	"6"	"7"	"13"	"13"
"13:30:00"	"2023-05-18"	"Salisbury"	"Arlecchinos Gift"	"7.00"	"8.69"	"Handicap"	"6"	"7"	"Tubb, Olivia"	"Usher, M D I"	"6f "	"6"	"6"	"6"	"8"
"18:50:00"	"2023-05-17"	"Cork"	"Whatharm (IRE)"	"33.00"	"56.5"	"Handicap"	"13"	"25"	"Hoban, Connor"	"Flynn, Patrick J"	"7f "	"0"	"7"	"13"	"14"
"15:35:00"	"2023-05-16"	"Beverley"	"Gustav Graves"	"3.33"	"4.5"	"Handicap"	"2"	"8"	"Mason, Joanna"	"Shaw, D"	"5f "	"5"	"9"	"2"	"6"
"15:15:00"	"2023-05-16"	"Chepstow"	"Rich Rhythm"	"9.00"	"14.5"	"Handicap"	"5"	"11"	"Pearson, Laura"	"Beckett, R M"	"6f "	"5"	"8"	"4"	"7"
"15:00:00"	"2023-05-15"	"Musselburgh"	"Primos Comet"	"5.50"	"6.6"	"Handicap"	"3"	"9"	"Hardie, Cameron"	"Goldie, J S"	"5f "	"4"	"10"	"2"	"5"
"15:00:00"	"2023-05-15"	"Musselburgh"	"Havagomecca"	"4.00"	"5.32"	"Handicap"	"4"	"9"	"Beasley, Connor"	"Dods, M"	"5f "	"4"	"10"	"1"	"5"
"15:00:00"	"2023-05-15"	"Musselburgh"	"Sound Of Iona"	"9.00"	"11.5"	"Handicap"	"5"	"9"	"Mulrennan, Paul"	"Goldie, J S"	"5f "	"4"	"9"	"21"	"21"
"15:00:00"	"2023-05-15"	"Musselburgh"	"Lady Lade"	"14.00"	"25"	"Handicap"	"6"	"9"	"Garritty, Billy"	"Dalgleish, Keith"	"5f "	"4"	"10"	"5"	"5"
"15:00:00"	"2023-05-15"	"Musselburgh"	"Riversway"	"4.00"	"5.3"	"Handicap"	"8"	"9"	"McHugh, B"	"Camacho, Miss J A"	"5f "	"4"	"10"	"3"	"5"
"14:50:00"	"2023-05-15"	"Catterick"	"Imperial Khan (IRE)"	"16.00"	"23.03"	"Handicap"	"5"	"13"	"Coughlan, Laura"	"Midgley, P T"	"5f "	"6"	"7"	"5"	"8"
"14:50:00"	"2023-05-15"	"Catterick"	"Latin Five (IRE)"	"9.00"	"13.5"	"Handicap"	"6"	"13"	"Nolan, D"	"Midgley, P T"	"5f "	"6"	"10"	"5"	"7"
"17:45:00"	"2023-05-14"	"Hamilton"	"Jordan Electrics"	"10.00"	"12.5"	"Handicap"	"1"	"11"	"Hardie, Cameron"	"Goldie, J S"	"5f "	"3"	"10"	"1"	"7"
"17:45:00"	"2023-05-14"	"Hamilton"	"Rock Melody (IRE)"	"12.00"	"16"	"Handicap"	"6"	"11"	"Mason, Joanna"	"Goldie, J S"	"5f "	"3"	"6"	"5"	"5"
"17:45:00"	"2023-05-14"	"Hamilton"	"Object"	"14.00"	"19.58"	"Handicap"	"9"	"11"	"Allan, David"	"Easterby, T D"	"5f "	"3"	"8"	"3"	"10"
"19:40:00"	"2023-05-13"	"Leicester"	"Broken Spear"	"1.00"	"2.07"	"Handicap"	"1"	"8"	"Dawson, R"	"Coyle, Tony"	"6f "	"4"	"3"	"4"	"14"
"19:40:00"	"2023-05-13"	"Leicester"	"Parisiac (IRE)"	"7.00"	"11.5"	"Handicap"	"4"	"8"	"Keenan, Darragh"	"Haynes, Alice"	"6f "	"4"	"9"	"4"	"12"
"16:55:00"	"2023-05-13"	"Ascot"	"Sergeant Tibbs"	"6.50"	"10"	"Handicap"	"2"	"9"	"Shepherd, Callum"	"Flint, J L"	"6f "	"4"	"8"	"5"	"7"
"16:55:00"	"2023-05-13"	"Ascot"	"Cooperation (IRE)"	"4.00"	"5.23"	"Handicap"	"4"	"9"	"Atzeni, Andrea"	"Murphy, Mike"	"6f "	"4"	"7"	"1"	"13"
"15:40:00"	"2023-05-13"	"Nottingham"	"Recon Mission (IRE)"	"10.00"	"15.66"	"Handicap"	"5"	"9"	"Morris, Luke"	"Carroll, A W"	"5f "	"4"	"9"	"2"	"7"
"15:40:00"	"2023-05-13"	"Nottingham"	"Fantasy Master"	"2.00"	"3.16"	"Handicap"	"6"	"9"	"Doyle, Hollie"	"Holland, Darryll"	"5f "	"4"	"10"	"2"	"11"
"15:30:00"	"2023-05-13"	"Navan"	"Screen Siren (IRE)"	"11.00"	"14"	"Handicap"	"3"	"16"	"Hayes, C D"	"Lynam, S"	"5f "	"0"	"7"	"7"	"19"
"15:30:00"	"2023-05-13"	"Navan"	"Senor Carrots (IRE)"	"40.00"	"98.65"	"Handicap"	"10"	"16"	"McMonagle, Dylan B"	"Oliver, Andrew"	"5f "	"0"	"7"	"17"	"19"
"14:20:00"	"2023-05-13"	"Navan"	"Purring Along (IRE)"	"12.00"	"18.66"	"Handicap"	"13"	"23"	"McAteer, L T"	"Duffy, S M"	"5.5f "	"0"	"8"	"1"	"11"
"18:30:00"	"2023-05-12"	"Ripon"	"Reigning Profit (IRE)"	"1.63"	"2.89"	"Handicap"	"1"	"6"	"Sullivan, James P"	"Carr, Mrs R A"	"5f "	"5"	"7"	"5"	"6"
"16:10:00"	"2023-05-12"	"Ascot"	"Chairmanoftheboard (IRE)"	"3.33"	"4.6"	"Handicap"	"7"	"8"	"Bishop, Charles"	"Channon, Jack"	"6f "	"3"	"6"	"2"	"21"
"19:40:00"	"2023-05-11"	"Thirsk"	"Indian Creak (IRE)"	"1.25"	"2.48"	"Handicap"	"3"	"7"	"Beasley, Connor"	"Channon, Jack"	"6f "	"3"	"10"	"1"	"6"
"19:15:00"	"2023-05-08"	"Windsor"	"My Genghis"	"10.00"	"14.6"	"Handicap"	"2"	"7"	"Phillips, Mollie"	"Carroll, A W"	"5f "	"5"	"7"	"3"	"15"
"16:05:00"	"2023-05-08"	"Ayr"	"Little Muddy"	"2.50"	"3.9"	"Handicap"	"1"	"5"	"Swift, Mr Dale"	"Spencer, Seb"	"6f "	"5"	"9"	"2"	"12"
"16:05:00"	"2023-05-08"	"Ayr"	"Black Friday"	"3.50"	"5.1"	"Handicap"	"2"	"5"	"Mathers, Patrick"	"Smith, R Michael"	"6f "	"5"	"8"	"6"	"10"
"16:05:00"	"2023-05-08"	"Ayr"	"Rock Melody (IRE)"	"2.25"	"3.55"	"Handicap"	"5"	"5"	"Mulrennan, Paul"	"Goldie, J S"	"6f "	"5"	"8"	"3"	"15"
"14:25:00"	"2023-05-08"	"Ayr"	"One Last Hug"	"4.00"	"5.81"	"Handicap"	"1"	"12"	"Fanning, Joe"	"Goldie, J S"	"6f "	"6"	"3"	"4"	"7"
"16:58:00"	"2023-05-07"	"Hamilton"	"Kats Bob"	"5.50"	"8.14"	"Handicap"	"5"	"8"	"Mullen, Andrew"	"Jardine, I"	"6f "	"6"	"8"	"8"	"16"
"14:45:00"	"2023-05-06"	"Naas"	"Cnodian (IRE)"	"5.50"	"6.93"	"Handicap"	"7"	"14"	"Crosse, Nathan"	"McCreery, W"	"6f "	"0"	"5"	"10"	"18"
"14:00:00"	"2023-05-06"	"Thirsk"	"Newyorkstateofmind"	"50.00"	"146.3"	"Handicap"	"10"	"13"	"Sullivan, James P"	"Carr, Mrs R A"	"6f "	"4"	"10"	"6"	"7"
"13:35:00"	"2023-05-06"	"Naas"	"Dagoda (IRE)"	"12.00"	"17.06"	"Handicap"	"9"	"19"	"Enright, M A"	"Lynch, Miss Jennifer Anne"	"5f "	"0"	"5"	"15"	"24"
"16:30:00"	"2023-05-04"	"Redcar"	"Mews House"	"6.50"	"9.2"	"Handicap"	"5"	"7"	"Croot, Elle-May"	"Menzies, Rebecca"	"5f "	"6"	"1"	"2"	"7"
"16:30:00"	"2023-05-04"	"Redcar"	"Show Compassion"	"6.50"	"8"	"Handicap"	"6"	"7"	"Beasley, Connor"	"Dods, M"	"5f "	"6"	"10"	"4"	"10"
"14:55:00"	"2023-05-04"	"Redcar"	"Like A Lion (IRE)"	"3.00"	"5.34"	"Handicap Seller"	"3"	"7"	"Allan, David"	"Easterby, T D"	"1m "	"6"	"8"	"6"	"10"
"17:00:00"	"2023-05-03"	"Ascot"	"Spoof"	"5.00"	"6.4"	"Handicap"	"1"	"11"	"Mitchell, Jack"	"Frost, Kevin"	"5f "	"4"	"9"	"1"	"8"
"17:30:00"	"2023-05-02"	"Yarmouth"	"Luna Queen"	"2.75"	"3.97"	"Handicap"	"6"	"7"	"Callan, N"	"Allen, C N"	"7f "	"6"	"6"	"10"	"13"
"17:00:00"	"2023-05-02"	"Yarmouth"	"Hot Chesnut"	"10.00"	"12.5"	"Handicap"	"6"	"10"	"Currie, Nicola"	"Ivory, D K"	"7f "	"5"	"10"	"7"	"7"
"17:20:00"	"2023-05-01"	"Curragh"	"Pretty Boy Floyd (IRE)"	"20.00"	"30"	"Handicap"	"2"	"24"	"Foley, Shane"	"Dawson, Mrs Sarah"	"6f "	"0"	"9"	"11"	"20"
"17:20:00"	"2023-05-01"	"Curragh"	"Karlsberg (IRE)"	"6.00"	"10"	"Handicap"	"7"	"24"	"Heffernan, J A"	"Crawley, Shane"	"6f "	"0"	"9"	"7"	"16"
"17:20:00"	"2023-05-01"	"Curragh"	"Mogwli (IRE)"	"8.00"	"9.93"	"Handicap"	"8"	"24"	"Crosse, Nathan"	"McCreery, W"	"6f "	"0"	"9"	"4"	"20"
"17:20:00"	"2023-05-01"	"Curragh"	"Burgoo Beauty (IRE)"	"150.00"	"556.45"	"Handicap"	"24"	"24"	"McSweeney, O"	"Lanigan, W J"	"6f "	"0"	"7"	"14"	"14"
"14:09:00"	"2023-05-01"	"Windsor"	"Firenze Rosa (IRE)"	"5.50"	"7"	"Handicap"	"3"	"6"	"Williams, Levi"	"Bridger, J / Cook, R"	"5f "	"5"	"7"	"2"	"12"
"14:09:00"	"2023-05-01"	"Windsor"	"Bezzas Lad (IRE)"	"3.33"	"4.5"	"Handicap"	"4"	"6"	"Gunn, Molly"	"Carroll, A W"	"5f "	"5"	"5"	"2"	"10"
"17:25:00"	"2023-04-29"	"Leicester"	"Ey Up Its Jazz"	"5.50"	"7.2"	"Handicap"	"1"	"14"	"Dawson, R"	"Coyle, Tony"	"6f "	"6"	"7"	"5"	"15"
"17:25:00"	"2023-04-29"	"Leicester"	"Danzart (IRE)"	"33.00"	"55"	"Handicap"	"2"	"14"	"Rooke, George"	"Barclay, Stella"	"6f "	"6"	"7"	"6"	"8"
"17:25:00"	"2023-04-29"	"Leicester"	"Stallone (IRE)"	"4.00"	"6.11"	"Handicap"	"4"	"14"	"Probert, David"	"Dods, M"	"6f "	"6"	"7"	"4"	"15"
"17:25:00"	"2023-04-29"	"Leicester"	"Bama Lama"	"6.00"	"9.55"	"Handicap"	"5"	"14"	"Murphy, Oisin"	"Millman, B R"	"6f "	"6"	"7"	"4"	"8"
"14:05:00"	"2023-04-29"	"Haydock"	"Kats Bob"	"18.00"	"28.88"	"Handicap"	"8"	"16"	"Mullen, Andrew"	"Jardine, I"	"6f "	"5"	"7"	"8"	"11"
"14:05:00"	"2023-04-29"	"Haydock"	"Street Life"	"20.00"	"34"	"Handicap"	"13"	"16"	"Loughnane, Mr Billy"	"Morris, Patrick"	"6f "	"5"	"9"	"4"	"8"
"13:40:00"	"2023-04-28"	"Doncaster"	"Two Summers (IRE)"	"5.00"	"6.65"	"Handicap"	"2"	"17"	"Gray, S A"	"Keatley, Adrian Paul"	"7f "	"6"	"9"	"3"	"8"
"13:40:00"	"2023-04-28"	"Doncaster"	"Kodebreaker (IRE)"	"25.00"	"34"	"Handicap"	"3"	"17"	"Eaves, Tom"	"Herrington,M "	"7f "	"6"	"10"	"2"	"14"
"13:40:00"	"2023-04-28"	"Doncaster"	"Daafy (USA)"	"20.00"	"38"	"Handicap"	"5"	"17"	"Hardie, Cameron"	"Shaw, D"	"7f "	"6"	"10"	"6"	"14"
"14:20:00"	"2023-04-27"	"Beverley"	"Dandy Dinmont (IRE)"	"3.50"	"6"	"Handicap"	"4"	"8"	"McManoman, Faye"	"Tinkler, N"	"5f "	"4"	"8"	"3"	"16"
"14:20:00"	"2023-04-27"	"Beverley"	"Ventura Flame (IRE)"	"2.75"	"3.84"	"Handicap"	"8"	"8"	"Fanning, Joe"	"Dalgleish, Keith"	"5f "	"4"	"8"	"2"	"16"
"17:35:00"	"2023-04-25"	"Yarmouth"	"Enchanted Night"	"5.50"	"7"	"Handicap"	"2"	"8"	"Ffrench, Royston"	"Dunnett, Mrs C A"	"5f "	"6"	"10"	"4"	"11"
"17:35:00"	"2023-04-25"	"Yarmouth"	"Good To Go"	"5.00"	"7.06"	"Handicap"	"8"	"8"	"Lee, Clifford"	"Jenkins, J R"	"5f "	"6"	"3"	"3"	"8"
"17:00:00"	"2023-04-25"	"Yarmouth"	"Media Guest (FR)"	"8.00"	"9.66"	"Handicap"	"5"	"5"	"Morris, Luke"	"Margarson, G G"	"5f "	"5"	"8"	"9"	"10"
"14:05:00"	"2023-04-25"	"Yarmouth"	"Cavalluccio (IRE)"	"2.25"	"3.85"	"Handicap"	"2"	"6"	"Crehan, Mark"	"Haynes, Alice"	"1m "	"6"	"5"	"1"	"8"
"14:05:00"	"2023-04-25"	"Yarmouth"	"Brazen Arrow"	"14.00"	"16"	"Handicap"	"3"	"6"	"ONeill, K T"	"Dunnett, Mrs C A"	"1m "	"6"	"10"	"4"	"10"
"14:05:00"	"2023-04-25"	"Yarmouth"	"Stan (FR)"	"9.00"	"11.5"	"Handicap"	"6"	"6"	"Mitchell, Jack"	"Frost, Kevin"	"1m "	"6"	"7"	"8"	"9"
"13:50:00"	"2023-04-25"	"Epsom"	"Lihou"	"3.33"	"4.59"	"Handicap"	"1"	"8"	"Ryan, Rossa"	"Evans, P D"	"5f "	"3"	"7"	"3"	"10"
"13:50:00"	"2023-04-25"	"Epsom"	"Angle Land"	"6.00"	"9"	"Handicap"	"6"	"8"	"Sayette, B D L"	"Cowell, R M H"	"5f "	"3"	"10"	"5"	"8"
"18:10:00"	"2023-04-24"	"Naas"	"Verhoyen"	"14.00"	"23"	"Handicap"	"7"	"11"	"Lee, W J"	"Grassick, M C"	"6f "	"0"	"8"	"12"	"13"
"15:45:00"	"2023-04-24"	"Windsor"	"Spoof"	"2.00"	"3.35"	"Handicap"	"1"	"8"	"Voikhansky, Alexander"	"Frost, Kevin"	"5f "	"4"	"9"	"3"	"8"
"13:30:00"	"2023-04-24"	"Windsor"	"Joy Choi (IRE)"	"4.50"	"6.75"	"Handicap"	"8"	"12"	"Bennett, Charlie"	"Saunders, M S"	"6f "	"6"	"5"	"6"	"10"
"17:25:00"	"2023-04-22"	"Nottingham"	"Captain Corcoran (IRE)"	"7.00"	"9.4"	"Handicap"	"7"	"8"	"Russell, Harry"	"Barclay, Stella"	"5f "	"6"	"10"	"6"	"12"
"16:50:00"	"2023-04-22"	"Thirsk"	"Isle Of Dreams"	"5.00"	"7.4"	"Handicap"	"1"	"15"	"Wheatley, Zak"	"Carroll, D"	"6f "	"6"	"10"	"1"	"12"
"16:50:00"	"2023-04-22"	"Thirsk"	"Merry Secret (IRE)"	"9.00"	"14.94"	"Handicap"	"10"	"15"	"Kirrane, Sean"	"Mullaney, L A"	"6f "	"6"	"9"	"4"	"12"
"14:55:00"	"2023-04-22"	"Navan"	"Catherine Chroi (IRE)"	"28.00"	"40.91"	"Handicap"	"9"	"20"	"Marshall, Tom Kiely"	"OConnell, Ms Claire"	"5.5f "	"0"	"8"	"10"	"14"
"14:55:00"	"2023-04-22"	"Navan"	"Pretty Boy Floyd (IRE)"	"33.00"	"45.14"	"Handicap"	"11"	"20"	"Persse, A C"	"Dawson, Mrs Sarah"	"5.5f "	"0"	"3"	"8"	"16"
"14:55:00"	"2023-04-22"	"Navan"	"Sunset Nova (IRE)"	"16.00"	"22.21"	"Handicap"	"16"	"20"	"Hayes, Amy Jo"	"Slattery, Andrew"	"5.5f "	"0"	"8"	"8"	"12"
"14:55:00"	"2023-04-22"	"Navan"	"Majestic Colt (IRE)"	"16.00"	"28"	"Handicap"	"18"	"20"	"McAteer, L T"	"McAuley, James"	"5.5f "	"0"	"6"	"10"	"13"
"15:20:00"	"2023-04-20"	"Ripon"	"Fortamour (IRE)"	"4.50"	"6.12"	"Handicap"	"4"	"15"	"Hanagan, Paul"	"Haslam, B M R"	"6f "	"4"	"10"	"5"	"12"
"15:20:00"	"2023-04-20"	"Ripon"	"Prodigious Blue (IRE)"	"50.00"	"122.29"	"Handicap"	"14"	"15"	"McManoman, Faye"	"Tinkler, N"	"6f "	"4"	"10"	"5"	"12"
"14:50:00"	"2023-04-19"	"Beverley"	"Badri"	"7.00"	"9.41"	"Handicap"	"1"	"16"	"Sexton, Ryan"	"Carr, Mrs R A"	"5f "	"3"	"9"	"8"	"12"
"17:20:00"	"2023-04-18"	"Newmarket (Rowley)"	"Ey Up Its Maggie"	"2.50"	"3.98"	"Handicap"	"5"	"10"	"Loughnane, Mr Billy"	"Coyle, Tony"	"5f "	"3"	"7"	"5"	"8"
"17:20:00"	"2023-04-18"	"Newmarket (Rowley)"	"Burning Cash (IRE)"	"16.00"	"23"	"Handicap"	"8"	"10"	"Nolan, D"	"Midgley, P T"	"5f "	"3"	"10"	"11"	"13"
"13:50:00"	"2023-04-17"	"Redcar"	"Churchill Bay"	"50.00"	"105.04"	"Handicap"	"11"	"11"	"Eaves, Tom"	"Thompson, Ronald"	"7f "	"5"	"8"	"6"	"8"
"17:25:00"	"2023-04-16"	"Curragh"	"Ecclesiastical"	"14.00"	"23.64"	"Handicap"	"13"	"23"	"Ryan, J J G"	"McCourt, T G"	"6f "	"0"	"10"	"3"	"10"
"17:25:00"	"2023-04-16"	"Curragh"	"Secret Road (IRE)"	"18.00"	"30"	"Handicap"	"14"	"23"	"Keane, C T"	"Keane, Gerard"	"6f "	"0"	"10"	"13"	"14"
"16:55:00"	"2023-04-16"	"Curragh"	"Bright Image (IRE)"	"150.00"	"1000"	"Maiden"	"10"	"18"	"OConnor, Donagh"	"Donoghue, C P"	"6f "	"0"	"8"	"8"	"16"
"16:20:00"	"2023-04-16"	"Curragh"	"Hurricane Ivor (IRE)"	"10.00"	"11.73"	"Handicap"	"1"	"13"	"Foley, Shane"	"Harrington, Mrs John"	"6f "	"0"	"8"	"3"	"10"
"17:00:00"	"2023-04-15"	"Yarmouth"	"Chagall (IRE)"	"3.33"	"5.71"	"Handicap"	"2"	"10"	"Hogan, D E"	"Jones, Jack"	"1m "	"6"	"8"	"2"	"14"
"17:00:00"	"2023-04-15"	"Yarmouth"	"Ostilio"	"1.63"	"2.67"	"Handicap"	"3"	"10"	"Loughnane, Mr Billy"	"McEntee, P S"	"1m "	"6"	"2"	"5"	"9"
"15:10:00"	"2023-04-14"	"Leicester"	"Gorak (FR)"	"0.62"	"1.63"	"Handicap"	"2"	"4"	"Shepherd, Callum"	"Fellowes, Charlie"	"7f "	"4"	"4"	"7"	"14"
"14:10:00"	"2023-04-12"	"Catterick"	"Birdie Bowers (IRE)"	"11.00"	"13.72"	"Handicap"	"3"	"12"	"Kirrane, Sean"	"Thompson, D W"	"5f "	"6"	"8"	"5"	"16"
"14:10:00"	"2023-04-12"	"Catterick"	"Freedom Flyer (IRE)"	"3.50"	"5.8"	"Handicap"	"4"	"12"	"Keeley, Aidan"	"Carr, Mrs R A"	"5f "	"6"	"1"	"3"	"7"
"14:10:00"	"2023-04-12"	"Catterick"	"Captain Corcoran (IRE)"	"12.00"	"19"	"Handicap"	"6"	"12"	"Russell, Harry"	"Barclay, Stella"	"5f "	"6"	"8"	"4"	"16"
"14:10:00"	"2023-04-12"	"Catterick"	"Josies Kid (IRE)"	"4.00"	"6"	"Handicap"	"11"	"12"	"Crehan, Mark"	"Haynes, Alice"	"5f "	"6"	"7"	"3"	"5"
"16:36:00"	"2023-04-10"	"Redcar"	"Magical Spirit (IRE)"	"14.00"	"18.6"	"Handicap"	"4"	"12"	"Eaves, Tom"	"Ryan, K A"	"6f "	"3"	"8"	"14"	"19"
"16:36:00"	"2023-04-10"	"Redcar"	"Blind Beggar (IRE)"	"3.50"	"5.29"	"Handicap"	"11"	"12"	"Rawlinson, Ali"	"Appleby, M"	"6f "	"3"	"8"	"2"	"19"
"16:01:00"	"2023-04-10"	"Redcar"	"Gorak (FR)"	"3.33"	"5.6"	"Handicap"	"7"	"14"	"McDonald, P J"	"Fellowes, Charlie"	"7f "	"3"	"8"	"1"	"12"
"16:01:00"	"2023-04-10"	"Redcar"	"Broken Spear"	"25.00"	"34.41"	"Handicap"	"11"	"14"	"Eaves, Tom"	"Coyle, Tony"	"7f "	"3"	"9"	"13"	"22"
"16:01:00"	"2023-04-10"	"Redcar"	"Perseverants (FR)"	"10.00"	"16"	"Handicap"	"12"	"14"	"Swift, Mr Dale"	"Dixon, Scott"	"7f "	"3"	"8"	"2"	"12"
"14:51:00"	"2023-04-10"	"Redcar"	"Gran Roque (IRE)"	"20.00"	"28.33"	"Handicap"	"7"	"9"	"Hart, Jason"	"Fell, R / Murray, S"	"6f "	"6"	"6"	"12"	"16"
"14:16:00"	"2023-04-10"	"Redcar"	"Slainte Mhath"	"1.75"	"2.83"	"Handicap"	"1"	"8"	"Dennis, Phil"	"Scott, Miss Katie"	"6f "	"6"	"10"	"9"	"10"
"14:16:00"	"2023-04-10"	"Redcar"	"Ustath"	"7.00"	"8.38"	"Handicap"	"4"	"8"	"Peate, Jonny"	"Fell, R / Murray, S"	"6f "	"6"	"4"	"4"	"12"
"13:44:00"	"2023-04-10"	"Redcar"	"Roman Blaze"	"200.00"	"998.67"	"Novices"	"10"	"11"	"Muir, Paula"	"Bedi, Miss J"	"1m "	"5"	"7"	"6"	"6"
"16:45:00"	"2023-04-08"	"Musselburgh"	"Bert Kibbler"	"5.50"	"7.62"	"Handicap"	"10"	"16"	"Curtis, B A"	"Barron, T D"	"5f "	"4"	"8"	"5"	"12"
"16:45:00"	"2023-04-08"	"Musselburgh"	"James Watt (IRE)"	"22.00"	"28"	"Handicap"	"12"	"16"	"Lee, G"	"Midgley, P T"	"5f "	"4"	"8"	"9"	"11"
"15:40:00"	"2023-04-06"	"Bellewstown"	"Ecclesiastical"	"9.00"	"14.12"	"Handicap"	"3"	"10"	"Cleary, R P"	"McCourt, T G"	"5f "	"0"	"8"	"6"	"18"
"17:45:00"	"2023-04-04"	"Thirsk"	"Tantastic"	"5.50"	"7.4"	"Handicap"	"9"	"16"	"Hamilton, Tony"	"Wainwright, J S"	"5f "	"6"	"2"	"4"	"10"
"17:40:00"	"2023-04-02"	"Doncaster"	"Gustav Graves"	"12.00"	"14.02"	"Handicap"	"2"	"10"	"Sullivan, James P"	"Shaw, D"	"5f "	"5"	"5"	"10"	"10"
"14:15:00"	"2023-03-29"	"Navan"	"Seeingisbelieving (IRE)"	"4.50"	"6.77"	"Handicap"	"1"	"18"	"Carroll, G F"	"Mulvany, Michael"	"5f "	"0"	"4"	"2"	"17"
"14:15:00"	"2023-03-29"	"Navan"	"Mogwli (IRE)"	"5.50"	"7.73"	"Handicap"	"5"	"18"	"Maye, Jessica"	"McCreery, W"	"5f "	"0"	"4"	"4"	"17"
"14:15:00"	"2023-03-29"	"Navan"	"Itll Do My Day (IRE)"	"16.00"	"20"	"Handicap"	"7"	"18"	"Bird, Sean"	"Mulvany, Michael"	"5f "	"0"	"4"	"5"	"17"
"14:15:00"	"2023-03-29"	"Navan"	"Zig Zag Zyggy (IRE)"	"9.00"	"10.47"	"Handicap"	"13"	"18"	"Caffrey, Adam"	"McGuinness, Adrian"	"5f "	"0"	"5"	"7"	"14"
"16:05:00"	"2022-11-01"	"Redcar"	"Prince Hector (IRE)"	"5.00"	"7"	"Handicap"	"4"	"18"	"McSweeney, O"	"Menzies, Rebecca"	"1m "	"6"	"8"	"2"	"14"
"14:30:00"	"2022-11-01"	"Redcar"	"Give It Some Teddy"	"3.33"	"4.4"	"Handicap"	"1"	"18"	"Robinson, Ben"	"Easterby, T D"	"7f "	"4"	"4"	"3"	"16"
"14:30:00"	"2022-11-01"	"Redcar"	"Queens Sargent (FR)"	"14.00"	"19.31"	"Handicap"	"7"	"18"	"Coughlan, Laura"	"Dods, M"	"7f "	"4"	"7"	"5"	"7"
"14:30:00"	"2022-11-01"	"Redcar"	"Deputy (IRE)"	"3.00"	"4.7"	"Handicap"	"9"	"18"	"Beasley, Connor"	"Dods, M"	"7f "	"4"	"10"	"1"	"20"
"14:30:00"	"2022-11-01"	"Redcar"	"Kapono"	"7.00"	"11.15"	"Handicap"	"12"	"18"	"Peate, Jonny"	"Fell, R / Murray, S"	"7f "	"4"	"8"	"1"	"9"
"17:08:00"	"2022-10-29"	"Newmarket (Rowley)"	"Bernardo OReilly"	"14.00"	"17.41"	"Handicap"	"8"	"17"	"Fisher, Taylor"	"Spencer, Richard"	"7f "	"4"	"8"	"5"	"15"
"17:08:00"	"2022-10-29"	"Newmarket (Rowley)"	"Ataser"	"8.50"	"12"	"Handicap"	"16"	"17"	"Callan, N"	"Kent, T J"	"7f "	"4"	"8"	"4"	"15"
"17:00:00"	"2022-10-28"	"Newmarket (Rowley)"	"Professional Widow (IRE)"	"40.00"	"92.84"	"Handicap"	"11"	"16"	"Egan, David"	"Spencer, Richard"	"1m "	"5"	"9"	"8"	"10"
"14:45:00"	"2022-10-26"	"Nottingham"	"Sir Benedict (IRE)"	"2.75"	"4.05"	"Handicap"	"2"	"8"	"Gray, S A"	"Barclay, Stella"	"5f "	"5"	"9"	"6"	"14"
"14:15:00"	"2022-10-26"	"Curragh"	"Stanhope"	"40.00"	"65"	"Handicap"	"4"	"24"	"Rutledge, Siobhan"	"McConnell, John C"	"6f "	"0"	"3"	"7"	"14"
"14:15:00"	"2022-10-26"	"Curragh"	"Mary Salome (IRE)"	"14.00"	"24.6"	"Handicap"	"5"	"24"	"Gilligan, D J"	"Kinirons, A"	"6f "	"0"	"3"	"5"	"18"
"14:15:00"	"2022-10-26"	"Curragh"	"Tammany Hall (IRE)"	"14.00"	"23.75"	"Handicap"	"6"	"24"	"Leonard, Killian"	"McKenna, P J"	"6f "	"0"	"7"	"3"	"23"
"14:15:00"	"2022-10-26"	"Curragh"	"Numoor"	"28.00"	"50"	"Handicap"	"9"	"24"	"Sheehy, M P"	"McConnell, John C"	"6f "	"0"	"7"	"8"	"23"
"14:15:00"	"2022-10-26"	"Curragh"	"Fastar (IRE)"	"22.00"	"38"	"Handicap"	"10"	"24"	"Keane, C T"	"OLeary, Gerard"	"6f "	"0"	"10"	"5"	"14"
"14:15:00"	"2022-10-26"	"Curragh"	"Ever Rock (IRE)"	"33.00"	"87.56"	"Handicap"	"12"	"24"	"Heffernan, J A"	"Lambe, J J"	"6f "	"0"	"7"	"18"	"23"
"14:15:00"	"2022-10-26"	"Curragh"	"Andromedas Kingdom (IRE)"	"28.00"	"55"	"Handicap"	"14"	"24"	"Cleary, R P"	"Grassick, M C"	"6f "	"0"	"7"	"8"	"17"
"14:15:00"	"2022-10-26"	"Curragh"	"Run Forrest Run (IRE)"	"100.00"	"190"	"Handicap"	"16"	"24"	"Enright, Jack"	"Fenton, M P"	"6f "	"0"	"7"	"22"	"23"
"14:15:00"	"2022-10-26"	"Curragh"	"Cnodian (IRE)"	"2.00"	"3.3"	"Handicap"	"18"	"24"	"Lee, W J"	"McCreery, W"	"6f "	"0"	"3"	"2"	"14"
"14:10:00"	"2022-10-26"	"Nottingham"	"Count Dorsay (IRE)"	"10.00"	"11.5"	"Handicap"	"6"	"14"	"Hart, Jason"	"Easterby, T D"	"5f "	"3"	"4"	"8"	"13"
"14:10:00"	"2022-10-25"	"Catterick"	"Quanah (IRE)"	"18.00"	"31.14"	"Handicap"	"8"	"12"	"Tudhope, Daniel"	"Bailey, Liam"	"5f "	"6"	"7"	"11"	"14"
"14:10:00"	"2022-10-25"	"Catterick"	"Mrs Bagerran (IRE)"	"7.00"	"10.22"	"Handicap"	"11"	"12"	"Swift, Mr Dale"	"Waggott, Miss Tracy"	"5f "	"6"	"7"	"9"	"14"
"17:25:00"	"2022-10-24"	"Redcar"	"Kapono"	"4.50"	"5.91"	"Handicap"	"1"	"9"	"Peate, Jonny"	"Fell, R / Murray, S"	"6f "	"6"	"4"	"3"	"11"
"17:25:00"	"2022-10-24"	"Redcar"	"Porterinthejungle (IRE)"	"3.50"	"5.1"	"Handicap"	"4"	"9"	"Winn, Mark"	"Brisland, Robyn"	"6f "	"6"	"7"	"1"	"11"
"16:50:00"	"2022-10-24"	"Redcar"	"Blazing Son"	"1.38"	"2.62"	"Handicap"	"1"	"10"	"Winn, Mark"	"Smart, B"	"6f "	"6"	"10"	"2"	"18"
"16:50:00"	"2022-10-24"	"Redcar"	"Elladora"	"6.00"	"8.59"	"Handicap"	"2"	"10"	"Brookes, Aiden"	"Scott, Miss Katie"	"6f "	"6"	"10"	"8"	"18"
"16:50:00"	"2022-10-24"	"Redcar"	"Highjacked"	"8.00"	"10.58"	"Handicap"	"6"	"10"	"Waugh, Amie"	"Davies, J J"	"6f "	"6"	"9"	"2"	"12"
"16:35:00"	"2022-10-24"	"Leicester"	"Zim Baby"	"18.00"	"26"	"Handicap"	"2"	"9"	"Rawlinson, Ali"	"Appleby, M"	"5f "	"4"	"9"	"13"	"15"
"16:35:00"	"2022-10-24"	"Leicester"	"Show Me Show Me"	"4.50"	"5.84"	"Handicap"	"3"	"9"	"Orr, Oisin"	"Fahey, R A"	"5f "	"4"	"9"	"4"	"15"
"16:15:00"	"2022-10-24"	"Redcar"	"Lucky Bounce (IRE)"	"200.00"	"1000"	"Maiden"	"9"	"11"	"Garritty, Jack"	"Potter, R D"	"6f "	"5"	"10"	"5"	"8"
"15:40:00"	"2022-10-24"	"Redcar"	"Fame And Acclaim (IRE)"	"12.00"	"15.8"	"Handicap"	"6"	"11"	"Edmunds, Lewis"	"Eyre, J L"	"1m "	"3"	"10"	"2"	"14"
"17:30:00"	"2022-10-23"	"Curragh"	"Stanhope"	"8.00"	"14"	"Handicap"	"7"	"14"	"Sheehy, M P"	"McConnell, John C"	"5f "	"0"	"4"	"1"	"23"
"16:45:00"	"2022-10-22"	"Doncaster"	"Zip"	"5.50"	"8.86"	"Handicap"	"4"	"20"	"McSweeney, O"	"Fahey, R A"	"7f "	"4"	"7"	"5"	"14"
"16:45:00"	"2022-10-22"	"Doncaster"	"Absolute Dream (IRE)"	"28.00"	"55"	"Handicap"	"11"	"20"	"Orr, Oisin"	"Fahey, R A"	"7f "	"4"	"7"	"11"	"14"
"16:45:00"	"2022-10-22"	"Doncaster"	"Rich Waters (IRE)"	"8.50"	"11"	"Handicap"	"14"	"20"	"Probert, David"	"Suroor, Saeed Bin"	"7f "	"4"	"9"	"3"	"9"
"13:20:00"	"2022-10-22"	"Doncaster"	"It Just Takes Time (IRE)"	"8.00"	"9.8"	"Handicap"	"6"	"15"	"Garritty, Jack"	"Walford, Mark"	"7f "	"3"	"7"	"2"	"14"
"16:20:00"	"2022-10-21"	"Newbury"	"Marshal Dan (IRE)"	"10.00"	"13.77"	"Handicap"	"1"	"15"	"Bryan, Joshua"	"Main, Mrs H S"	"6f "	"3"	"7"	"8"	"12"
"16:20:00"	"2022-10-21"	"Newbury"	"Punchbowl Flyer (IRE)"	"7.00"	"9.43"	"Handicap"	"6"	"15"	"Bishop, Charles"	"Houghton, Eve Johnson"	"6f "	"3"	"7"	"6"	"12"
"14:10:00"	"2022-10-19"	"Navan"	"Stanhope"	"20.00"	"32"	"Handicap"	"1"	"23"	"Sheehy, M P"	"McConnell, John C"	"5.5f "	"0"	"6"	"6"	"18"
"14:10:00"	"2022-10-19"	"Navan"	"Elanora (IRE)"	"6.00"	"9"	"Handicap"	"7"	"23"	"Lee, W J"	"Grassick, M C"	"5.5f "	"0"	"6"	"12"	"18"
"14:10:00"	"2022-10-19"	"Navan"	"Leclerc"	"20.00"	"38"	"Handicap"	"12"	"23"	"Whelan, R P"	"McGuinness, Adrian"	"5.5f "	"0"	"6"	"7"	"20"
"14:10:00"	"2022-10-19"	"Navan"	"Chevillon (IRE)"	"33.00"	"57.32"	"Handicap"	"13"	"23"	"Hayes, C D"	"Lynam, Edward"	"5.5f "	"0"	"5"	"7"	"14"
"14:10:00"	"2022-10-19"	"Navan"	"Ever Rock (IRE)"	"12.00"	"17"	"Handicap"	"18"	"23"	"Heffernan, J A"	"Lambe, J J"	"5.5f "	"0"	"6"	"3"	"18"
"16:30:00"	"2022-10-18"	"Yarmouth"	"Jack Ryan (IRE)"	"4.50"	"7"	"Handicap"	"1"	"15"	"Egan, David"	"Ryan, J"	"6f "	"6"	"5"	"2"	"14"
"16:30:00"	"2022-10-18"	"Yarmouth"	"Alafdhal (IRE)"	"14.00"	"21"	"Handicap"	"10"	"15"	"Larson, Frederick"	"McEntee, P S"	"6f "	"6"	"10"	"6"	"11"
"14:25:00"	"2022-10-17"	"Windsor"	"Porterinthejungle (IRE)"	"3.00"	"4.6"	"Handicap"	"1"	"11"	"Egan, David"	"Brisland, Robyn"	"5f "	"6"	"4"	"4"	"14"
"17:15:00"	"2022-10-16"	"Naas"	"Is That Love (IRE)"	"10.00"	"15.5"	"Handicap"	"7"	"14"	"MacRedmond, Cian"	"McGuinness, Adrian"	"6f "	"0"	"8"	"6"	"13"
"17:15:00"	"2022-10-16"	"Naas"	"Verhoyen"	"12.00"	"14.9"	"Handicap"	"9"	"14"	"Lee, W J"	"Grassick, M C"	"6f "	"0"	"8"	"9"	"13"
"16:19:00"	"2022-10-14"	"Redcar"	"Cleveleys"	"7.00"	"8.37"	"Handicap"	"6"	"18"	"Watson, Jason"	"OMeara, D"	"7f "	"6"	"8"	"4"	"7"
"16:19:00"	"2022-10-14"	"Redcar"	"Swinging Eddie"	"25.00"	"44.4"	"Handicap"	"7"	"18"	"James, S H"	"Tuer, Grant"	"7f "	"6"	"7"	"3"	"9"
"16:19:00"	"2022-10-14"	"Redcar"	"Elladora"	"12.00"	"19"	"Handicap"	"8"	"18"	"McDonald, P J"	"Scott, Miss Katie"	"7f "	"6"	"8"	"1"	"7"
"16:19:00"	"2022-10-14"	"Redcar"	"Tar Heel (IRE)"	"4.50"	"6.06"	"Handicap"	"9"	"18"	"Allan, David"	"Easterby, T D"	"7f "	"6"	"8"	"1"	"9"
"16:19:00"	"2022-10-14"	"Redcar"	"Breckland"	"6.00"	"9.01"	"Handicap"	"13"	"18"	"Orr, Oisin"	"Dalgleish, Keith"	"7f "	"6"	"8"	"10"	"13"
"17:30:00"	"2022-10-13"	"Curragh"	"Elanora (IRE)"	"3.00"	"4.7"	"Handicap"	"12"	"18"	"Cullen, Annalise"	"Grassick, M C"	"5f "	"0"	"5"	"9"	"30"
"17:15:00"	"2022-10-12"	"Nottingham"	"Captain Corcoran (IRE)"	"2.75"	"3.82"	"Handicap"	"4"	"13"	"Mulrennan, Paul"	"Alston, E J"	"5f "	"6"	"8"	"1"	"14"
"16:15:00"	"2022-10-11"	"Leicester"	"Vertical"	"40.00"	"80"	"Seller"	"3"	"8"	"Wood, George"	"Scargill, Dr J D"	"7f "	"4"	"6"	"10"	"13"
"17:15:00"	"2022-10-10"	"Musselburgh"	"Mrs Bagerran (IRE)"	"3.00"	"6.04"	"Handicap"	"5"	"13"	"Wheatley, Zak"	"Waggott, Miss Tracy"	"5f "	"6"	"3"	"2"	"13"
"17:05:00"	"2022-10-10"	"Yarmouth"	"Yoshimi (IRE)"	"3.00"	"4.57"	"Handicap"	"4"	"9"	"Eaves, Tom"	"Herrington,M "	"7f "	"5"	"6"	"2"	"8"
"16:45:00"	"2022-10-10"	"Musselburgh"	"Rory"	"4.50"	"6.79"	"Handicap"	"3"	"12"	"Tudhope, Daniel"	"Goldie, J S"	"5f "	"5"	"10"	"4"	"14"
"16:45:00"	"2022-10-10"	"Musselburgh"	"Prospect"	"3.50"	"4.8"	"Handicap"	"5"	"12"	"Lee, G"	"Midgley, P T"	"5f "	"5"	"9"	"2"	"14"
"16:45:00"	"2022-10-10"	"Musselburgh"	"Never Dark"	"6.00"	"7.8"	"Handicap"	"7"	"12"	"Peate, Jonny"	"Jardine, I"	"5f "	"5"	"10"	"3"	"14"
"16:45:00"	"2022-10-10"	"Musselburgh"	"Albegone"	"5.00"	"7.6"	"Handicap"	"11"	"12"	"Allan, David"	"Easterby, T D"	"5f "	"5"	"9"	"4"	"14"
"13:15:00"	"2022-10-10"	"Windsor"	"Beauty Choice"	"7.50"	"11"	"Handicap"	"6"	"14"	"Sayette, B D L"	"Jarvis, W"	"6f "	"4"	"9"	"1"	"10"
"13:15:00"	"2022-10-10"	"Windsor"	"Alcazan"	"2.25"	"3.6"	"Handicap"	"7"	"14"	"Levey, S M"	"Teal, R A"	"6f "	"4"	"6"	"2"	"10"
"15:00:00"	"2022-10-09"	"Goodwood"	"Spanish Star (IRE)"	"3.33"	"4.5"	"Handicap"	"1"	"10"	"Marquand, Tom"	"Chamings, P R"	"6f "	"3"	"10"	"4"	"14"
"15:00:00"	"2022-10-09"	"Goodwood"	"A Sure Welcome"	"33.00"	"48"	"Handicap"	"10"	"10"	"Dobie, Georgia"	"Spearing, J L"	"6f "	"3"	"8"	"13"	"13"
"17:30:00"	"2022-10-08"	"Curragh"	"Princess Sela (IRE)"	"3.33"	"5.3"	"Handicap"	"5"	"30"	"Keane, C T"	"OLeary, Gerard"	"6f "	"0"	"3"	"2"	"13"
"17:30:00"	"2022-10-08"	"Curragh"	"Inflection Point (IRE)"	"50.00"	"153.1"	"Handicap"	"17"	"30"	"Caffrey, Adam"	"McGuinness, Adrian"	"6f "	"0"	"10"	"6"	"8"
"17:30:00"	"2022-10-08"	"Curragh"	"Miss Molly T (IRE)"	"33.00"	"44.14"	"Handicap"	"18"	"30"	"Enright, M A"	"Keane, Gerard"	"6f "	"0"	"9"	"4"	"9"
"17:30:00"	"2022-10-08"	"Curragh"	"Dragons Call (IRE)"	"16.00"	"25.08"	"Handicap"	"UR"	"30"	"Powell, J A"	"Feane, John James"	"6f "	"0"	"3"	"9"	"17"
"15:10:00"	"2022-10-08"	"Curragh"	"Verhoyen"	"7.00"	"9.6"	"Handicap"	"9"	"13"	"Keane, C T"	"Grassick, M C"	"5f "	"0"	"3"	"7"	"13"
"15:10:00"	"2022-10-08"	"Curragh"	"Pretty Boy Floyd (IRE)"	"22.00"	"35.65"	"Handicap"	"12"	"13"	"Heffernan, J A"	"Dawson, Mrs Sarah"	"5f "	"0"	"10"	"7"	"8"
"16:25:00"	"2022-10-07"	"York"	"Ey Up Its Maggie"	"11.00"	"12.5"	"Handicap"	"9"	"15"	"Hanagan, Paul"	"Coyle, Tony"	"5f "	"3"	"6"	"10"	"14"
"15:00:00"	"2022-10-06"	"Ayr"	"Classy Al"	"9.00"	"12.08"	"Handicap"	"2"	"11"	"Doyle, Hollie"	"Goldie, J S"	"6f "	"4"	"9"	"1"	"11"
"15:00:00"	"2022-10-06"	"Ayr"	"Pearl Of Qatar"	"28.00"	"38.37"	"Handicap"	"3"	"11"	"Dennis, Phil"	"Davidson, Tristan"	"6f "	"4"	"9"	"2"	"12"
"15:00:00"	"2022-10-06"	"Ayr"	"Maple Jack"	"1.75"	"2.75"	"Handicap"	"5"	"11"	"Lee, G"	"Camacho, Miss J A"	"6f "	"4"	"9"	"1"	"12"
"15:00:00"	"2022-10-06"	"Ayr"	"Black Friday"	"7.50"	"9.26"	"Handicap"	"7"	"11"	"Mathers, Patrick"	"Smith, R Michael"	"6f "	"4"	"9"	"5"	"12"
"15:00:00"	"2022-10-06"	"Ayr"	"Iris Dancer"	"16.00"	"24"	"Handicap"	"9"	"11"	"Scott, Rowan"	"Davidson, Tristan"	"6f "	"4"	"8"	"8"	"16"
"15:00:00"	"2022-10-06"	"Ayr"	"Some Nightmare (IRE)"	"18.00"	"28"	"Handicap"	"10"	"11"	"Mangan, Gina"	"Oshea, J G M"	"6f "	"4"	"10"	"1"	"5"
"15:00:00"	"2022-10-05"	"Navan"	"Princess Sela (IRE)"	"3.33"	"5.26"	"Handicap"	"2"	"13"	"Foley, Shane"	"OLeary, Gerard"	"5.5f "	"0"	"8"	"2"	"10"
"14:25:00"	"2022-10-05"	"Navan"	"Linus Larrabee (IRE)"	"14.00"	"17.65"	"Handicap"	"2"	"17"	"Harnett, P A"	"Lynam, Edward"	"5.5f "	"0"	"9"	"13"	"13"
"14:25:00"	"2022-10-05"	"Navan"	"Dragons Call (IRE)"	"4.00"	"6.4"	"Handicap"	"9"	"17"	"Powell, J A"	"Feane, John James"	"5.5f "	"0"	"8"	"2"	"18"
"17:25:00"	"2022-10-04"	"Leicester"	"Youarenotforgiven"	"7.50"	"8.4"	"Handicap"	"1"	"8"	"Lee, Clifford"	"Carroll, A W"	"7f "	"5"	"9"	"10"	"11"
"16:55:00"	"2022-10-04"	"Leicester"	"Ledham (IRE)"	"66.00"	"130"	"Handicap"	"8"	"8"	"Kelly, Shane"	"Hanmer, G D"	"7f "	"5"	"7"	"11"	"12"
"17:37:00"	"2022-10-01"	"Redcar"	"Albegone"	"12.00"	"15.5"	"Handicap"	"4"	"14"	"Fentiman, Duran"	"Easterby, T D"	"5f "	"4"	"7"	"3"	"12"
"17:37:00"	"2022-10-01"	"Redcar"	"Gunnerside (IRE)"	"28.00"	"48"	"Handicap"	"14"	"14"	"Garritty, Jack"	"Tuer, Grant"	"5f "	"4"	"7"	"9"	"12"
"17:03:00"	"2022-10-01"	"Newmarket (Rowley)"	"Dancing To Win"	"14.00"	"20.32"	"Handicap"	"2"	"9"	"Egan, David"	"Chapple-Hyam, Jane"	"7f "	"3"	"10"	"3"	"11"
"14:00:00"	"2022-09-30"	"Ascot"	"Young Fire (FR)"	"7.50"	"9.2"	"Handicap"	"8"	"15"	"Ennis, Mr M"	"OMeara, D"	"7f "	"3"	"6"	"3"	"12"
"15:50:00"	"2022-09-29"	"Bellewstown"	"Florence Thompson (IRE)"	"2.50"	"4.4"	"Handicap"	"7"	"13"	"Sheridan, J M"	"Hogan, Denis Gerard"	"5f "	"0"	"2"	"3"	"18"
"16:20:00"	"2022-09-28"	"Bellewstown"	"Pretty Boy Floyd (IRE)"	"18.00"	"27"	"Handicap"	"7"	"8"	"Rutledge, Siobhan"	"Dawson, Mrs Sarah"	"5f "	"0"	"4"	"16"	"16"
"16:20:00"	"2022-09-28"	"Bellewstown"	"Iva Batt (IRE)"	"6.00"	"8.6"	"Handicap"	"8"	"8"	"Carroll, G F"	"Murphy, Joseph G"	"5f "	"0"	"4"	"14"	"16"
"13:44:00"	"2022-09-28"	"Catterick"	"Stroxx (IRE)"	"33.00"	"42.36"	"Handicap"	"3"	"11"	"Brookes, Miss Megan"	"Bailey, Liam"	"5f "	"6"	"5"	"7"	"14"
"13:44:00"	"2022-09-28"	"Catterick"	"Canaria Prince"	"6.00"	"7.68"	"Handicap"	"5"	"11"	"Easterby, Mr Thomas"	"Easterby, T D"	"5f "	"6"	"6"	"5"	"11"
"13:44:00"	"2022-09-28"	"Catterick"	"Aconcagua Mountain (IRE)"	"8.00"	"10.89"	"Handicap"	"10"	"11"	"McClung, Alisa"	"Jardine, I"	"5f "	"6"	"5"	"13"	"14"
"14:19:00"	"2022-09-27"	"Ayr"	"Pearl Of Qatar"	"18.00"	"21.18"	"Handicap"	"2"	"12"	"Dennis, Phil"	"Davidson, Tristan"	"6f "	"4"	"9"	"4"	"11"
"14:19:00"	"2022-09-27"	"Ayr"	"Be Proud (IRE)"	"18.00"	"21.33"	"Handicap"	"4"	"12"	"Waugh, Amie"	"Goldie, J S"	"6f "	"4"	"3"	"13"	"16"
"14:19:00"	"2022-09-27"	"Ayr"	"Pockley"	"14.00"	"16"	"Handicap"	"7"	"12"	"Mullen, Andrew"	"Perratt, Miss L A"	"6f "	"4"	"5"	"4"	"11"
"14:00:00"	"2022-09-27"	"Cork"	"Coffeemeanscoffee (IRE)"	"10.00"	"17.7"	"Handicap"	"9"	"18"	"McAteer, L T"	"McGuinness, Tom"	"6f "	"0"	"8"	"15"	"18"
"16:55:00"	"2022-09-26"	"Ffos Las"	"Some Nightmare (IRE)"	"1.00"	"2.09"	"Handicap"	"1"	"5"	"Mangan, Gina"	"Oshea, J G M"	"5f "	"5"	"5"	"4"	"14"
"16:20:00"	"2022-09-26"	"Ffos Las"	"Treacherous"	"2.50"	"3.7"	"Handicap"	"5"	"8"	"Davies, Harry"	"De Giles, Ed"	"6f "	"4"	"5"	"7"	"14"
"14:13:00"	"2022-09-26"	"Hamilton"	"Shesadabber"	"9.00"	"15"	"Handicap"	"2"	"12"	"Dennis, Phil"	"Mullineaux, M"	"5f "	"5"	"8"	"6"	"13"
"14:13:00"	"2022-09-26"	"Hamilton"	"Rose Bandit (IRE)"	"14.00"	"16.2"	"Handicap"	"7"	"12"	"Allan, David"	"Jardine, I"	"5f "	"5"	"8"	"9"	"11"
"14:13:00"	"2022-09-26"	"Hamilton"	"Nodsasgoodasawink"	"28.00"	"40"	"Handicap"	"11"	"12"	"Wheatley, Zak"	"Perratt, Miss L A"	"5f "	"5"	"8"	"8"	"13"
"13:05:00"	"2022-09-26"	"Hamilton"	"Elladora"	"12.00"	"13.14"	"Handicap"	"2"	"13"	"Cagney, Eireann"	"Scott, Miss Katie"	"6f "	"5"	"9"	"5"	"12"
"13:05:00"	"2022-09-26"	"Hamilton"	"Zig Zag Zyggy (IRE)"	"20.00"	"27.15"	"Handicap"	"5"	"13"	"Lander, Mr Jack"	"Goldie, J S"	"6f "	"5"	"8"	"12"	"13"
"13:05:00"	"2022-09-26"	"Hamilton"	"Kilconquhar"	"4.00"	"5.3"	"Handicap"	"6"	"13"	"Stevens, Miss A"	"Whillans, Ewan"	"6f "	"5"	"5"	"1"	"12"
"13:05:00"	"2022-09-26"	"Hamilton"	"Kraken Power (IRE)"	"25.00"	"34.35"	"Handicap"	"10"	"13"	"Ennis, Mr M"	"Goldie, J S"	"6f "	"5"	"8"	"7"	"13"
"16:39:00"	"2022-09-25"	"Yarmouth"	"Jack Ryan (IRE)"	"9.00"	"14"	"Handicap"	"3"	"13"	"Cherchi, Stefano"	"Ryan, J"	"6f "	"6"	"3"	"9"	"13"
"16:39:00"	"2022-09-25"	"Yarmouth"	"Brave Display (IRE)"	"6.50"	"7.59"	"Handicap"	"8"	"13"	"McEntee, Grace"	"McEntee, P S"	"6f "	"6"	"10"	"4"	"11"
"16:39:00"	"2022-09-25"	"Yarmouth"	"Little Sunflower"	"5.50"	"7.78"	"Handicap"	"10"	"13"	"Kingscote, Richard"	"Stone, W B"	"6f "	"6"	"10"	"3"	"14"
"17:33:00"	"2022-09-24"	"Ripon"	"Flavius Titus"	"5.00"	"7.51"	"Handicap"	"1"	"9"	"James, S H"	"Brooke, Daniel"	"6f "	"6"	"9"	"5"	"15"
"15:15:00"	"2022-09-24"	"Haydock"	"Hyperfocus (IRE)"	"5.00"	"5.84"	"Handicap"	"2"	"16"	"Allan, David"	"Easterby, T D"	"6f "	"3"	"7"	"16"	"25"
"15:15:00"	"2022-09-24"	"Haydock"	"Be Proud (IRE)"	"22.00"	"36.11"	"Handicap"	"13"	"16"	"Egan, David"	"Goldie, J S"	"6f "	"3"	"9"	"11"	"14"
"13:25:00"	"2022-09-24"	"Ripon"	"Wades Magic"	"2.75"	"4.34"	"Handicap"	"2"	"8"	"Wilkie, Brandon"	"Easterby, T D"	"6f "	"6"	"7"	"3"	"11"
"13:25:00"	"2022-09-24"	"Ripon"	"Rhythm (IRE)"	"9.00"	"14.87"	"Handicap"	"3"	"8"	"Eaves, Tom"	"Carr, Mrs R A"	"6f "	"6"	"10"	"7"	"12"
"17:08:00"	"2022-09-21"	"Redcar"	"Tarnhelm"	"66.00"	"122.05"	"Handicap"	"10"	"12"	"Muir, Paula"	"Storey, W"	"7f "	"6"	"4"	"9"	"12"
"15:00:00"	"2022-09-21"	"Goodwood"	"Alcazan"	"6.00"	"7.8"	"Handicap"	"1"	"14"	"Marquand, Tom"	"Teal, R A"	"6f "	"4"	"4"	"4"	"11"
"15:00:00"	"2022-09-21"	"Goodwood"	"Endowed"	"10.00"	"13.5"	"Handicap"	"5"	"14"	"Watson, Jason"	"Carroll, A W"	"6f "	"4"	"4"	"5"	"11"
"15:00:00"	"2022-09-21"	"Goodwood"	"Firenze Rosa (IRE)"	"25.00"	"39.46"	"Handicap"	"12"	"14"	"Phillips, Mollie"	"Bridger, J / Cook, R"	"6f "	"4"	"9"	"5"	"10"
"15:30:00"	"2022-09-18"	"Hamilton"	"Shesadabber"	"4.50"	"6.08"	"Handicap"	"6"	"13"	"Dennis, Phil"	"Mullineaux, M"	"5f "	"6"	"10"	"1"	"10"
"15:30:00"	"2022-09-18"	"Hamilton"	"Kraken Power (IRE)"	"7.50"	"13"	"Handicap"	"7"	"13"	"Mulrennan, Paul"	"Goldie, J S"	"5f "	"6"	"3"	"UR"	"21"
"15:30:00"	"2022-09-18"	"Hamilton"	"Nodsasgoodasawink"	"14.00"	"17.33"	"Handicap"	"8"	"13"	"Sullivan, James P"	"Perratt, Miss L A"	"5f "	"6"	"3"	"7"	"21"
"14:00:00"	"2022-09-18"	"Hamilton"	"Fox Hill"	"4.50"	"5.76"	"Handicap"	"10"	"11"	"Hart, Jason"	"Alston, E J"	"6f "	"4"	"5"	"4"	"14"
"17:10:00"	"2022-09-17"	"Newbury"	"Fangorn"	"50.00"	"100"	"Handicap"	"16"	"19"	"Dawes, Rose"	"Channon, M R"	"7f "	"3"	"10"	"11"	"13"
"17:01:00"	"2022-09-17"	"Newmarket (Rowley)"	"Maysong"	"7.50"	"11"	"Handicap"	"6"	"20"	"Obrien, Miss Fern"	"Haynes, Alice"	"1m1f "	"4"	"9"	"2"	"10"
"17:01:00"	"2022-09-17"	"Newmarket (Rowley)"	"Night Bear"	"20.00"	"32.89"	"Handicap"	"10"	"20"	"Dixon, Jason"	"Carroll, A W"	"1m1f "	"4"	"10"	"3"	"16"
"17:01:00"	"2022-09-17"	"Newmarket (Rowley)"	"Le Reveur (IRE)"	"40.00"	"62.46"	"Handicap"	"12"	"20"	"Turner, James"	"Murphy, Mike"	"1m1f "	"4"	"9"	"6"	"9"
"14:25:00"	"2022-09-15"	"Ayr"	"Never Dark"	"4.00"	"5.8"	"Handicap"	"4"	"21"	"Tudhope, Daniel"	"Jardine, I"	"5f "	"5"	"7"	"2"	"13"
"14:25:00"	"2022-09-15"	"Ayr"	"Little Muddy"	"5.50"	"7.6"	"Handicap"	"6"	"21"	"Swift, Mr Dale"	"Spencer, Seb"	"5f "	"5"	"7"	"3"	"12"
"14:25:00"	"2022-09-15"	"Ayr"	"Lady Celia"	"16.00"	"30"	"Handicap"	"9"	"21"	"Orr, Oisin"	"Fahey, R A"	"5f "	"5"	"10"	"5"	"14"
"14:10:00"	"2022-09-14"	"Yarmouth"	"Tilsworth Taibo"	"150.00"	"230"	"Handicap"	"12"	"12"	"Heard, Tyler"	"Jenkins, J R"	"6f "	"5"	"8"	"7"	"7"
"13:50:00"	"2022-09-14"	"Sandown"	"Phoenix Star (IRE)"	"4.00"	"5.13"	"Handicap"	"1"	"8"	"Stammers, Oliver"	"Macey, Jessica"	"5f "	"5"	"9"	"2"	"14"
"13:50:00"	"2022-09-14"	"Sandown"	"The Daley Express (IRE)"	"12.00"	"16"	"Handicap"	"8"	"8"	"Farragher, Adam J"	"Harris, R A"	"5f "	"5"	"8"	"4"	"8"
"17:03:00"	"2022-09-13"	"Yarmouth"	"Haveoneyerself (IRE)"	"6.00"	"9.2"	"Handicap"	"1"	"10"	"Egan, David"	"Butler, John"	"5f "	"4"	"8"	"3"	"8"
"13:35:00"	"2022-09-13"	"Yarmouth"	"Amasova"	"4.50"	"6.49"	"Handicap"	"2"	"12"	"Howarth, Christian"	"Haynes, Alice"	"5f "	"6"	"10"	"6"	"10"
"13:35:00"	"2022-09-13"	"Yarmouth"	"For Peats Sake"	"8.00"	"9.6"	"Handicap"	"4"	"12"	"Larson, Frederick"	"Appleby, M"	"5f "	"6"	"10"	"8"	"9"
"15:20:00"	"2022-09-12"	"Thirsk"	"Stronsay (IRE)"	"12.00"	"14.5"	"Handicap Seller"	"7"	"14"	"Tudhope, Daniel"	"Bailey, Liam"	"6f "	"6"	"6"	"7"	"11"
"16:55:00"	"2022-09-11"	"Chepstow"	"Zealot"	"1.00"	"2.19"	"Handicap"	"9"	"14"	"Downing, George"	"Houghton, Eve Johnson"	"1m "	"6"	"8"	"1"	"12"
"13:25:00"	"2022-09-11"	"Chepstow"	"Kaswarah (IRE)"	"14.00"	"15.57"	"Handicap"	"4"	"5"	"Mangan, Gina"	"Oshea, J G M"	"5f "	"6"	"3"	"8"	"10"
"17:28:00"	"2022-09-08"	"Doncaster"	"May Remain"	"80.00"	"124.68"	"Handicap"	"10"	"12"	"Croot, Elle-May"	"Furtado, Ivan"	"5.5f "	"5"	"10"	"10"	"11"
"17:15:00"	"2022-09-08"	"Chepstow"	"Shesadabber"	"2.50"	"3.49"	"Handicap"	"1"	"10"	"Dennis, Phil"	"Mullineaux, M"	"5f "	"6"	"9"	"2"	"9"
"17:15:00"	"2022-09-08"	"Chepstow"	"Kaswarah (IRE)"	"22.00"	"34"	"Handicap"	"8"	"10"	"Mangan, Gina"	"Oshea, J G M"	"5f "	"6"	"9"	"9"	"15"
"16:55:00"	"2022-09-08"	"Doncaster"	"Never Dark"	"11.00"	"16.66"	"Handicap"	"2"	"13"	"Peate, Jonny"	"Jardine, I"	"5.5f "	"5"	"6"	"9"	"11"
"16:55:00"	"2022-09-08"	"Doncaster"	"Pockley"	"2.75"	"3.97"	"Handicap"	"7"	"13"	"Rodriguez, Callum"	"Perratt, Miss L A"	"5.5f "	"5"	"7"	"5"	"11"
"16:55:00"	"2022-09-08"	"Doncaster"	"Cottam Lane"	"8.00"	"13.54"	"Handicap"	"8"	"13"	"McManoman, Faye"	"Tinkler, N"	"5.5f "	"5"	"9"	"5"	"10"
"16:55:00"	"2022-09-08"	"Doncaster"	"La Roca Del Fuego (IRE)"	"25.00"	"40"	"Handicap"	"12"	"13"	"Bass, George"	"Deacon, Geoffrey"	"5.5f "	"5"	"9"	"7"	"7"
"16:45:00"	"2022-09-08"	"Chepstow"	"Willingly"	"1.63"	"2.74"	"Handicap"	"1"	"5"	"Winn, Mark"	"Usher, M D I"	"5f "	"5"	"9"	"5"	"9"
"16:45:00"	"2022-09-08"	"Chepstow"	"Rhubarb"	"4.50"	"5.99"	"Handicap"	"3"	"5"	"Phillips, Mollie"	"Price, R J"	"5f "	"5"	"10"	"4"	"10"
"16:10:00"	"2022-09-08"	"Chepstow"	"Peachey Carnehan"	"2.75"	"4.39"	"Handicap"	"1"	"10"	"Dennis, Phil"	"Mullineaux, M"	"6f "	"6"	"9"	"2"	"15"
"16:10:00"	"2022-09-08"	"Chepstow"	"Fact Or Fable (IRE)"	"12.00"	"21.08"	"Handicap"	"2"	"10"	"Bishop, Charles"	"Moore, J S"	"6f "	"6"	"9"	"13"	"15"
"16:10:00"	"2022-09-08"	"Chepstow"	"On Edge"	"1.88"	"3.05"	"Handicap"	"3"	"10"	"Phillips, Mollie"	"Mason, Christopher"	"6f "	"6"	"9"	"1"	"15"
"16:10:00"	"2022-09-08"	"Chepstow"	"Diamond Cottage"	"3.50"	"5.4"	"Handicap"	"4"	"10"	"Coakley, Ross"	"Saunders, M S"	"6f "	"6"	"10"	"2"	"10"
"16:10:00"	"2022-09-08"	"Chepstow"	"Musaytir (IRE)"	"100.00"	"170"	"Handicap"	"8"	"10"	"Mangan, Gina"	"Harris, Miss G"	"6f "	"6"	"9"	"11"	"15"
"19:15:00"	"2022-09-07"	"Cork"	"Miracles In May (IRE)"	"10.00"	"19"	"Handicap"	"3"	"23"	"Coen, Ben M"	"Cahill, Mark"	"7f "	"0"	"9"	"4"	"15"
"19:15:00"	"2022-09-07"	"Cork"	"Almost An Angel"	"66.00"	"183.25"	"Handicap"	"20"	"23"	"Faulkner, Kyle"	"Larkin, J"	"7f "	"0"	"9"	"10"	"15"
"17:45:00"	"2022-09-07"	"Cork"	"Is That Love (IRE)"	"12.00"	"23"	"Handicap"	"2"	"16"	"MacRedmond, Cian"	"McGuinness, Adrian"	"6f "	"0"	"9"	"9"	"13"
"17:45:00"	"2022-09-07"	"Cork"	"Iva Batt (IRE)"	"11.00"	"16.71"	"Handicap"	"5"	"16"	"Carroll, G F"	"Murphy, Joseph G"	"6f "	"0"	"4"	"9"	"9"
"15:00:00"	"2022-09-07"	"Doncaster"	"Absolute Dream (IRE)"	"11.00"	"17.5"	"Non-Handicap"	"1"	"16"	"Bell, Samantha"	"Fahey, R A"	"1m "	"5"	"9"	"3"	"10"
"15:00:00"	"2022-09-07"	"Doncaster"	"Strangerontheshore"	"18.00"	"29"	"Non-Handicap"	"5"	"16"	"Tinkler, Andrew"	"Tinkler, N"	"1m "	"5"	"10"	"6"	"12"
"15:00:00"	"2022-09-07"	"Doncaster"	"Yoshimi (IRE)"	"25.00"	"33.25"	"Non-Handicap"	"7"	"16"	"Crosse, Dave"	"Herrington,M "	"1m "	"5"	"8"	"4"	"8"
"15:00:00"	"2022-09-07"	"Doncaster"	"Arranmore"	"16.00"	"26"	"Non-Handicap"	"11"	"16"	"Lane, A P"	"OMeara, D"	"1m "	"5"	"8"	"2"	"8"
"13:50:00"	"2022-09-07"	"Doncaster"	"Sound Of Iona"	"3.00"	"4.19"	"Handicap"	"5"	"14"	"Waugh, Amie"	"Goldie, J S"	"6f "	"4"	"4"	"3"	"9"
"13:50:00"	"2022-09-07"	"Doncaster"	"Glorious Rio (IRE)"	"14.00"	"30.25"	"Handicap"	"6"	"14"	"Peate, Jonny"	"Barclay, Stella"	"6f "	"4"	"8"	"1"	"10"
"13:50:00"	"2022-09-07"	"Doncaster"	"Intervention"	"12.00"	"14.79"	"Handicap"	"8"	"14"	"Larson, Frederick"	"Appleby, M"	"6f "	"4"	"10"	"1"	"5"
"13:50:00"	"2022-09-07"	"Doncaster"	"Embour (IRE)"	"20.00"	"33.84"	"Handicap"	"11"	"14"	"Carver, William"	"Carr, Mrs R A"	"6f "	"4"	"6"	"10"	"12"
"17:20:00"	"2022-09-06"	"Goodwood"	"Lovely Breeze (IRE)"	"3.00"	"4.3"	"Handicap"	"1"	"8"	"Fallon, Cieren"	"Palmer, Hugo"	"6f "	"4"	"10"	"8"	"11"
"17:05:00"	"2022-09-06"	"Catterick"	"John Kirkup"	"2.75"	"3.88"	"Handicap"	"4"	"7"	"Beasley, Connor"	"Thompson, D W"	"5f "	"5"	"10"	"3"	"9"
"17:00:00"	"2022-09-06"	"Leicester"	"Gustav Graves"	"2.50"	"3.71"	"Handicap"	"1"	"8"	"Muscutt, D"	"Shaw, D"	"5f "	"5"	"3"	"2"	"9"
"17:00:00"	"2022-09-06"	"Leicester"	"Foreseeable Future (FR)"	"8.00"	"11.5"	"Handicap"	"2"	"8"	"Davies, Harry"	"Carr, Mrs R A"	"5f "	"5"	"9"	"6"	"8"
"17:00:00"	"2022-09-06"	"Leicester"	"Blissful Song (IRE)"	"2.50"	"3.9"	"Handicap"	"5"	"8"	"Ladd, Theodore"	"Appleby, M"	"5f "	"5"	"7"	"3"	"7"
"15:05:00"	"2022-09-03"	"Navan"	"Curraheen Princess (IRE)"	"5.50"	"6.6"	"Handicap"	"1"	"9"	"Doyle, Joe"	"Stokes, N"	"5f "	"0"	"10"	"2"	"10"
"15:05:00"	"2022-09-03"	"Navan"	"Tide Of Time"	"8.50"	"12"	"Handicap"	"2"	"9"	"Woods, Sorcha"	"Lynam, Edward"	"5f "	"0"	"10"	"1"	"10"
"16:55:00"	"2022-09-02"	"Ascot"	"Sound Of Iona"	"1.75"	"2.73"	"Handicap"	"1"	"11"	"Waugh, Amie"	"Goldie, J S"	"6f "	"4"	"1"	"2"	"11"
"15:38:00"	"2022-09-02"	"Haydock"	"Soul Seeker (IRE)"	"2.50"	"3.88"	"Handicap"	"2"	"11"	"Tudhope, Daniel"	"OMeara, D"	"5f "	"4"	"6"	"2"	"9"
"15:38:00"	"2022-09-02"	"Haydock"	"Street Life"	"6.00"	"8.8"	"Handicap"	"4"	"11"	"Cole, Morgan"	"Morris, Patrick"	"5f "	"4"	"4"	"1"	"11"
"15:38:00"	"2022-09-02"	"Haydock"	"Never Dark"	"14.00"	"23"	"Handicap"	"9"	"11"	"Wheatley, Zak"	"Jardine, I"	"5f "	"4"	"8"	"10"	"10"
"17:30:00"	"2022-09-01"	"Windsor"	"Mokaatil"	"16.00"	"25.38"	"Handicap"	"6"	"11"	"Kirby, Adam"	"Williams, Ian"	"6f "	"3"	"7"	"5"	"13"
"19:25:00"	"2022-08-31"	"Hamilton"	"Iris Dancer"	"2.00"	"3.13"	"Handicap"	"5"	"6"	"Hart, Jason"	"Davidson, Tristan"	"6f "	"4"	"7"	"5"	"8"
"17:55:00"	"2022-08-31"	"Hamilton"	"Slainte Mhath"	"2.50"	"4"	"Handicap"	"1"	"9"	"Dennis, Phil"	"Scott, Miss Katie"	"6f "	"6"	"5"	"4"	"11"
"17:55:00"	"2022-08-31"	"Hamilton"	"Zig Zag Zyggy (IRE)"	"10.00"	"11.33"	"Handicap"	"3"	"9"	"OShea, T P"	"Goldie, J S"	"6f "	"6"	"5"	"6"	"11"
"17:50:00"	"2022-08-30"	"Carlisle"	"Gorgeous General"	"14.00"	"17"	"Handicap"	"8"	"15"	"Wilkie, Brandon"	"Mullaney, L A"	"6f "	"6"	"2"	"7"	"8"
"17:50:00"	"2022-08-30"	"Carlisle"	"Little Chance"	"100.00"	"286.81"	"Handicap"	"15"	"15"	"Elliott, Andrew"	"West, S G"	"6f "	"6"	"3"	"8"	"10"
"17:15:00"	"2022-08-30"	"Carlisle"	"Canaria Prince"	"4.00"	"5.5"	"Handicap"	"8"	"10"	"Kirrane, Sean"	"Easterby, T D"	"5f "	"5"	"6"	"1"	"8"
"15:40:00"	"2022-08-30"	"Ripon"	"Surprise Picture (IRE)"	"5.50"	"8"	"Handicap"	"7"	"10"	"Watson, Jason"	"Dalgleish, Keith"	"6f "	"4"	"3"	"5"	"13"
"15:30:00"	"2022-08-30"	"Chepstow"	"Painless Potter (IRE)"	"5.50"	"22"	"Novices"	"1"	"6"	"Ingram, Rhiain B"	"Lycett, Shaun"	"1m "	"5"	"8"	"4"	"7"
"14:25:00"	"2022-08-30"	"Chepstow"	"On Edge"	"11.00"	"14"	"Non-Handicap"	"1"	"15"	"Phillips, Mollie"	"Mason, Christopher"	"6f "	"6"	"8"	"6"	"12"
"14:25:00"	"2022-08-30"	"Chepstow"	"Bama Lama"	"3.33"	"5.21"	"Non-Handicap"	"3"	"15"	"Carver, William"	"Millman, B R"	"6f "	"6"	"8"	"2"	"10"
"14:25:00"	"2022-08-30"	"Chepstow"	"Perfect Symphony (IRE)"	"50.00"	"75"	"Non-Handicap"	"6"	"15"	"Bryan, Joshua"	"Pattinson, Mark"	"6f "	"6"	"8"	"4"	"5"
"14:25:00"	"2022-08-30"	"Chepstow"	"Luscifer"	"16.00"	"18.8"	"Non-Handicap"	"7"	"15"	"Whelan, Trevor"	"Harris, R A"	"6f "	"6"	"8"	"5"	"12"
"14:25:00"	"2022-08-30"	"Chepstow"	"Musaytir (IRE)"	"100.00"	"193.37"	"Non-Handicap"	"11"	"15"	"Hutchinson, Callum"	"Harris, Miss G"	"6f "	"6"	"8"	"10"	"12"
"14:25:00"	"2022-08-30"	"Chepstow"	"Fact Or Fable (IRE)"	"7.00"	"13"	"Non-Handicap"	"13"	"15"	"Keniry, L P"	"Moore, J S"	"6f "	"6"	"8"	"2"	"12"
"16:41:00"	"2022-08-29"	"Chepstow"	"Macs Dilemma (IRE)"	"2.25"	"3.5"	"Handicap"	"4"	"6"	"Mangan, Gina"	"Oshea, J G M"	"7f "	"4"	"7"	"1"	"7"
"15:31:00"	"2022-08-29"	"Chepstow"	"Chifa (IRE)"	"8.50"	"11"	"Handicap"	"2"	"10"	"Whelan, Trevor"	"De Giles, Ed"	"7f "	"6"	"7"	"4"	"12"
"15:31:00"	"2022-08-29"	"Chepstow"	"Gilt Edge"	"4.00"	"5.94"	"Handicap"	"6"	"10"	"Phillips, Mollie"	"Mason, Christopher"	"7f "	"6"	"7"	"2"	"7"
"14:56:00"	"2022-08-29"	"Chepstow"	"Rhubarb"	"4.00"	"6"	"Handicap"	"4"	"10"	"Keeley, Aidan"	"Price, R J"	"6f "	"6"	"2"	"6"	"8"
"14:56:00"	"2022-08-29"	"Chepstow"	"Clashaniska (IRE)"	"10.00"	"13.15"	"Handicap"	"7"	"10"	"Marsh, Finley"	"Wintle, A"	"6f "	"6"	"7"	"3"	"12"
"17:10:00"	"2022-08-28"	"Yarmouth"	"Porfin (IRE)"	"9.00"	"9.43"	"Handicap"	"3"	"5"	"McEntee, Grace"	"McEntee, P S"	"6f "	"5"	"6"	"6"	"6"
"16:25:00"	"2022-08-28"	"Beverley"	"Birdie Bowers (IRE)"	"1.63"	"2.7"	"Handicap"	"1"	"8"	"Allan, David"	"Thompson, D W"	"5f "	"6"	"1"	"2"	"10"
"19:20:00"	"2022-08-27"	"Redcar"	"Dreamcasing"	"0.83"	"1.91"	"Handicap"	"6"	"10"	"James, S H"	"Tuer, Grant"	"6f "	"6"	"1"	"3"	"7"
"19:20:00"	"2022-08-27"	"Redcar"	"Lord Of The Glen"	"28.00"	"50"	"Handicap"	"7"	"10"	"Watts, Shannon"	"Goldie, J S"	"6f "	"6"	"10"	"4"	"5"
"17:50:00"	"2022-08-27"	"Redcar"	"Star Shield"	"12.00"	"15.3"	"Handicap"	"2"	"11"	"Nolan, D"	"OMeara, D"	"1m "	"4"	"9"	"3"	"9"
"17:50:00"	"2022-08-27"	"Redcar"	"Cassy O (IRE)"	"25.00"	"42"	"Handicap"	"10"	"11"	"Fentiman, Duran"	"Easterby, T D"	"1m "	"4"	"7"	"11"	"11"
"16:58:00"	"2022-08-27"	"Newmarket (July)"	"Isle Of Lismore (IRE)"	"3.33"	"4.8"	"Handicap"	"1"	"8"	"Dawson, R"	"Cowell, R M H"	"5f "	"4"	"7"	"2"	"10"
"15:55:00"	"2022-08-27"	"Windsor"	"Amasova"	"4.00"	"5.46"	"Handicap"	"4"	"8"	"ONeill, K T"	"Haynes, Alice"	"5f "	"5"	"10"	"3"	"7"
"15:45:00"	"2022-08-27"	"Beverley"	"John Kirkup"	"10.00"	"12.74"	"Handicap"	"3"	"9"	"Rodriguez, Callum"	"Thompson, D W"	"5f "	"5"	"8"	"5"	"11"
"19:53:00"	"2022-08-26"	"Hamilton"	"Impressor (IRE)"	"7.00"	"9.62"	"Handicap"	"2"	"11"	"Marquand, Tom"	"Makin, Phillip"	"5f "	"6"	"9"	"3"	"5"
"19:53:00"	"2022-08-26"	"Hamilton"	"Burj Malinka (IRE)"	"1.75"	"2.88"	"Handicap"	"3"	"11"	"Coughlan, Laura"	"Nicholls, Adrian"	"5f "	"6"	"10"	"1"	"7"
"19:53:00"	"2022-08-26"	"Hamilton"	"Zig Zag Zyggy (IRE)"	"9.00"	"15.87"	"Handicap"	"6"	"11"	"OShea, T P"	"Goldie, J S"	"5f "	"6"	"10"	"4"	"7"
"17:01:00"	"2022-08-26"	"Goodwood"	"Firenze Rosa (IRE)"	"12.00"	"16.85"	"Handicap"	"1"	"11"	"Mangan, Gina"	"Bridger, J / Cook, R"	"6f "	"5"	"6"	"4"	"5"
"17:01:00"	"2022-08-26"	"Goodwood"	"Secret Handsheikh"	"7.00"	"7.45"	"Handicap"	"8"	"11"	"McEntee, Grace"	"Gallagher, J"	"6f "	"5"	"8"	"1"	"6"
"14:50:00"	"2022-08-24"	"Musselburgh"	"Canaria Prince"	"3.00"	"4.1"	"Handicap"	"1"	"8"	"Dennis, Phil"	"Easterby, T D"	"5f "	"6"	"7"	"1"	"5"
"14:50:00"	"2022-08-24"	"Musselburgh"	"Mrs Bagerran (IRE)"	"3.00"	"4.62"	"Handicap"	"5"	"8"	"Swift, Mr Dale"	"Waggott, Miss Tracy"	"5f "	"6"	"9"	"2"	"10"
"16:05:00"	"2022-08-22"	"Chepstow"	"Bama Lama"	"3.00"	"4.4"	"Non-Handicap"	"2"	"10"	"Carver, William"	"Millman, B R"	"5f "	"6"	"4"	"3"	"15"
"16:05:00"	"2022-08-22"	"Chepstow"	"Thegreyvtrain"	"12.00"	"14.2"	"Non-Handicap"	"9"	"10"	"Larson, Frederick"	"Harris, R A"	"5f "	"6"	"7"	"10"	"10"
"15:00:00"	"2022-08-22"	"Chepstow"	"Fact Or Fable (IRE)"	"8.50"	"14.83"	"Non-Handicap"	"2"	"12"	"Keniry, L P"	"Moore, J S"	"7f "	"6"	"7"	"5"	"11"
"15:00:00"	"2022-08-22"	"Chepstow"	"Clashaniska (IRE)"	"2.00"	"3.36"	"Non-Handicap"	"3"	"12"	"Marsh, Finley"	"Wintle, A"	"7f "	"6"	"4"	"1"	"15"
"15:00:00"	"2022-08-22"	"Chepstow"	"Gonzaga"	"16.00"	"20"	"Non-Handicap"	"7"	"12"	"Francis, Isobel"	"Bennett, J A"	"7f "	"6"	"7"	"7"	"11"
"17:06:00"	"2022-08-21"	"Yarmouth"	"Turn Of Phrase"	"25.00"	"34"	"Handicap"	"3"	"5"	"McManoman, Faye"	"Berry, John"	"1m "	"6"	"9"	"5"	"7"
"16:30:00"	"2022-08-21"	"Naas"	"Tammany Hall (IRE)"	"16.00"	"18.5"	"Handicap"	"2"	"17"	"Leonard, Killian"	"McKenna, P J"	"6f "	"0"	"8"	"3"	"19"
"16:30:00"	"2022-08-21"	"Naas"	"Tawaazon (IRE)"	"12.00"	"16.89"	"Handicap"	"3"	"17"	"King, D"	"Hogan, Denis Gerard"	"6f "	"0"	"9"	"10"	"16"
"16:30:00"	"2022-08-21"	"Naas"	"Lion Ring (IRE)"	"7.00"	"9.53"	"Handicap"	"4"	"17"	"Bowen, S D"	"Hogan, Denis Gerard"	"6f "	"0"	"8"	"2"	"19"
"16:30:00"	"2022-08-21"	"Naas"	"Stanhope"	"8.50"	"13.64"	"Handicap"	"6"	"17"	"Rutledge, Siobhan"	"McConnell, John C"	"6f "	"0"	"8"	"4"	"19"
"16:30:00"	"2022-08-21"	"Naas"	"Coffeemeanscoffee (IRE)"	"5.50"	"6.6"	"Handicap"	"11"	"17"	"Sheehy, M P"	"McGuinness, Tom"	"6f "	"0"	"9"	"7"	"16"
"16:12:00"	"2022-08-21"	"Sandown"	"Treacherous"	"6.50"	"8.27"	"Handicap"	"7"	"11"	"Whelan, Trevor"	"De Giles, Ed"	"5f "	"3"	"6"	"2"	"9"
"17:30:00"	"2022-08-20"	"Curragh"	"Rocky Dreams"	"6.00"	"10.5"	"Handicap"	"6"	"21"	"King, D"	"Hogan, Denis Gerard"	"5f "	"0"	"7"	"9"	"19"
"17:30:00"	"2022-08-20"	"Curragh"	"Ever Rock (IRE)"	"7.00"	"10.98"	"Handicap"	"9"	"21"	"Lordan, W M"	"Lambe, J J"	"5f "	"0"	"7"	"6"	"19"
"16:52:00"	"2022-08-19"	"Salisbury"	"Sly Madam"	"3.00"	"4.9"	"Handicap"	"2"	"10"	"McLoughlin, Miss Megan"	"West, Miss Sheena"	"1m "	"5"	"8"	"1"	"11"
"14:05:00"	"2022-08-19"	"Carlisle"	"John Kirkup"	"8.00"	"13.88"	"Handicap"	"5"	"11"	"Swift, Mr Dale"	"Thompson, D W"	"6f "	"5"	"10"	"3"	"9"
"14:05:00"	"2022-08-19"	"Carlisle"	"Earn Your Stripes"	"12.00"	"17.5"	"Handicap"	"9"	"11"	"Breslin, Andrew"	"Smith, R Michael"	"6f "	"5"	"2"	"5"	"5"
"16:35:00"	"2022-08-18"	"Chepstow"	"Master Sully"	"3.33"	"4.34"	"Handicap"	"5"	"6"	"Phillips, Mollie"	"Carroll, A W"	"5f "	"6"	"10"	"2"	"10"
"16:35:00"	"2022-08-18"	"Chepstow"	"Ubahha"	"3.00"	"4.89"	"Handicap"	"6"	"6"	"Larson, Frederick"	"Appleby, M"	"5f "	"6"	"6"	"5"	"8"
"16:00:00"	"2022-08-18"	"Chepstow"	"Clashaniska (IRE)"	"10.00"	"17.65"	"Handicap"	"1"	"15"	"Marsh, Finley"	"Wintle, A"	"6f "	"6"	"7"	"5"	"7"
"16:00:00"	"2022-08-18"	"Chepstow"	"Hagia Sophia"	"1.88"	"3.07"	"Handicap"	"2"	"15"	"Doyle, Hollie"	"Mason, Christopher"	"6f "	"6"	"10"	"1"	"11"
"16:00:00"	"2022-08-18"	"Chepstow"	"Pollinate"	"11.00"	"14.92"	"Handicap"	"10"	"15"	"ONeill, Dane"	"Candy, H"	"6f "	"6"	"10"	"6"	"10"
"15:25:00"	"2022-08-18"	"Chepstow"	"Lilandra (FR)"	"6.00"	"6.37"	"Handicap"	"5"	"9"	"Keeley, Aidan"	"Flint, J L"	"7f "	"6"	"10"	"9"	"11"
"15:25:00"	"2022-08-18"	"Chepstow"	"Dandys Derriere"	"12.00"	"15.48"	"Handicap"	"6"	"9"	"Rooke, George"	"Meehan, B J"	"7f "	"6"	"6"	"7"	"7"
"14:15:00"	"2022-08-18"	"Chepstow"	"Alyara"	"0.62"	"1.7"	"Handicap"	"2"	"3"	"Keeley, Aidan"	"Flint, J L"	"1m "	"5"	"8"	"1"	"6"
"15:15:00"	"2022-08-17"	"Musselburgh"	"Canaria Prince"	"2.25"	"3.77"	"Handicap"	"1"	"5"	"Hart, Jason"	"Easterby, T D"	"5f "	"6"	"9"	"6"	"11"
"15:15:00"	"2022-08-16"	"Hamilton"	"Marks Choice (IRE)"	"2.50"	"3.53"	"Handicap"	"2"	"7"	"Sexton, Ryan"	"Keatley, Adrian Paul"	"6f "	"4"	"3"	"3"	"14"
"15:15:00"	"2022-08-16"	"Hamilton"	"Surprise Picture (IRE)"	"12.00"	"14.9"	"Handicap"	"5"	"7"	"Garritty, Billy"	"Dalgleish, Keith"	"6f "	"4"	"9"	"7"	"17"
"15:15:00"	"2022-08-16"	"Hamilton"	"Global Humor (USA)"	"7.00"	"9"	"Handicap"	"6"	"7"	"Mulrennan, Paul"	"Goldie, J S"	"6f "	"4"	"5"	"11"	"14"
"17:20:00"	"2022-08-15"	"Windsor"	"Foreseeable Future (FR)"	"1.75"	"3"	"Handicap"	"1"	"10"	"Davies, Harry"	"Carr, Mrs R A"	"5f "	"6"	"7"	"1"	"11"
"17:20:00"	"2022-08-15"	"Windsor"	"Lothian"	"12.00"	"16.23"	"Handicap"	"4"	"10"	"Hornby, Rob"	"Attwater, M J"	"5f "	"6"	"10"	"7"	"9"
"17:20:00"	"2022-08-15"	"Windsor"	"Thegreyvtrain"	"7.00"	"9.57"	"Handicap"	"10"	"10"	"Muscutt, D"	"Harris, R A"	"5f "	"6"	"4"	"3"	"7"
"16:55:00"	"2022-08-15"	"Catterick"	"Mrs Bagerran (IRE)"	"6.00"	"7.24"	"Handicap"	"2"	"10"	"Swift, Mr Dale"	"Waggott, Miss Tracy"	"5f "	"6"	"9"	"3"	"12"
"16:55:00"	"2022-08-15"	"Catterick"	"Dapper Man (IRE)"	"7.50"	"10.18"	"Handicap"	"8"	"10"	"Curtis, B A"	"Fell, R / Murray, S"	"5f "	"6"	"10"	"3"	"4"
"17:50:00"	"2022-08-13"	"Curragh"	"Lion Ring (IRE)"	"8.50"	"11.5"	"Handicap"	"2"	"19"	"Bowen, S D"	"Hogan, Denis Gerard"	"6f "	"0"	"10"	"4"	"14"
"17:50:00"	"2022-08-13"	"Curragh"	"Talking Tough (IRE)"	"22.00"	"34"	"Handicap"	"5"	"19"	"McMonagle, Dylan B"	"Duffy, S M"	"6f "	"0"	"10"	"11"	"14"
"17:50:00"	"2022-08-13"	"Curragh"	"Ever Rock (IRE)"	"9.00"	"16.5"	"Handicap"	"6"	"19"	"Ryan, Gavin"	"Lambe, J J"	"6f "	"0"	"10"	"3"	"14"
"17:50:00"	"2022-08-13"	"Curragh"	"Cometh The Man (IRE)"	"18.00"	"32"	"Handicap"	"10"	"19"	"MacRedmond, Cian"	"McGuinness, Adrian"	"6f "	"0"	"9"	"5"	"10"
"17:50:00"	"2022-08-13"	"Curragh"	"Plezantlysurprised"	"6.00"	"10.5"	"Handicap"	"13"	"19"	"Sheehy, Danny"	"Magnier, Jessica"	"6f "	"0"	"7"	"8"	"12"
"17:50:00"	"2022-08-13"	"Curragh"	"Surviving Murmansk (IRE)"	"100.00"	"187.15"	"Handicap"	"18"	"19"	"Davis, Sean"	"OShea, Mrs A M"	"6f "	"0"	"8"	"9"	"14"
"17:36:00"	"2022-08-13"	"Newmarket (July)"	"Queen Of Burgundy"	"6.00"	"7.56"	"Handicap"	"2"	"5"	"Ladd, Theodore"	"Appleby, M"	"1m "	"4"	"7"	"1"	"10"
"15:18:00"	"2022-08-13"	"Newmarket (July)"	"Verreaux Eagle (IRE)"	"2.75"	"3.85"	"Handicap"	"2"	"5"	"Doyle, James"	"Dunlop, E A L"	"6f "	"4"	"7"	"5"	"6"
"15:18:00"	"2022-08-13"	"Newmarket (July)"	"Come On Girl"	"3.33"	"4.35"	"Handicap"	"4"	"5"	"Ladd, Theodore"	"Appleby, M"	"6f "	"4"	"7"	"1"	"10"
"14:55:00"	"2022-08-13"	"Curragh"	"Prisoners Dilemma"	"3.00"	"4.32"	"Handicap"	"1"	"8"	"Sheridan, J M"	"Levins, J F"	"6f "	"0"	"8"	"3"	"6"
"14:55:00"	"2022-08-13"	"Curragh"	"Sunset Nova (IRE)"	"12.00"	"14"	"Handicap"	"3"	"8"	"Hayes, Amy Jo"	"Slattery, Andrew"	"6f "	"0"	"9"	"1"	"18"
"18:48:00"	"2022-08-12"	"Newmarket (July)"	"Just Amber"	"3.50"	"4.83"	"Handicap"	"1"	"8"	"Cox, William"	"Cox, C G"	"1m "	"5"	"8"	"1"	"6"
"18:48:00"	"2022-08-12"	"Newmarket (July)"	"Catch My Breath"	"9.00"	"12.5"	"Handicap"	"4"	"8"	"Keenan, Darragh"	"Ryan, J"	"1m "	"5"	"3"	"9"	"10"
"18:07:00"	"2022-08-12"	"Thirsk"	"Birkenhead"	"14.00"	"18.5"	"Handicap"	"5"	"8"	"Lee, G"	"Midgley, P T"	"5f "	"4"	"7"	"4"	"4"
"18:07:00"	"2022-08-12"	"Thirsk"	"Smeatons Light (IRE)"	"4.00"	"6.4"	"Handicap"	"6"	"8"	"Curtis, B A"	"Channon, M R"	"5f "	"4"	"7"	"5"	"11"
"18:07:00"	"2022-08-12"	"Thirsk"	"Modular Magic"	"8.00"	"11"	"Handicap"	"8"	"8"	"Robinson, Ben"	"Barron, T D"	"5f "	"4"	"5"	"7"	"13"
"17:45:00"	"2022-08-12"	"Newmarket (July)"	"Jack Ryan (IRE)"	"66.00"	"210.59"	"Handicap"	"7"	"7"	"Howarth, Christian"	"Ryan, J"	"6f "	"4"	"9"	"7"	"8"
"13:45:00"	"2022-08-12"	"Nottingham"	"Harrogate (IRE)"	"5.00"	"7.16"	"Handicap"	"1"	"8"	"Nolan, D"	"Midgley, P T"	"5f "	"6"	"5"	"10"	"13"
"13:45:00"	"2022-08-12"	"Nottingham"	"Porfin (IRE)"	"9.00"	"13.71"	"Handicap"	"4"	"8"	"McEntee, Grace"	"McEntee, P S"	"5f "	"6"	"7"	"1"	"5"
"13:45:00"	"2022-08-12"	"Nottingham"	"Ubahha"	"2.50"	"3.61"	"Handicap"	"5"	"8"	"Larson, Frederick"	"Appleby, M"	"5f "	"6"	"5"	"4"	"5"
"13:45:00"	"2022-08-12"	"Nottingham"	"Grandfather Tom"	"5.00"	"7.21"	"Handicap"	"6"	"8"	"Morris, Luke"	"Cowell, R M H"	"5f "	"6"	"9"	"2"	"8"
"13:45:00"	"2022-08-12"	"Nottingham"	"Coleys Koko (IRE)"	"5.50"	"7.5"	"Handicap"	"7"	"8"	"Hanagan, Paul"	"Tinkler, N"	"5f "	"6"	"4"	"4"	"11"
"16:05:00"	"2022-08-11"	"Ffos Las"	"Ellie Piper"	"2.00"	"3.49"	"Non-Handicap"	"1"	"7"	"Currie, Nicola"	"Brisland, Robyn"	"5f "	"6"	"3"	"5"	"10"
"16:05:00"	"2022-08-11"	"Ffos Las"	"Clashaniska (IRE)"	"3.50"	"5.4"	"Non-Handicap"	"5"	"7"	"Probert, David"	"Wintle, A"	"5f "	"6"	"9"	"5"	"11"
"15:40:00"	"2022-08-11"	"Salisbury"	"Sly Madam"	"6.50"	"9.2"	"Handicap"	"1"	"11"	"Carver, William"	"West, Miss Sheena"	"1m "	"6"	"7"	"2"	"6"
"15:30:00"	"2022-08-11"	"Ffos Las"	"Gilt Edge"	"5.50"	"7.8"	"Handicap"	"3"	"7"	"Planas, Connor"	"Mason, Christopher"	"6f "	"5"	"10"	"5"	"10"
"15:30:00"	"2022-08-11"	"Ffos Las"	"Celerity (IRE)"	"125.00"	"335.96"	"Handicap"	"7"	"7"	"Rooke, George"	"Williamson, Mrs L"	"6f "	"5"	"9"	"3"	"6"
"15:05:00"	"2022-08-11"	"Salisbury"	"Silent Flame"	"1.75"	"2.67"	"Handicap"	"2"	"4"	"Coakley, Ross"	"Millman, B R"	"6f "	"4"	"7"	"8"	"13"
"15:05:00"	"2022-08-11"	"Salisbury"	"Sarahs Verse"	"4.50"	"6.06"	"Handicap"	"3"	"4"	"Larson, Frederick"	"Harris, R A"	"6f "	"4"	"10"	"1"	"10"
"14:45:00"	"2022-08-11"	"Beverley"	"Arnold"	"2.75"	"4"	"Handicap"	"6"	"11"	"Gray, S A"	"Duffield, Mrs A"	"5f "	"5"	"8"	"2"	"12"
"14:45:00"	"2022-08-11"	"Beverley"	"Gorgeous General"	"25.00"	"44.7"	"Handicap"	"7"	"11"	"Mathers, Patrick"	"Mullaney, L A"	"5f "	"5"	"10"	"8"	"10"
"15:55:00"	"2022-08-10"	"Yarmouth"	"Fangorn"	"14.00"	"15.5"	"Handicap"	"3"	"5"	"Bass, George"	"Channon, M R"	"7f "	"5"	"6"	"5"	"5"
"14:30:00"	"2022-08-10"	"Salisbury"	"Symbol of Hope"	"12.00"	"14.23"	"Handicap"	"3"	"6"	"Dawson, R"	"Harris, Miss G"	"5f "	"4"	"9"	"4"	"10"
"14:30:00"	"2022-08-10"	"Salisbury"	"Delagate This Lord"	"5.00"	"6.67"	"Handicap"	"4"	"6"	"Watson, Jason"	"Hodgson, Simon"	"5f "	"4"	"9"	"7"	"10"
"13:50:00"	"2022-08-10"	"Yarmouth"	"Vitesse Du Son"	"4.50"	"6.2"	"Handicap"	"2"	"8"	"Howarth, Christian"	"Haynes, Alice"	"7f "	"6"	"7"	"1"	"8"
"13:50:00"	"2022-08-10"	"Yarmouth"	"Brazen Arrow"	"33.00"	"53.05"	"Handicap"	"6"	"8"	"ONeill, K T"	"Dunnett, Mrs C A"	"7f "	"6"	"8"	"5"	"11"
"13:30:00"	"2022-08-10"	"Salisbury"	"Amathus (IRE)"	"2.50"	"4.46"	"Handicap"	"3"	"7"	"Voikhansky, Alexander"	"Chamings, P R"	"7f "	"5"	"7"	"1"	"6"
"18:50:00"	"2022-08-09"	"Carlisle"	"Water Of Leith (IRE)"	"1.75"	"3.02"	"Handicap"	"7"	"9"	"Mulrennan, Paul"	"Goldie, J S"	"5f "	"4"	"3"	"1"	"8"
"16:25:00"	"2022-08-09"	"Nottingham"	"Cooperation (IRE)"	"2.25"	"3.55"	"Handicap"	"1"	"7"	"Brookes, Aiden"	"Murphy, Mike"	"6f "	"6"	"5"	"1"	"5"
"16:25:00"	"2022-08-09"	"Nottingham"	"Mehmo (IRE)"	"18.00"	"20.39"	"Handicap"	"6"	"7"	"Larson, Frederick"	"Dunnett, Mrs C A"	"6f "	"6"	"6"	"7"	"8"
"15:50:00"	"2022-08-09"	"Nottingham"	"Night On Earth (IRE)"	"4.00"	"5"	"Non-Handicap"	"1"	"4"	"Larson, Frederick"	"Appleby, M"	"5f "	"3"	"5"	"12"	"12"
"15:50:00"	"2022-08-09"	"Nottingham"	"Whenthedealinsdone"	"5.50"	"7.2"	"Non-Handicap"	"2"	"4"	"Probert, David"	"Teal, R A"	"5f "	"3"	"10"	"21"	"28"
"16:35:00"	"2022-08-08"	"Windsor"	"Kaths Toyboy"	"3.33"	"5.98"	"Handicap"	"5"	"11"	"Hutchinson, Callum"	"Murphy, Mike"	"6f "	"6"	"9"	"2"	"12"
"16:35:00"	"2022-08-08"	"Windsor"	"Youllovemewheniwin (IRE)"	"5.00"	"7.71"	"Handicap"	"6"	"11"	"Timms, Oliver"	"Holland, Darryll"	"6f "	"6"	"9"	"6"	"12"
"16:45:00"	"2022-08-07"	"Haydock"	"Devils Angel"	"50.00"	"110.94"	"Handicap"	"1"	"17"	"Shepherd, Callum"	"OKeeffe, Jedd"	"6f "	"4"	"9"	"5"	"6"
"16:45:00"	"2022-08-07"	"Haydock"	"Tipperary Tiger (IRE)"	"9.00"	"12.81"	"Handicap"	"6"	"17"	"Lee, Clifford"	"Burke, K R"	"6f "	"4"	"8"	"5"	"9"
"16:45:00"	"2022-08-07"	"Haydock"	"Surprise Picture (IRE)"	"11.00"	"15.11"	"Handicap"	"7"	"17"	"Garritty, Billy"	"Dalgleish, Keith"	"6f "	"4"	"8"	"1"	"9"
"15:45:00"	"2022-08-07"	"Haydock"	"Glorious Rio (IRE)"	"7.50"	"11"	"Handicap"	"4"	"13"	"Peate, Jonny"	"Barclay, Stella"	"5f "	"4"	"6"	"1"	"11"
"15:45:00"	"2022-08-07"	"Haydock"	"Show Me Show Me"	"8.00"	"9.4"	"Handicap"	"5"	"13"	"Brookes, Aiden"	"Fahey, R A"	"5f "	"4"	"9"	"3"	"8"
"15:45:00"	"2022-08-07"	"Haydock"	"The Thin Blue Line (IRE)"	"6.00"	"8.4"	"Handicap"	"9"	"13"	"Wilkie, Brandon"	"Dalgleish, Keith"	"5f "	"4"	"3"	"6"	"12"
"19:45:00"	"2022-08-06"	"Ayr"	"Water Of Leith (IRE)"	"1.50"	"2.58"	"Handicap"	"1"	"8"	"Mulrennan, Paul"	"Goldie, J S"	"6f "	"5"	"5"	"1"	"7"
"18:15:00"	"2022-08-06"	"Ayr"	"Sixcor"	"3.50"	"5.04"	"Handicap"	"1"	"6"	"Russell, Harry"	"Perratt, Miss L A"	"5f "	"6"	"8"	"4"	"5"
"16:55:00"	"2022-08-06"	"Curragh"	"Miss Molly T (IRE)"	"4.00"	"5.4"	"Handicap"	"4"	"12"	"Keane, C T"	"Keane, Gerard"	"6f "	"0"	"7"	"5"	"15"
"16:02:00"	"2022-08-06"	"Redcar"	"Cuppacoco"	"5.50"	"8.15"	"Non-Handicap"	"2"	"12"	"Gray, S A"	"Duffield, Mrs A"	"5f "	"6"	"10"	"2"	"12"
"16:02:00"	"2022-08-06"	"Redcar"	"Hard Solution"	"2.75"	"3.94"	"Non-Handicap"	"6"	"12"	"Watson, Jason"	"OMeara, D"	"5f "	"6"	"1"	"3"	"12"
"16:02:00"	"2022-08-06"	"Redcar"	"Qaaraat"	"20.00"	"28"	"Non-Handicap"	"10"	"12"	"Hardie, Cameron"	"Brittain, Antony"	"5f "	"6"	"8"	"6"	"14"
"14:52:00"	"2022-08-06"	"Redcar"	"Give It Some Teddy"	"2.50"	"3.45"	"Handicap"	"2"	"10"	"Fentiman, Duran"	"Easterby, T D"	"1m "	"4"	"7"	"4"	"16"
"13:35:00"	"2022-08-06"	"Ascot"	"Bowman (IRE)"	"12.00"	"12.65"	"Non-Handicap"	"4"	"7"	"McEvoy, Kerrin"	"Mongan, Mrs L J"	"7f "	"3"	"10"	"10"	"18"
"13:35:00"	"2022-08-06"	"Ascot"	"Gweedore"	"7.00"	"9.05"	"Non-Handicap"	"7"	"7"	"Wilson, Emma Jayne"	"Scott, Miss Katie"	"7f "	"3"	"7"	"13"	"16"
"15:10:00"	"2022-08-05"	"Musselburgh"	"Global Humor (USA)"	"1.38"	"2.46"	"Handicap"	"2"	"4"	"Mulrennan, Paul"	"Goldie, J S"	"5f "	"5"	"7"	"2"	"5"
"14:00:00"	"2022-08-05"	"Thirsk"	"Hard Solution"	"16.00"	"26"	"Non-Handicap"	"3"	"12"	"Winn, Mark"	"OMeara, D"	"6f "	"6"	"9"	"4"	"11"
"14:00:00"	"2022-08-05"	"Thirsk"	"Sharrabang"	"3.50"	"5"	"Non-Handicap"	"4"	"12"	"Cole, Morgan"	"Barclay, Stella"	"6f "	"6"	"7"	"2"	"8"
"19:40:00"	"2022-08-04"	"Doncaster"	"The Thin Blue Line (IRE)"	"10.00"	"13.5"	"Handicap"	"6"	"12"	"Lee, G"	"Dalgleish, Keith"	"5f "	"3"	"6"	"2"	"8"
"19:40:00"	"2022-08-04"	"Doncaster"	"Lihou"	"6.00"	"6.91"	"Handicap"	"7"	"12"	"Lee, Clifford"	"Evans, P D"	"5f "	"3"	"9"	"4"	"15"
"19:40:00"	"2022-08-04"	"Doncaster"	"Spring Bloom"	"5.00"	"7"	"Handicap"	"11"	"12"	"Shoemark, Kieran"	"Eddery, Robert"	"5f "	"3"	"10"	"1"	"4"
"19:40:00"	"2022-08-04"	"Doncaster"	"Night On Earth (IRE)"	"10.00"	"14"	"Handicap"	"12"	"12"	"Hanagan, Paul"	"Appleby, M"	"5f "	"3"	"9"	"3"	"15"
"19:10:00"	"2022-08-04"	"Doncaster"	"Concierge (IRE)"	"12.00"	"17.5"	"Handicap"	"9"	"13"	"Currie, Nicola"	"Attwater, M J"	"6f "	"3"	"6"	"4"	"6"
"18:10:00"	"2022-08-04"	"Doncaster"	"Yaaser (IRE)"	"10.00"	"15.31"	"Handicap"	"1"	"14"	"Sullivan, James P"	"Goldie, J S"	"7f "	"3"	"10"	"1"	"9"
"18:10:00"	"2022-08-04"	"Doncaster"	"Starshiba"	"12.00"	"16.7"	"Handicap"	"7"	"14"	"Watson, Jason"	"OMeara, D"	"7f "	"3"	"10"	"4"	"13"
"17:40:00"	"2022-08-04"	"Doncaster"	"Visibility (IRE)"	"20.00"	"25.46"	"Handicap"	"8"	"13"	"Cosgrave, Pat"	"Dixon, Scott"	"1m "	"3"	"5"	"7"	"16"
"16:40:00"	"2022-08-04"	"Yarmouth"	"Kraka (IRE)"	"125.00"	"314.97"	"Handicap"	"1"	"6"	"Storey, Collen"	"Dunnett, Mrs C A"	"1m "	"6"	"5"	"7"	"9"
"16:40:00"	"2022-08-04"	"Yarmouth"	"Anglo Saxson (IRE)"	"0.67"	"1.77"	"Handicap"	"3"	"6"	"Steward, Louis"	"Owens, Patrick"	"1m "	"6"	"9"	"1"	"10"
"16:00:00"	"2022-08-04"	"Nottingham"	"Little Muddy"	"4.00"	"5.3"	"Handicap"	"3"	"5"	"Swift, Mr Dale"	"Spencer, Seb"	"6f "	"5"	"10"	"1"	"11"
"20:10:00"	"2022-08-03"	"Yarmouth"	"Bernard Spierpoint"	"12.00"	"16.67"	"Handicap"	"2"	"8"	"Marquand, Tom"	"Wallis, Charlie"	"6f "	"6"	"5"	"8"	"14"
"19:40:00"	"2022-08-03"	"Yarmouth"	"Pretty Shiftwell"	"4.00"	"5.43"	"Non-Handicap"	"4"	"7"	"Catton, Luke"	"Williams, S C"	"5f "	"6"	"8"	"3"	"12"
"19:40:00"	"2022-08-03"	"Yarmouth"	"Enchanted Night"	"5.50"	"7.36"	"Non-Handicap"	"5"	"7"	"ONeill, K T"	"Dunnett, Mrs C A"	"5f "	"6"	"8"	"4"	"12"
"19:40:00"	"2022-08-03"	"Yarmouth"	"Arzaak (IRE)"	"3.50"	"5.2"	"Non-Handicap"	"6"	"7"	"Marquand, Tom"	"Wallis, Charlie"	"5f "	"6"	"8"	"2"	"12"
"16:45:00"	"2022-08-02"	"Catterick"	"Dan De Light (IRE)"	"7.50"	"10"	"Handicap"	"7"	"8"	"Kirrane, Sean"	"Easterby, T D"	"5f "	"6"	"4"	"10"	"14"
"16:00:00"	"2022-08-02"	"Ffos Las"	"Haseef (IRE)"	"4.00"	"6.2"	"Handicap"	"5"	"6"	"Marquand, Tom"	"Walker, Ed"	"5f "	"6"	"10"	"5"	"8"
"20:45:00"	"2022-08-01"	"Carlisle"	"Glorious Rio (IRE)"	"8.00"	"10.26"	"Handicap"	"1"	"11"	"Mason, Joanna"	"Barclay, Stella"	"6f "	"5"	"9"	"18"	"20"
"20:45:00"	"2022-08-01"	"Carlisle"	"Kats Bob"	"1.75"	"3.42"	"Handicap"	"4"	"11"	"McManoman, Faye"	"Jardine, I"	"6f "	"5"	"2"	"2"	"9"
"19:15:00"	"2022-08-01"	"Carlisle"	"Red Allure"	"6.00"	"7.4"	"Handicap"	"1"	"10"	"Muir, Paula"	"Menzies, Rebecca"	"5f "	"6"	"7"	"5"	"12"
"19:15:00"	"2022-08-01"	"Carlisle"	"Sir Benedict (IRE)"	"2.50"	"3.8"	"Handicap"	"3"	"10"	"Gordon, Josephine"	"Barclay, Stella"	"5f "	"6"	"7"	"4"	"11"
"17:15:00"	"2022-08-01"	"Windsor"	"Cherish (FR)"	"5.50"	"7.2"	"Handicap"	"2"	"10"	"Phillips, Mollie"	"Carroll, A W"	"5f "	"5"	"10"	"5"	"7"
"17:15:00"	"2022-08-01"	"Windsor"	"Delagate This Lord"	"6.00"	"9"	"Handicap"	"7"	"10"	"Egan, David"	"Hodgson, Simon"	"5f "	"5"	"9"	"2"	"7"
"16:45:00"	"2022-08-01"	"Naas"	"Showmolina"	"3.00"	"4.58"	"Handicap"	"1"	"23"	"Sheridan, J M"	"Levins, J F"	"6f "	"0"	"10"	"4"	"23"
"16:45:00"	"2022-08-01"	"Naas"	"Markievicz (IRE)"	"16.00"	"35.65"	"Handicap"	"11"	"23"	"Cleary, Jack"	"Lavery, Ms Sheila"	"6f "	"0"	"10"	"9"	"23"
"16:45:00"	"2022-08-01"	"Naas"	"Elegant Ellen (FR)"	"40.00"	"171.45"	"Handicap"	"16"	"23"	"Horgan, C"	"Hogan, Denis Gerard"	"6f "	"0"	"10"	"9"	"12"
"16:45:00"	"2022-08-01"	"Naas"	"Florence Thompson (IRE)"	"10.00"	"24.76"	"Handicap"	"21"	"23"	"Bowen, S D"	"Hogan, Denis Gerard"	"6f "	"0"	"10"	"2"	"23"
"16:45:00"	"2022-08-01"	"Naas"	"Navorrosse (IRE)"	"28.00"	"55"	"Handicap"	"22"	"23"	"Harnett, P A"	"Fahy, P A"	"6f "	"0"	"9"	"10"	"16"
"14:18:00"	"2022-08-01"	"Ayr"	"Water Of Leith (IRE)"	"1.00"	"2.21"	"Handicap"	"1"	"7"	"Mulrennan, Paul"	"Goldie, J S"	"5f "	"6"	"7"	"2"	"11"
"14:18:00"	"2022-08-01"	"Ayr"	"Impressor (IRE)"	"6.00"	"11.87"	"Handicap"	"2"	"7"	"Gray, S A"	"Makin, Phillip"	"5f "	"6"	"7"	"10"	"11"
"14:18:00"	"2022-08-01"	"Ayr"	"Earn Your Stripes"	"2.75"	"3.9"	"Handicap"	"4"	"7"	"Mathers, Patrick"	"Smith, R Michael"	"5f "	"6"	"7"	"6"	"11"
"18:20:00"	"2022-07-30"	"Hamilton"	"Surprise Picture (IRE)"	"8.50"	"11.76"	"Handicap"	"1"	"9"	"Garritty, Billy"	"Dalgleish, Keith"	"6f "	"4"	"8"	"8"	"15"
"18:20:00"	"2022-07-30"	"Hamilton"	"Only Spoofing (IRE)"	"3.50"	"5.3"	"Handicap"	"4"	"9"	"Nolan, D"	"Coleman, Kevin"	"6f "	"4"	"1"	"1"	"8"
"18:20:00"	"2022-07-30"	"Hamilton"	"Dave Dexter"	"25.00"	"36"	"Handicap"	"7"	"9"	"Lee, Clifford"	"Fell, R / Murray, S"	"6f "	"4"	"10"	"10"	"11"
"17:10:00"	"2022-07-30"	"Doncaster"	"Back From Dubai (IRE)"	"3.00"	"4.75"	"Handicap"	"3"	"13"	"Hutchinson, Callum"	"Bowring, S R"	"7f "	"6"	"9"	"1"	"11"
"16:40:00"	"2022-07-30"	"Newmarket (July)"	"Uzincso"	"2.00"	"3.69"	"Handicap"	"2"	"3"	"Kingscote, Richard"	"Butler, John"	"1m "	"4"	"7"	"1"	"11"
"16:35:00"	"2022-07-30"	"Doncaster"	"Captain Vallo (IRE)"	"8.00"	"11.5"	"Handicap"	"3"	"10"	"Scott, Rowan"	"Makin, Phillip"	"6f "	"5"	"8"	"10"	"15"
"15:35:00"	"2022-07-30"	"Newmarket (July)"	"Cuban Breeze"	"4.50"	"6.8"	"Handicap"	"2"	"4"	"Kingscote, Richard"	"Evans, P D"	"6f "	"4"	"8"	"1"	"7"
"15:13:00"	"2022-07-30"	"Thirsk"	"Admirality"	"3.50"	"5.02"	"Handicap"	"3"	"10"	"Tudhope, Daniel"	"Fell, R / Murray, S"	"5f "	"4"	"8"	"6"	"15"
"20:50:00"	"2022-07-29"	"Musselburgh"	"Sugar Baby"	"2.00"	"3.2"	"Handicap"	"1"	"5"	"Rodriguez, Callum"	"Niven, P D"	"5f "	"6"	"7"	"1"	"10"
"20:50:00"	"2022-07-29"	"Musselburgh"	"Sixcor"	"1.38"	"2.5"	"Handicap"	"4"	"5"	"Russell, Harry"	"Perratt, Miss L A"	"5f "	"6"	"4"	"3"	"11"
"20:20:00"	"2022-07-29"	"Musselburgh"	"Only Spoofing (IRE)"	"5.00"	"6.6"	"Handicap"	"1"	"8"	"Gray, S A"	"Coleman, Kevin"	"5f "	"3"	"7"	"7"	"9"
"20:20:00"	"2022-07-29"	"Musselburgh"	"The Thin Blue Line (IRE)"	"3.50"	"5.77"	"Handicap"	"2"	"8"	"Rodriguez, Callum"	"Dalgleish, Keith"	"5f "	"3"	"10"	"2"	"4"
"20:20:00"	"2022-07-29"	"Musselburgh"	"Call Me Ginger"	"2.00"	"3.25"	"Handicap"	"4"	"8"	"Mulrennan, Paul"	"Goldie, J S"	"5f "	"3"	"6"	"1"	"10"
"18:15:00"	"2022-07-28"	"Salisbury"	"Emraan (IRE)"	"7.50"	"9.69"	"Handicap"	"4"	"7"	"Voyce, Miss Abigail Taylor"	"Bowen, Peter / Michael"	"1m "	"6"	"7"	"7"	"12"
"17:30:00"	"2022-07-27"	"Redcar"	"Mr Strutter (IRE)"	"2.50"	"3.69"	"Handicap"	"4"	"8"	"Thompson, Joshua"	"Thompson, D W"	"1m "	"6"	"7"	"3"	"9"
"17:30:00"	"2022-07-27"	"Redcar"	"Mac Ailey"	"3.00"	"4.31"	"Handicap"	"5"	"8"	"Easterby, Mr Thomas"	"Easterby, T D"	"1m "	"6"	"10"	"2"	"11"
"16:20:00"	"2022-07-27"	"Redcar"	"Dick Datchery (IRE)"	"4.50"	"6.3"	"Handicap"	"8"	"12"	"Rodriguez, Callum"	"Wainwright, J S"	"6f "	"6"	"9"	"6"	"12"
"16:20:00"	"2022-07-26"	"Beverley"	"High Security"	"6.50"	"9.91"	"Handicap"	"2"	"12"	"Jary, Alex"	"Tinkler, N"	"5f "	"5"	"10"	"4"	"7"
"19:00:00"	"2022-07-25"	"Windsor"	"Rainbow Mirage"	"16.00"	"15.7"	"Handicap"	"3"	"7"	"Rooke, George"	"Rimell, M G"	"6f "	"4"	"10"	"6"	"6"
"17:30:00"	"2022-07-25"	"Windsor"	"Rayong"	"2.50"	"3.76"	"Handicap"	"3"	"4"	"Feilden, Sam"	"Burke, K R"	"5f "	"4"	"10"	"3"	"7"
"19:30:00"	"2022-07-23"	"Salisbury"	"Delagate This Lord"	"2.75"	"3.87"	"Handicap"	"2"	"7"	"Carver, William"	"Hodgson, Simon"	"6f "	"5"	"2"	"6"	"10"
"15:42:00"	"2022-07-23"	"Newmarket (July)"	"Oso Rapido (IRE)"	"10.00"	"16.62"	"Handicap"	"6"	"7"	"Planas, Connor"	"Fell, R / Murray, S"	"6f "	"3"	"10"	"1"	"5"
"14:05:00"	"2022-07-23"	"York"	"Primos Comet"	"9.00"	"11.93"	"Handicap"	"4"	"20"	"Quinlan, Sean"	"Goldie, J S"	"5f "	"4"	"4"	"1"	"4"
"14:05:00"	"2022-07-23"	"York"	"Son And Sannie (IRE)"	"14.00"	"22.45"	"Handicap"	"12"	"20"	"Scholfield, Nick"	"Watson, Archie"	"5f "	"4"	"9"	"2"	"5"
"13:57:00"	"2022-07-23"	"Newmarket (July)"	"Lalania"	"5.00"	"6.61"	"Handicap"	"4"	"5"	"Mitchell, Jack"	"Stone, W B"	"7f "	"3"	"10"	"1"	"5"
"20:05:00"	"2022-07-22"	"Chepstow"	"Amor de Mi Vida (FR)"	"3.50"	"5.32"	"Handicap"	"2"	"7"	"Fisher, Taylor"	"Watson, Archie"	"5f "	"5"	"6"	"1"	"7"
"19:05:00"	"2022-07-22"	"Chepstow"	"Iconic Knight (IRE)"	"2.00"	"3.56"	"Handicap"	"1"	"7"	"Cox, William"	"Carroll, A W"	"7f "	"6"	"8"	"2"	"11"
"19:05:00"	"2022-07-22"	"Chepstow"	"Lilandra (FR)"	"3.33"	"4.7"	"Handicap"	"3"	"7"	"Keeley, Aidan"	"Flint, J L"	"7f "	"6"	"7"	"3"	"6"
"18:35:00"	"2022-07-22"	"Chepstow"	"Chifa (IRE)"	"1.50"	"2.57"	"Non-Handicap"	"2"	"7"	"Clutterbuck, Rhys"	"De Giles, Ed"	"1m "	"6"	"2"	"9"	"13"
"18:35:00"	"2022-07-22"	"Chepstow"	"Grandstand (IRE)"	"5.50"	"7.67"	"Non-Handicap"	"3"	"7"	"Hutchinson, Callum"	"Price, R J"	"1m "	"6"	"8"	"6"	"11"
"18:25:00"	"2022-07-22"	"York"	"Dream Together (IRE)"	"14.00"	"21"	"Handicap"	"5"	"15"	"McHugh, B"	"OKeeffe, Jedd"	"6f "	"4"	"7"	"2"	"6"
"18:25:00"	"2022-07-22"	"York"	"Rhythm (IRE)"	"18.00"	"31.8"	"Handicap"	"11"	"15"	"Sexton, Ryan"	"Carr, Mrs R A"	"6f "	"4"	"7"	"4"	"7"
"18:25:00"	"2022-07-22"	"York"	"Muscika"	"8.50"	"10.14"	"Handicap"	"14"	"15"	"Watson, Jason"	"OMeara, D"	"6f "	"4"	"7"	"1"	"6"
"17:45:00"	"2022-07-22"	"Cork"	"Salt Whistle Bay (IRE)"	"14.00"	"20.35"	"Handicap"	"14"	"23"	"Harnett, P A"	"Levins, J F"	"6f "	"0"	"9"	"4"	"10"
"17:25:00"	"2022-07-22"	"Ascot"	"Glamorous Breeze"	"3.00"	"4.31"	"Handicap"	"2"	"7"	"Catton, Luke"	"Mason, Christopher"	"5f "	"4"	"8"	"1"	"5"
"17:15:00"	"2022-07-22"	"Cork"	"Janice Joplin (IRE)"	"250.00"	"1000"	"Maiden"	"11"	"11"	"Harnett, P A"	"Breen, Patrick"	"6f "	"0"	"10"	"15"	"15"
"16:15:00"	"2022-07-22"	"Ascot"	"Trais Fluors"	"12.00"	"16.5"	"Handicap"	"6"	"8"	"Stevens, Miss S"	"Channon, M R"	"7f "	"3"	"7"	"8"	"9"
"13:10:00"	"2022-07-22"	"Thirsk"	"Foreseeable Future (FR)"	"6.50"	"7.74"	"Handicap"	"2"	"10"	"Jary, Alex"	"Carr, Mrs R A"	"5f "	"6"	"9"	"3"	"12"
"13:10:00"	"2022-07-22"	"Thirsk"	"Dandy Spirit (IRE)"	"3.50"	"5.56"	"Handicap"	"3"	"10"	"Planas, Connor"	"Fell, R / Murray, S"	"5f "	"6"	"7"	"1"	"5"
"13:10:00"	"2022-07-22"	"Thirsk"	"Storm Master"	"66.00"	"109.95"	"Handicap"	"10"	"10"	"Croot, Elle-May"	"Riches, John"	"5f "	"6"	"8"	"4"	"7"
"17:55:00"	"2022-07-21"	"Doncaster"	"Sound Of Iona"	"3.50"	"5.73"	"Handicap"	"2"	"11"	"Mulrennan, Paul"	"Goldie, J S"	"6f "	"5"	"5"	"1"	"7"
"16:52:00"	"2022-07-21"	"Yarmouth"	"Wrath Of Hector"	"3.00"	"5.07"	"Handicap"	"UR"	"12"	"Sayette, B D L"	"Macey, Jessica"	"7f "	"6"	"8"	"1"	"12"
"14:00:00"	"2022-07-21"	"Yarmouth"	"Mehmo (IRE)"	"25.00"	"31.87"	"Handicap"	"4"	"7"	"ONeill, K T"	"Dunnett, Mrs C A"	"6f "	"6"	"9"	"5"	"9"
"18:00:00"	"2022-07-20"	"Naas"	"Dandyville (IRE)"	"4.50"	"6.92"	"Handicap"	"5"	"13"	"Whelan, R P"	"Davison, Jack W"	"6f "	"0"	"10"	"3"	"9"
"18:00:00"	"2022-07-20"	"Naas"	"Pretty Smart (IRE)"	"14.00"	"17.69"	"Handicap"	"12"	"13"	"McMonagle, Dylan B"	"Martin, Patrick"	"6f "	"0"	"10"	"1"	"16"
"16:10:00"	"2022-07-18"	"Ayr"	"Snash (IRE)"	"3.33"	"4.66"	"Handicap"	"1"	"10"	"Allan, David"	"Easterby, T D"	"6f "	"3"	"10"	"4"	"8"
"16:10:00"	"2022-07-18"	"Ayr"	"Streamline"	"10.00"	"12.59"	"Handicap"	"4"	"10"	"Russell, Harry"	"Perratt, Miss L A"	"6f "	"3"	"3"	"5"	"10"
"16:10:00"	"2022-07-18"	"Ayr"	"Jordan Electrics"	"7.50"	"9.6"	"Handicap"	"8"	"10"	"Scott, Rowan"	"Whillans, Ewan"	"6f "	"3"	"9"	"2"	"20"
"16:10:00"	"2022-07-18"	"Ayr"	"Pockley"	"50.00"	"81.86"	"Handicap"	"10"	"10"	"Sullivan, James P"	"Perratt, Miss L A"	"6f "	"3"	"9"	"17"	"20"
"15:00:00"	"2022-07-18"	"Ayr"	"Rory"	"8.00"	"12.08"	"Handicap"	"5"	"12"	"Nolan, D"	"Goldie, J S"	"6f "	"6"	"7"	"7"	"12"
"15:00:00"	"2022-07-18"	"Ayr"	"Nodsasgoodasawink"	"28.00"	"38"	"Handicap"	"8"	"12"	"Russell, Harry"	"Perratt, Miss L A"	"6f "	"6"	"7"	"9"	"12"
"17:00:00"	"2022-07-17"	"Curragh"	"Maggie Thunder (IRE)"	"11.00"	"15.5"	"Handicap"	"8"	"11"	"Hayes, C D"	"Hassett, P J"	"5f "	"0"	"5"	"9"	"10"
"20:00:00"	"2022-07-16"	"Haydock"	"Amor de Mi Vida (FR)"	"3.33"	"4.7"	"Handicap"	"1"	"7"	"Mulrennan, Paul"	"Watson, Archie"	"5f "	"5"	"10"	"2"	"6"
"20:00:00"	"2022-07-16"	"Haydock"	"Second Collection"	"2.50"	"3.73"	"Handicap"	"6"	"7"	"Beasley, Connor"	"Carroll, A W"	"5f "	"5"	"8"	"6"	"8"
"17:45:00"	"2022-07-16"	"Doncaster"	"Sound Of Iona"	"2.50"	"3.6"	"Handicap"	"1"	"7"	"Watts, Shannon"	"Goldie, J S"	"5f "	"5"	"9"	"1"	"9"
"18:47:00"	"2022-07-15"	"Hamilton"	"Hard Nut (IRE)"	"66.00"	"110"	"Handicap"	"7"	"7"	"Eaves, Tom"	"Perratt, Miss L A"	"5f "	"4"	"6"	"20"	"20"
"18:10:00"	"2022-07-15"	"Newmarket (July)"	"Porfin (IRE)"	"10.00"	"15.18"	"Handicap"	"5"	"10"	"McEntee, Grace"	"McEntee, P S"	"7f "	"5"	"2"	"5"	"7"
"18:10:00"	"2022-07-15"	"Newmarket (July)"	"Red Evelyn"	"10.00"	"13.72"	"Handicap"	"6"	"10"	"Haynes, Joey"	"Pearce, Simon"	"7f "	"5"	"10"	"3"	"11"
"17:05:00"	"2022-07-15"	"Newbury"	"Mr Tyrrell (IRE)"	"5.50"	"7.4"	"Handicap"	"UR"	"5"	"Voikhansky, Alexander"	"Hannon (Jnr), Richard"	"7f "	"5"	"6"	"4"	"10"
"15:10:00"	"2022-07-15"	"Nottingham"	"Juan Les Pins"	"2.00"	"3.25"	"Handicap"	"1"	"7"	"Larson, Frederick"	"Appleby, M"	"6f "	"3"	"8"	"1"	"9"
"15:10:00"	"2022-07-15"	"Nottingham"	"Recall The Show"	"5.50"	"7.81"	"Handicap"	"4"	"7"	"Fisher, Jonathan"	"Dixon, Scott"	"6f "	"3"	"10"	"5"	"8"
"15:00:00"	"2022-07-15"	"Haydock"	"Muscika"	"5.00"	"5.93"	"Handicap"	"1"	"6"	"Winn, Mark"	"OMeara, D"	"6f "	"5"	"6"	"10"	"20"
"15:00:00"	"2022-07-15"	"Haydock"	"Triggered (IRE)"	"7.50"	"9.15"	"Handicap"	"4"	"6"	"Dawson, R"	"Loughnane, Daniel Mark"	"6f "	"5"	"8"	"4"	"9"
"16:50:00"	"2022-07-14"	"Hamilton"	"Canaria Prince"	"1.25"	"2.44"	"Non-Handicap"	"2"	"7"	"Fentiman, Duran"	"Easterby, T D"	"5f "	"6"	"2"	"1"	"11"
"16:50:00"	"2022-07-14"	"Hamilton"	"Koropick (IRE)"	"5.00"	"6.05"	"Non-Handicap"	"5"	"7"	"Eaves, Tom"	"Teague, C J"	"5f "	"6"	"5"	"4"	"8"
"16:50:00"	"2022-07-14"	"Hamilton"	"Newgate Angel"	"8.00"	"9.1"	"Non-Handicap"	"6"	"7"	"McHugh, B"	"Coyle, Tony"	"5f "	"6"	"2"	"7"	"11"
"16:40:00"	"2022-07-14"	"Leicester"	"Babe Alicious (IRE)"	"7.00"	"8.82"	"Non-Handicap"	"1"	"10"	"Morris, Luke"	"Appleby, M"	"6f "	"6"	"9"	"6"	"11"
"16:40:00"	"2022-07-14"	"Leicester"	"Kraka (IRE)"	"22.00"	"29.56"	"Non-Handicap"	"10"	"10"	"ONeill, K T"	"Dunnett, Mrs C A"	"6f "	"6"	"8"	"9"	"9"
"16:10:00"	"2022-07-14"	"Leicester"	"Lethal Angel"	"1.20"	"2.25"	"Non-Handicap"	"6"	"9"	"Greatrex, Thomas"	"Johnson, B R"	"6f "	"6"	"9"	"1"	"11"
"15:00:00"	"2022-07-14"	"Chepstow"	"Million Reasons (IRE)"	"3.50"	"5.7"	"Handicap"	"4"	"7"	"Keenan, Darragh"	"Evans, P D"	"6f "	"6"	"8"	"1"	"9"
"14:30:00"	"2022-07-14"	"Chepstow"	"Glamorous Breeze"	"1.88"	"3.06"	"Handicap"	"1"	"5"	"Cox, William"	"Mason, Christopher"	"5f "	"4"	"8"	"2"	"7"
"14:30:00"	"2022-07-14"	"Chepstow"	"Under Curfew"	"3.50"	"5.04"	"Handicap"	"4"	"5"	"Phillips, Mollie"	"Carroll, A W"	"5f "	"4"	"8"	"5"	"7"
"14:30:00"	"2022-07-14"	"Chepstow"	"Red Walls"	"8.00"	"8.66"	"Handicap"	"5"	"5"	"Keeley, Aidan"	"Williamson, Mrs L"	"5f "	"4"	"6"	"4"	"8"
"14:20:00"	"2022-07-14"	"Hamilton"	"Rain Cap"	"2.00"	"3.48"	"Handicap"	"1"	"10"	"Kirrane, Sean"	"Riches, John"	"6f "	"6"	"8"	"3"	"9"
"14:20:00"	"2022-07-14"	"Hamilton"	"Milliemix"	"18.00"	"27"	"Handicap"	"10"	"10"	"Hardie, Cameron"	"Goldie, J S"	"6f "	"6"	"3"	"5"	"10"
"14:00:00"	"2022-07-14"	"Chepstow"	"Redredrobin"	"3.00"	"4.3"	"Handicap"	"1"	"11"	"Carson, William"	"Saunders, M S"	"7f "	"6"	"9"	"4"	"12"
"14:00:00"	"2022-07-14"	"Chepstow"	"Grandstand (IRE)"	"9.00"	"10"	"Handicap"	"6"	"11"	"Keeley, Aidan"	"Price, R J"	"7f "	"6"	"6"	"3"	"11"
"20:20:00"	"2022-07-13"	"Yarmouth"	"Gossamer Silk"	"7.00"	"10.5"	"Handicap"	"4"	"12"	"Dawson, R"	"Quinn, Denis P"	"6f "	"6"	"8"	"2"	"12"
"20:20:00"	"2022-07-13"	"Yarmouth"	"Cool Spirit"	"33.00"	"53.02"	"Handicap"	"9"	"12"	"Catton, Luke"	"Griffiths, D C"	"6f "	"6"	"8"	"9"	"12"
"15:10:00"	"2022-07-12"	"Beverley"	"Gorgeous General"	"5.00"	"6.69"	"Handicap"	"3"	"11"	"Curtis, B A"	"Mullaney, L A"	"5f "	"6"	"10"	"3"	"8"
"14:40:00"	"2022-07-12"	"Beverley"	"Elzaal (IRE)"	"5.00"	"6.98"	"Handicap"	"3"	"12"	"McHugh, B"	"Midgley, P T"	"5f "	"6"	"10"	"4"	"8"
"14:40:00"	"2022-07-12"	"Beverley"	"Brazen Belle"	"11.00"	"15.5"	"Handicap"	"10"	"12"	"Hart, Jason"	"Teague, C J"	"5f "	"6"	"8"	"9"	"9"
"18:05:00"	"2022-07-11"	"Windsor"	"Pretty Shiftwell"	"3.00"	"4.43"	"Handicap"	"3"	"8"	"Levey, S M"	"Williams, S C"	"5f "	"6"	"5"	"3"	"6"
"14:25:00"	"2022-07-11"	"Ayr"	"Earn Your Stripes"	"6.00"	"7.48"	"Handicap"	"1"	"12"	"Allan, David"	"Smith, R Michael"	"6f "	"6"	"2"	"2"	"8"
"14:25:00"	"2022-07-11"	"Ayr"	"Sixcor"	"5.00"	"6.8"	"Handicap"	"4"	"12"	"Russell, Harry"	"Perratt, Miss L A"	"6f "	"6"	"7"	"4"	"8"
"14:25:00"	"2022-07-11"	"Ayr"	"Absolute Dream (IRE)"	"7.50"	"10.53"	"Handicap"	"5"	"12"	"Orr, Oisin"	"Fahey, R A"	"6f "	"6"	"10"	"3"	"8"
"14:25:00"	"2022-07-11"	"Ayr"	"Marselan (IRE)"	"40.00"	"75.15"	"Handicap"	"10"	"12"	"Lee, G"	"Midgley, P T"	"6f "	"6"	"10"	"8"	"8"
"14:25:00"	"2022-07-11"	"Ayr"	"Idoapologise"	"6.00"	"8.13"	"Handicap"	"11"	"12"	"Robinson, Ben"	"Ellison, B"	"6f "	"6"	"10"	"2"	"8"
"18:30:00"	"2022-07-09"	"Hamilton"	"Koropick (IRE)"	"14.00"	"19.5"	"Handicap"	"4"	"8"	"Swift, Mr Dale"	"Teague, C J"	"5f "	"6"	"10"	"2"	"9"
"17:20:00"	"2022-07-09"	"Ascot"	"Kimifive (IRE)"	"40.00"	"73.14"	"Handicap"	"7"	"10"	"Lee, G"	"Bridgwater, D G"	"7f "	"4"	"10"	"6"	"7"
"17:15:00"	"2022-07-09"	"York"	"Danzan (IRE)"	"6.00"	"8.2"	"Handicap"	"3"	"20"	"Kirrane, Sean"	"Easterby, T D"	"6f "	"4"	"7"	"5"	"11"
"17:15:00"	"2022-07-09"	"York"	"Muscika"	"18.00"	"28"	"Handicap"	"10"	"20"	"Tudhope, Daniel"	"OMeara, D"	"6f "	"4"	"9"	"4"	"6"
"17:15:00"	"2022-07-09"	"York"	"Ballintoy Harbour (IRE)"	"80.00"	"145.5"	"Handicap"	"19"	"20"	"Robinson, Ben"	"Midgley, P T"	"6f "	"4"	"8"	"6"	"7"
"15:22:00"	"2022-07-09"	"Navan"	"Fine Distraction (IRE)"	"12.00"	"17.5"	"Handicap"	"3"	"11"	"Joyce, Wesley"	"McAteer, Liam"	"5f "	"0"	"7"	"7"	"16"
"15:22:00"	"2022-07-09"	"Navan"	"Amazing Emma (IRE)"	"3.00"	"4.13"	"Handicap"	"6"	"11"	"Keane, C T"	"McAteer, Liam"	"5f "	"0"	"8"	"UR"	"14"
"20:45:00"	"2022-07-08"	"Chepstow"	"Diamond Cottage"	"5.00"	"6.86"	"Handicap"	"1"	"11"	"Carson, William"	"Saunders, M S"	"7f "	"6"	"10"	"9"	"14"
"20:45:00"	"2022-07-08"	"Chepstow"	"Cents In The City"	"33.00"	"34.91"	"Handicap"	"10"	"11"	"Keniry, L P"	"Scudamore, M J"	"7f "	"6"	"6"	"8"	"9"
"18:45:00"	"2022-07-08"	"Chepstow"	"Rhubarb"	"3.50"	"5.42"	"Handicap"	"1"	"9"	"Keeley, Aidan"	"Price, R J"	"5f "	"6"	"10"	"1"	"14"
"18:45:00"	"2022-07-08"	"Chepstow"	"Our Man In Havana"	"3.50"	"5.3"	"Handicap"	"5"	"9"	"Phillips, Mollie"	"Carroll, A W"	"5f "	"6"	"10"	"8"	"14"
"20:38:00"	"2022-07-07"	"Newbury"	"Vape"	"4.50"	"7.12"	"Handicap"	"2"	"9"	"Cox, William"	"Flint, J L"	"6f "	"5"	"8"	"2"	"8"
"17:38:00"	"2022-07-07"	"Newbury"	"Voltaic"	"3.33"	"4.58"	"Handicap"	"6"	"8"	"Bowen, Miss S L"	"Carroll, A W"	"1m "	"5"	"6"	"3"	"13"
"16:40:00"	"2022-07-07"	"Newmarket (July)"	"Dingle (IRE)"	"33.00"	"55"	"Handicap"	"9"	"12"	"Voikhansky, Alexander"	"Hannon (Jnr), Richard"	"1m "	"3"	"10"	"5"	"6"
"14:45:00"	"2022-07-07"	"Carlisle"	"Iris Dancer"	"12.00"	"15.5"	"Handicap"	"2"	"10"	"Norton, Francis"	"Davidson, Tristan"	"6f "	"4"	"9"	"4"	"8"
"14:10:00"	"2022-07-07"	"Carlisle"	"Water Of Leith (IRE)"	"12.00"	"15.82"	"Handicap"	"1"	"10"	"Mathers, Patrick"	"Menzies, Rebecca"	"6f "	"6"	"3"	"8"	"9"
"14:10:00"	"2022-07-07"	"Carlisle"	"Elladora"	"2.00"	"3.44"	"Handicap"	"7"	"10"	"Dennis, Phil"	"Scott, Miss Katie"	"6f "	"6"	"3"	"2"	"9"
"14:00:00"	"2022-07-07"	"Doncaster"	"Sound Of Iona"	"4.50"	"6.2"	"Handicap"	"1"	"9"	"Mulrennan, Paul"	"Goldie, J S"	"5.5f "	"5"	"4"	"1"	"6"
"14:00:00"	"2022-07-07"	"Doncaster"	"Nibras Again"	"11.00"	"16.64"	"Handicap"	"7"	"9"	"Sexton, Ryan"	"Midgley, P T"	"5.5f "	"5"	"5"	"5"	"10"
"14:00:00"	"2022-07-07"	"Doncaster"	"Jeans Maite"	"2.25"	"3.15"	"Handicap"	"9"	"9"	"Edmunds, Lewis"	"Bowring, S R"	"5.5f "	"5"	"6"	"2"	"7"
"13:30:00"	"2022-07-07"	"Doncaster"	"Primos Comet"	"5.00"	"6.66"	"Handicap"	"2"	"7"	"Mulrennan, Paul"	"Goldie, J S"	"5f "	"5"	"8"	"2"	"6"
"16:10:00"	"2022-07-06"	"Yarmouth"	"Kraka (IRE)"	"66.00"	"180"	"Handicap"	"9"	"9"	"Storey, Collen"	"Dunnett, Mrs C A"	"7f "	"6"	"6"	"11"	"13"
"14:10:00"	"2022-07-06"	"Yarmouth"	"Back From Dubai (IRE)"	"7.00"	"9.28"	"Handicap"	"3"	"12"	"Quinn, Jimmy"	"Bowring, S R"	"1m "	"6"	"7"	"11"	"15"
"16:10:00"	"2022-07-04"	"Ayr"	"Black Friday"	"5.50"	"6.48"	"Handicap"	"6"	"8"	"Mathers, Patrick"	"Smith, R Michael"	"6f "	"3"	"5"	"6"	"9"
"15:00:00"	"2022-07-04"	"Ayr"	"Sixcor"	"2.75"	"4.04"	"Handicap"	"4"	"8"	"Wheatley, Zak"	"Perratt, Miss L A"	"6f "	"6"	"2"	"2"	"8"
"14:25:00"	"2022-07-04"	"Ayr"	"Water Of Leith (IRE)"	"4.00"	"6.13"	"Handicap"	"8"	"9"	"McDonald, P J"	"Menzies, Rebecca"	"6f "	"6"	"10"	"5"	"11"
"13:42:00"	"2022-07-03"	"Ayr"	"Sound Of Iona"	"3.00"	"4.6"	"Handicap"	"1"	"6"	"Palmer, Oscar"	"Goldie, J S"	"5f "	"6"	"6"	"2"	"7"
"13:42:00"	"2022-07-03"	"Ayr"	"Mews House"	"6.00"	"7"	"Handicap"	"4"	"6"	"Bartley, Mrs C"	"Menzies, Rebecca"	"5f "	"6"	"9"	"3"	"11"
"19:20:00"	"2022-07-02"	"Carlisle"	"Shes A Deva"	"7.00"	"8.85"	"Handicap"	"7"	"8"	"Tindall, Ethan"	"Tinkler, N"	"5f "	"6"	"3"	"17"	"20"
"18:50:00"	"2022-07-02"	"Carlisle"	"Sixcor"	"2.25"	"3.64"	"Handicap"	"2"	"8"	"Russell, Harry"	"Perratt, Miss L A"	"5f "	"6"	"5"	"3"	"7"
"18:50:00"	"2022-07-02"	"Carlisle"	"Gorgeous General"	"8.00"	"9"	"Handicap"	"3"	"8"	"Wilkie, Brandon"	"Mullaney, L A"	"5f "	"6"	"3"	"18"	"20"
"17:50:00"	"2022-07-02"	"Carlisle"	"Glorious Rio (IRE)"	"14.00"	"24.84"	"Handicap"	"6"	"11"	"Wilson-Ruddock, Curtis"	"Barclay, Stella"	"6f "	"5"	"8"	"7"	"11"
"15:43:00"	"2022-07-02"	"Naas"	"Claonadh (IRE)"	"25.00"	"38"	"Handicap"	"11"	"13"	"Horgan, C"	"McCreery, W"	"6f "	"0"	"2"	"8"	"8"
"15:43:00"	"2022-07-02"	"Naas"	"Dilawara (FR)"	"33.00"	"40"	"Handicap"	"13"	"13"	"Coen, J"	"Ward, V C"	"6f "	"0"	"8"	"13"	"15"
"15:08:00"	"2022-07-02"	"Naas"	"Teddy Boy (IRE)"	"3.50"	"5.35"	"Handicap"	"8"	"16"	"Sheehy, Danny"	"Lynam, Edward"	"6f "	"0"	"1"	"3"	"14"
"15:08:00"	"2022-07-02"	"Naas"	"Tribute To Jade"	"40.00"	"67.11"	"Handicap"	"9"	"16"	"Whearty, R"	"Monaghan, Jennifer"	"6f "	"0"	"2"	"7"	"12"
"15:08:00"	"2022-07-02"	"Naas"	"Stanhope"	"20.00"	"30.62"	"Handicap"	"11"	"16"	"Rutledge, Siobhan"	"McConnell, John C"	"6f "	"0"	"10"	"5"	"15"
"14:33:00"	"2022-07-02"	"Naas"	"Princess Sela (IRE)"	"3.50"	"5.39"	"Handicap"	"3"	"16"	"Crosse, Nathan"	"OLeary, Gerard"	"6f "	"0"	"4"	"2"	"14"
"14:33:00"	"2022-07-02"	"Naas"	"Fine Distraction (IRE)"	"14.00"	"20"	"Handicap"	"7"	"16"	"Kearney, J"	"McAteer, Liam"	"6f "	"0"	"2"	"10"	"15"
"14:33:00"	"2022-07-02"	"Naas"	"Markievicz (IRE)"	"5.50"	"7.84"	"Handicap"	"11"	"16"	"Cleary, Jack"	"Lavery, Ms Sheila"	"6f "	"0"	"10"	"3"	"15"
"19:30:00"	"2022-07-01"	"Bellewstown"	"Teddy Boy (IRE)"	"4.00"	"5.69"	"Handicap"	"3"	"14"	"Sheehy, Danny"	"Lynam, Edward"	"5f "	"0"	"9"	"2"	"15"
"19:30:00"	"2022-07-01"	"Bellewstown"	"Ecclesiastical"	"9.00"	"14"	"Handicap"	"6"	"14"	"Ryan, J J G"	"McCourt, T G"	"5f "	"0"	"2"	"5"	"13"
"18:38:00"	"2022-07-01"	"Haydock"	"Under Curfew"	"22.00"	"29"	"Handicap"	"7"	"10"	"Phillips, Mollie"	"Carroll, A W"	"6f "	"4"	"9"	"3"	"6"
"16:30:00"	"2022-07-01"	"Doncaster"	"Idoapologise"	"2.75"	"3.8"	"Handicap"	"2"	"8"	"Robinson, Ben"	"Ellison, B"	"6f "	"6"	"7"	"2"	"10"
"16:30:00"	"2022-07-01"	"Doncaster"	"Little Muddy"	"4.00"	"5.36"	"Handicap"	"4"	"8"	"Swift, Mr Dale"	"Spencer, Seb"	"6f "	"6"	"7"	"3"	"10"
"15:55:00"	"2022-07-01"	"Doncaster"	"Havagomecca"	"3.33"	"4.3"	"Handicap"	"4"	"7"	"Beasley, Connor"	"Dods, M"	"5f "	"4"	"4"	"2"	"6"
"13:00:00"	"2022-07-01"	"Doncaster"	"Miss Bella Brand"	"5.50"	"8.09"	"Handicap"	"3"	"12"	"Wood, George"	"Gansera-Leveque, Mrs Ilka"	"7f "	"5"	"9"	"2"	"12"
"19:30:00"	"2022-06-30"	"Bellewstown"	"Blind Beggar (IRE)"	"3.00"	"5.2"	"Handicap"	"2"	"8"	"Kearney, J"	"Lyons, G M"	"5f "	"0"	"4"	"16"	"18"
"16:50:00"	"2022-06-30"	"Yarmouth"	"Enchanted Night"	"40.00"	"55.23"	"Handicap"	"8"	"8"	"Haynes, Joey"	"Dunnett, Mrs C A"	"5f "	"6"	"6"	"6"	"6"
"17:40:00"	"2022-06-29"	"Tipperary"	"Inventor"	"9.00"	"14"	"Handicap"	"2"	"13"	"Enright, Jack"	"Scott, Gillian"	"5f "	"0"	"8"	"1"	"9"
"17:40:00"	"2022-06-29"	"Tipperary"	"Ecclesiastical"	"10.00"	"15.71"	"Handicap"	"5"	"13"	"Ryan, J J G"	"McCourt, T G"	"5f "	"0"	"7"	"7"	"15"
"17:40:00"	"2022-06-29"	"Tipperary"	"Fondant Fancie (IRE)"	"50.00"	"70"	"Handicap"	"10"	"13"	"Hayes, Amy Jo"	"Lee, Miss J M"	"5f "	"0"	"8"	"8"	"9"
"17:40:00"	"2022-06-29"	"Tipperary"	"Poets Pride"	"11.00"	"14.92"	"Handicap"	"12"	"13"	"Powell, J A"	"Marnane, David"	"5f "	"0"	"7"	"14"	"15"
"16:55:00"	"2022-06-29"	"Musselburgh"	"Lord Of The Glen"	"6.50"	"8.4"	"Non-Handicap"	"5"	"9"	"Mulrennan, Paul"	"Goldie, J S"	"5f "	"6"	"6"	"6"	"9"
"16:40:00"	"2022-06-29"	"Tipperary"	"Verhoyen"	"4.00"	"5.3"	"Non-Handicap"	"4"	"6"	"Ryan, Gavin"	"Grassick, M C"	"5f "	"0"	"3"	"10"	"16"
"16:20:00"	"2022-06-29"	"Musselburgh"	"Primos Comet"	"6.00"	"7"	"Handicap"	"2"	"6"	"Mulrennan, Paul"	"Goldie, J S"	"5f "	"4"	"6"	"5"	"6"
"16:20:00"	"2022-06-29"	"Musselburgh"	"Rory"	"1.75"	"3.27"	"Handicap"	"4"	"6"	"Waugh, Amie"	"Goldie, J S"	"5f "	"4"	"2"	"4"	"7"
"18:00:00"	"2022-06-28"	"Chepstow"	"Diamond Cottage"	"4.50"	"6.07"	"Handicap"	"9"	"14"	"Hutchinson, Callum"	"Saunders, M S"	"6f "	"6"	"8"	"1"	"12"
"16:55:00"	"2022-06-28"	"Chepstow"	"Macs Dilemma (IRE)"	"2.75"	"4.1"	"Handicap"	"1"	"7"	"Mangan, Gina"	"Oshea, J G M"	"7f "	"5"	"2"	"2"	"8"
"16:25:00"	"2022-06-28"	"Hamilton"	"Glen Lomond"	"20.00"	"30"	"Handicap"	"4"	"10"	"Mulrennan, Paul"	"Goldie, J S"	"5f "	"6"	"5"	"7"	"9"
"16:25:00"	"2022-06-28"	"Hamilton"	"Mokaman"	"2.75"	"3.52"	"Handicap"	"5"	"10"	"Stammers, Oliver"	"Tuer, Grant"	"5f "	"6"	"5"	"2"	"9"
"16:25:00"	"2022-06-28"	"Hamilton"	"The Gloaming (IRE)"	"11.00"	"17"	"Handicap"	"6"	"10"	"Mullen, Andrew"	"Jardine, I"	"5f "	"6"	"5"	"7"	"9"
"16:25:00"	"2022-06-28"	"Hamilton"	"Summer Heights"	"80.00"	"174.22"	"Handicap"	"10"	"10"	"Hardie, Cameron"	"Goldie, J S"	"5f "	"6"	"5"	"8"	"9"
"15:50:00"	"2022-06-28"	"Hamilton"	"Jordan Electrics"	"3.33"	"4.21"	"Handicap"	"1"	"8"	"Scott, Rowan"	"Whillans, Ewan"	"6f "	"4"	"10"	"2"	"8"
"15:50:00"	"2022-06-28"	"Hamilton"	"Global Humor (USA)"	"16.00"	"23"	"Handicap"	"6"	"8"	"Mulrennan, Paul"	"Goldie, J S"	"6f "	"4"	"10"	"RR"	"8"
"15:50:00"	"2022-06-28"	"Hamilton"	"Rose Bandit (IRE)"	"16.00"	"24.57"	"Handicap"	"8"	"8"	"Gormley, Jamie"	"Jardine, I"	"6f "	"4"	"5"	"8"	"9"
"19:30:00"	"2022-06-27"	"Musselburgh"	"Sound Of Iona"	"20.00"	"20.58"	"Handicap"	"2"	"7"	"Hardie, Cameron"	"Goldie, J S"	"5f "	"5"	"10"	"5"	"6"
"19:30:00"	"2022-06-27"	"Musselburgh"	"Sixcor"	"6.00"	"8.09"	"Handicap"	"3"	"7"	"Wheatley, Zak"	"Perratt, Miss L A"	"5f "	"5"	"10"	"1"	"7"
"19:30:00"	"2022-06-27"	"Musselburgh"	"Rory"	"2.25"	"3.73"	"Handicap"	"4"	"7"	"Mulrennan, Paul"	"Goldie, J S"	"5f "	"5"	"9"	"4"	"10"
"14:40:00"	"2022-06-26"	"Curragh"	"Sunset Nova (IRE)"	"50.00"	"110"	"Handicap"	"11"	"16"	"Hayes, Amy Jo"	"Slattery, Andrew"	"6f "	"0"	"9"	"5"	"8"
"20:00:00"	"2022-06-25"	"Doncaster"	"Tammani"	"2.75"	"3.87"	"Handicap"	"4"	"6"	"Sexton, Ryan"	"OMeara, D"	"7f "	"4"	"7"	"1"	"8"
"19:00:00"	"2022-06-25"	"Doncaster"	"Recall The Show"	"3.50"	"4.63"	"Handicap"	"1"	"9"	"Swift, Mr Dale"	"Dixon, Scott"	"6f "	"4"	"6"	"6"	"16"
"19:00:00"	"2022-06-25"	"Doncaster"	"Admirality"	"6.50"	"8"	"Handicap"	"2"	"9"	"Peate, Jonny"	"Fell, R / Murray, S"	"6f "	"4"	"7"	"7"	"8"
"19:00:00"	"2022-06-24"	"Newmarket (July)"	"Maysong"	"3.00"	"4.22"	"Handicap"	"2"	"10"	"Hansen, Thore"	"Haynes, Alice"	"1m "	"5"	"2"	"2"	"12"
"17:10:00"	"2022-06-24"	"Yarmouth"	"Cappananty Con"	"3.50"	"5.16"	"Non-Handicap"	"4"	"8"	"Howarth, Christian"	"Attwater, M J"	"6f "	"6"	"3"	"2"	"4"
"17:10:00"	"2022-06-24"	"Yarmouth"	"Chocco Star (IRE)"	"14.00"	"17.5"	"Non-Handicap"	"5"	"8"	"Haynes, Joey"	"Banham, Chelsea"	"6f "	"6"	"8"	"4"	"8"
"16:40:00"	"2022-06-24"	"Yarmouth"	"Amor de Mi Vida (FR)"	"0.91"	"2"	"Handicap"	"1"	"6"	"Doyle, Hollie"	"Watson, Archie"	"5f "	"5"	"7"	"2"	"5"
"16:40:00"	"2022-06-24"	"Yarmouth"	"Aish"	"12.00"	"15.16"	"Handicap"	"4"	"6"	"Morris, Luke"	"Cowell, R M H"	"5f "	"5"	"10"	"5"	"5"
"16:05:00"	"2022-06-24"	"Yarmouth"	"Han Solo Berger (IRE)"	"12.00"	"19"	"Handicap"	"1"	"7"	"Doyle, Hollie"	"Cowell, R M H"	"5f "	"4"	"8"	"3"	"6"
"15:30:00"	"2022-06-24"	"Yarmouth"	"Spirited Guest"	"2.75"	"4.09"	"Handicap"	"2"	"5"	"Davies, Harry"	"Margarson, G G"	"7f "	"3"	"6"	"6"	"8"
"15:30:00"	"2022-06-24"	"Yarmouth"	"Tamaska"	"2.75"	"4.3"	"Handicap"	"3"	"5"	"Harley, M"	"OMeara, D"	"7f "	"3"	"10"	"5"	"12"
"13:00:00"	"2022-06-24"	"Doncaster"	"Cool Spirit"	"80.00"	"280.2"	"Handicap"	"9"	"10"	"Hardie, Cameron"	"Griffiths, D C"	"6f "	"5"	"10"	"10"	"10"
"21:00:00"	"2022-06-23"	"Hamilton"	"Kilconquhar"	"2.75"	"3.85"	"Handicap"	"2"	"9"	"Mulrennan, Paul"	"Whillans, Ewan"	"6f "	"6"	"8"	"7"	"10"
"21:00:00"	"2022-06-23"	"Hamilton"	"Elladora"	"9.00"	"11"	"Handicap"	"3"	"9"	"Dennis, Phil"	"Scott, Miss Katie"	"6f "	"6"	"10"	"6"	"10"
"19:00:00"	"2022-06-23"	"Hamilton"	"Mokaman"	"5.00"	"7"	"Handicap Seller"	"2"	"9"	"Stammers, Oliver"	"Tuer, Grant"	"5f "	"6"	"8"	"4"	"16"
"19:00:00"	"2022-06-23"	"Hamilton"	"Summer Heights"	"33.00"	"55"	"Handicap Seller"	"8"	"9"	"Waugh, Amie"	"Goldie, J S"	"5f "	"6"	"6"	"6"	"7"
"16:05:00"	"2022-06-23"	"Nottingham"	"Stone Circle (IRE)"	"1.10"	"2.18"	"Handicap"	"1"	"5"	"Sayette, B D L"	"Bell, M L W"	"5f "	"6"	"3"	"1"	"9"
"15:15:00"	"2022-06-20"	"Chepstow"	"Stone Circle (IRE)"	"1.25"	"2.41"	"Handicap"	"1"	"9"	"Davies, Harry"	"Bell, M L W"	"5f "	"6"	"7"	"2"	"11"
"15:15:00"	"2022-06-20"	"Chepstow"	"Shesadabber"	"3.50"	"6.36"	"Handicap"	"4"	"9"	"Dennis, Phil"	"Mullineaux, M"	"5f "	"6"	"10"	"1"	"12"
"14:45:00"	"2022-06-20"	"Chepstow"	"Iconic Knight (IRE)"	"2.75"	"3.95"	"Handicap"	"3"	"12"	"Davies, Harry"	"Carroll, A W"	"6f "	"6"	"6"	"3"	"5"
"18:35:00"	"2022-06-18"	"Haydock"	"Fox Hill"	"4.50"	"5.94"	"Handicap"	"5"	"6"	"Wheatley, Zak"	"Alston, E J"	"5f "	"4"	"9"	"2"	"11"
"17:09:00"	"2022-06-18"	"Newmarket (July)"	"Abate"	"12.00"	"17.08"	"Handicap"	"1"	"11"	"McHugh, B"	"Nicholls, Adrian"	"6f "	"4"	"9"	"3"	"6"
"16:32:00"	"2022-06-18"	"Newmarket (July)"	"Brazen Bolt"	"3.00"	"5.01"	"Handicap"	"2"	"8"	"Davies, Harry"	"Quinn, J J"	"7f "	"4"	"6"	"2"	"16"
"16:32:00"	"2022-06-18"	"Newmarket (July)"	"Dashing Dick (IRE)"	"4.00"	"5.3"	"Handicap"	"3"	"8"	"Callan, N"	"Stone, W B"	"7f "	"4"	"7"	"2"	"5"
"16:14:00"	"2022-06-18"	"Ayr"	"Marks Choice (IRE)"	"4.00"	"6"	"Handicap"	"5"	"8"	"McSweeney, O"	"England, Sam"	"6f "	"4"	"7"	"11"	"21"
"16:14:00"	"2022-06-18"	"Ayr"	"Nearly A Gonna"	"3.33"	"5.41"	"Handicap"	"6"	"8"	"Dennis, Phil"	"Easterby, T D"	"6f "	"4"	"7"	"1"	"7"
"16:14:00"	"2022-06-18"	"Ayr"	"Global Humor (USA)"	"20.00"	"26.51"	"Handicap"	"RR"	"8"	"Waugh, Amie"	"Goldie, J S"	"6f "	"4"	"10"	"6"	"8"
"15:22:00"	"2022-06-18"	"Redcar"	"Tammani"	"8.50"	"9.89"	"Handicap"	"1"	"8"	"Rawlinson, Ali"	"OMeara, D"	"7f "	"3"	"8"	"7"	"16"
"15:22:00"	"2022-06-18"	"Redcar"	"Wizard Damour"	"3.50"	"5.6"	"Handicap"	"2"	"8"	"Jamin, Pierre-Louis"	"Burke, K R"	"7f "	"3"	"8"	"6"	"16"
"15:22:00"	"2022-06-18"	"Redcar"	"Snash (IRE)"	"3.50"	"4.9"	"Handicap"	"6"	"8"	"Allan, David"	"Easterby, T D"	"7f "	"3"	"7"	"7"	"21"
"13:14:00"	"2022-06-18"	"Ayr"	"Rebel At Dawn (IRE)"	"3.50"	"5.55"	"Handicap"	"1"	"10"	"Costello, Dougie"	"Burke, K R"	"5f "	"4"	"7"	"4"	"8"
"19:32:00"	"2022-06-17"	"Ayr"	"Quanah (IRE)"	"7.00"	"9.36"	"Handicap"	"4"	"7"	"Garritty, Billy"	"Bailey, Liam"	"5f "	"6"	"9"	"2"	"5"
"19:32:00"	"2022-06-17"	"Ayr"	"Summer Heights"	"18.00"	"23.3"	"Handicap"	"6"	"7"	"Waugh, Amie"	"Goldie, J S"	"5f "	"6"	"4"	"8"	"11"
"18:40:00"	"2022-06-17"	"Down Royal"	"Maggie Thunder (IRE)"	"10.00"	"13.22"	"Handicap"	"3"	"7"	"Hayes, C D"	"Hassett, P J"	"5f "	"0"	"9"	"3"	"11"
"18:05:00"	"2022-06-17"	"Down Royal"	"Collective Power (IRE)"	"3.00"	"4.24"	"Handicap"	"1"	"8"	"Sheehy, M P"	"Lynam, Edward"	"5f "	"0"	"9"	"2"	"11"
"17:16:00"	"2022-06-17"	"Newmarket (July)"	"Bakersboy"	"1.75"	"2.82"	"Handicap"	"3"	"4"	"Larson, Frederick"	"McEntee, P S"	"1m "	"5"	"9"	"5"	"8"
"16:40:00"	"2022-06-16"	"Ripon"	"Morty"	"20.00"	"23"	"Handicap"	"5"	"10"	"Gray, S A"	"OMeara, D"	"6f "	"6"	"10"	"4"	"7"
"18:40:00"	"2022-06-15"	"Ripon"	"Shes A Deva"	"14.00"	"19.2"	"Handicap"	"3"	"16"	"McManoman, Faye"	"Tinkler, N"	"5f "	"6"	"6"	"7"	"11"
"18:40:00"	"2022-06-15"	"Ripon"	"Stroxx (IRE)"	"8.50"	"12.68"	"Handicap"	"7"	"16"	"Curtis, B A"	"Bailey, Liam"	"5f "	"6"	"7"	"3"	"5"
"15:30:00"	"2022-06-15"	"Hamilton"	"Stallone (IRE)"	"5.00"	"8"	"Handicap"	"8"	"10"	"Beasley, Connor"	"Dods, M"	"6f "	"5"	"9"	"3"	"13"
"17:15:00"	"2022-06-14"	"Thirsk"	"Lost My Sock (IRE)"	"5.00"	"7.09"	"Handicap"	"2"	"10"	"Kirrane, Sean"	"Easterby, T D"	"5f "	"5"	"9"	"5"	"11"
"17:15:00"	"2022-06-14"	"Thirsk"	"Harrogate (IRE)"	"4.00"	"4.8"	"Handicap"	"7"	"10"	"Mulrennan, Paul"	"Midgley, P T"	"5f "	"5"	"9"	"6"	"11"
"14:55:00"	"2022-06-14"	"Thirsk"	"Ghathanfar (IRE)"	"1.25"	"2.5"	"Handicap"	"2"	"12"	"Curtis, B A"	"Waggott, Miss Tracy"	"6f "	"4"	"3"	"2"	"21"
"15:15:00"	"2022-06-13"	"Carlisle"	"Fircombe Hall"	"5.00"	"6.31"	"Handicap"	"2"	"10"	"Stott, Kevin"	"Kirby, P A"	"6f "	"6"	"10"	"5"	"13"
"15:15:00"	"2022-06-13"	"Carlisle"	"Bobby Shaftoe"	"8.50"	"12.09"	"Handicap"	"3"	"10"	"Mulrennan, Paul"	"Goldie, J S"	"6f "	"6"	"9"	"2"	"10"
"15:15:00"	"2022-06-13"	"Carlisle"	"Elladora"	"5.50"	"7.4"	"Handicap"	"6"	"10"	"Dennis, Phil"	"Scott, Miss Katie"	"6f "	"6"	"5"	"3"	"7"
"15:15:00"	"2022-06-13"	"Carlisle"	"Quercus (IRE)"	"12.00"	"16.5"	"Handicap"	"8"	"10"	"Gray, S A"	"Duffield, Mrs A"	"6f "	"6"	"10"	"10"	"14"
"14:45:00"	"2022-06-13"	"Carlisle"	"Singe Anglais (IRE)"	"8.00"	"12.41"	"Handicap"	"3"	"11"	"Jary, Alex"	"Tinkler, N"	"6f "	"6"	"7"	"8"	"13"
"14:45:00"	"2022-06-13"	"Carlisle"	"Mr Trevor (IRE)"	"4.00"	"6.82"	"Handicap"	"5"	"11"	"Gray, S A"	"Duffield, Mrs A"	"6f "	"6"	"10"	"2"	"13"
"14:45:00"	"2022-06-13"	"Carlisle"	"Summer Heights"	"50.00"	"95"	"Handicap"	"8"	"11"	"Mulrennan, Paul"	"Goldie, J S"	"6f "	"6"	"9"	"10"	"13"
"15:57:00"	"2022-06-12"	"Doncaster"	"Burning Cash (IRE)"	"5.50"	"6.93"	"Handicap"	"1"	"7"	"Sexton, Ryan"	"Midgley, P T"	"5f "	"3"	"8"	"8"	"13"
"15:57:00"	"2022-06-12"	"Doncaster"	"Ballintoy Harbour (IRE)"	"12.00"	"17.01"	"Handicap"	"4"	"7"	"Robinson, Ben"	"Midgley, P T"	"5f "	"3"	"7"	"10"	"11"
"14:40:00"	"2022-06-12"	"Salisbury"	"Magnifique (FR)"	"50.00"	"101.29"	"Handicap"	"12"	"13"	"Mangan, Gina"	"Auvray, Jean-Rene"	"7f "	"5"	"6"	"6"	"12"
"13:37:00"	"2022-06-12"	"Doncaster"	"Abduction (FR)"	"3.00"	"4.26"	"Handicap"	"5"	"16"	"James, S H"	"Tuer, Grant"	"7f "	"5"	"7"	"3"	"11"
"13:37:00"	"2022-06-12"	"Doncaster"	"Thrave"	"20.00"	"35.5"	"Handicap"	"6"	"16"	"Rawlinson, Ali"	"Appleby, M"	"7f "	"5"	"9"	"6"	"13"
"13:37:00"	"2022-06-12"	"Doncaster"	"Starshiba"	"8.50"	"12.5"	"Handicap"	"8"	"16"	"Sousa, Silvestre De"	"OMeara, D"	"7f "	"5"	"7"	"9"	"11"
"13:37:00"	"2022-06-12"	"Doncaster"	"Mr Tyrrell (IRE)"	"18.00"	"30.98"	"Handicap"	"15"	"16"	"Ryan, Rossa"	"Hannon (Jnr), Richard"	"7f "	"5"	"9"	"3"	"7"
"20:45:00"	"2022-06-11"	"Leicester"	"Dan De Light (IRE)"	"4.00"	"5.22"	"Handicap"	"7"	"10"	"Dennis, Phil"	"Easterby, T D"	"5f "	"6"	"7"	"3"	"13"
"17:22:00"	"2022-06-11"	"York"	"Our Little Pony"	"28.00"	"36.48"	"Handicap"	"1"	"21"	"Coughlan, Laura"	"Mullaney, L A"	"6f "	"4"	"5"	"4"	"13"
"17:22:00"	"2022-06-11"	"York"	"Marks Choice (IRE)"	"18.00"	"26"	"Handicap"	"11"	"21"	"McSweeney, O"	"England, Sam"	"6f "	"4"	"10"	"3"	"9"
"17:22:00"	"2022-06-11"	"York"	"Recall The Show"	"11.00"	"14.37"	"Handicap"	"15"	"21"	"Swift, Mr Dale"	"Dixon, Scott"	"6f "	"4"	"8"	"2"	"11"
"17:22:00"	"2022-06-11"	"York"	"Internationaldream (IRE)"	"10.00"	"17.16"	"Handicap"	"16"	"21"	"Peate, Jonny"	"Fahey, R A"	"6f "	"4"	"3"	"4"	"8"
"17:22:00"	"2022-06-11"	"York"	"Muscika"	"16.00"	"27.91"	"Handicap"	"19"	"21"	"Tudhope, Daniel"	"OMeara, D"	"6f "	"4"	"7"	"12"	"14"
"15:25:00"	"2022-06-11"	"Sandown"	"Good Earth (IRE)"	"3.33"	"5.05"	"Handicap"	"3"	"11"	"Osborne, Saffie"	"Herrington,M "	"5f "	"4"	"8"	"2"	"6"
"15:10:00"	"2022-06-10"	"Chepstow"	"Shesadabber"	"4.00"	"5.5"	"Handicap"	"1"	"12"	"Dennis, Phil"	"Mullineaux, M"	"5f "	"6"	"6"	"4"	"8"
"14:40:00"	"2022-06-10"	"Chepstow"	"Holbache"	"12.00"	"16.05"	"Handicap"	"5"	"12"	"Greatrex, Thomas"	"Carroll, A W"	"6f "	"5"	"7"	"2"	"8"
"14:40:00"	"2022-06-10"	"Chepstow"	"Twilight Heir"	"9.00"	"14.5"	"Handicap"	"11"	"12"	"Norton, Francis"	"Durack, S"	"6f "	"5"	"10"	"5"	"10"
"13:35:00"	"2022-06-10"	"Chepstow"	"Sir Plato (IRE)"	"3.33"	"5.1"	"Handicap"	"2"	"9"	"Dobie, Georgia"	"Millman, B R"	"7f "	"5"	"6"	"1"	"7"
"13:00:00"	"2022-06-10"	"Chepstow"	"Musaytir (IRE)"	"50.00"	"60"	"Handicap"	"10"	"13"	"Mangan, Gina"	"Harris, Miss G"	"1m "	"6"	"7"	"6"	"9"
"17:55:00"	"2022-06-09"	"Haydock"	"Fox Hill"	"7.00"	"9.54"	"Handicap"	"2"	"11"	"McSweeney, O"	"Alston, E J"	"5f "	"4"	"8"	"1"	"10"
"17:55:00"	"2022-06-09"	"Haydock"	"Not On Your Nellie (IRE)"	"12.00"	"15.73"	"Handicap"	"4"	"11"	"McManoman, Faye"	"Tinkler, N"	"5f "	"4"	"8"	"4"	"7"
"17:55:00"	"2022-06-09"	"Haydock"	"Albegone"	"6.50"	"7.25"	"Handicap"	"5"	"11"	"Allan, David"	"Easterby, T D"	"5f "	"4"	"8"	"3"	"7"
"16:00:00"	"2022-06-09"	"Nottingham"	"Somewhere Secret"	"4.50"	"5.75"	"Handicap"	"1"	"11"	"Muir, Paula"	"Menzies, Rebecca"	"6f "	"6"	"7"	"3"	"12"
"20:50:00"	"2022-06-08"	"Hamilton"	"Stroxx (IRE)"	"4.00"	"5.5"	"Handicap"	"3"	"5"	"Allan, David"	"Bailey, Liam"	"5f "	"6"	"4"	"4"	"13"
"20:20:00"	"2022-06-08"	"Hamilton"	"Tipperary Tiger (IRE)"	"4.00"	"6.01"	"Handicap"	"1"	"8"	"Feilden, Sam"	"Burke, K R"	"6f "	"4"	"6"	"6"	"10"
"20:10:00"	"2022-06-08"	"Cork"	"Tanseeq"	"20.00"	"27.04"	"Handicap"	"5"	"24"	"Ryan, Gavin"	"Gibney, Thomas"	"7f "	"0"	"3"	"13"	"15"
"20:10:00"	"2022-06-08"	"Cork"	"Two Metres Apart (IRE)"	"12.00"	"16.34"	"Handicap"	"7"	"24"	"Doyle, Joe"	"Byrne, M J"	"7f "	"0"	"7"	"9"	"30"
"20:10:00"	"2022-06-08"	"Cork"	"Jenoow (IRE)"	"66.00"	"195.22"	"Handicap"	"19"	"24"	"Slattery, A J"	"Roche, Liam"	"7f "	"0"	"4"	"11"	"12"
"20:10:00"	"2022-06-08"	"Cork"	"Chagall (IRE)"	"20.00"	"32.08"	"Handicap"	"24"	"24"	"Flynn, C"	"Hourigan, Laura"	"7f "	"0"	"3"	"12"	"15"
"18:10:00"	"2022-06-08"	"Cork"	"Maggie Thunder (IRE)"	"40.00"	"58.86"	"Handicap"	"3"	"11"	"Joyce, Wesley"	"Hassett, P J"	"5f "	"0"	"8"	"5"	"7"
"17:50:00"	"2022-06-08"	"Hamilton"	"Deevious Beau"	"2.25"	"3.51"	"Handicap"	"1"	"7"	"Keighley, Miss A M"	"Barron, T D"	"6f "	"6"	"4"	"5"	"13"
"17:50:00"	"2022-06-08"	"Hamilton"	"How Bizarre"	"1.88"	"3.02"	"Handicap"	"4"	"7"	"Brookes, Miss Megan"	"Bailey, Liam"	"6f "	"6"	"4"	"4"	"10"
"17:50:00"	"2022-06-08"	"Hamilton"	"Dirchill (IRE)"	"4.50"	"6.79"	"Handicap"	"F"	"7"	"Thompson, Joshua"	"Thompson, D W"	"6f "	"6"	"9"	"1"	"14"
"17:40:00"	"2022-06-08"	"Cork"	"Gobi Star (IRE)"	"2.75"	"5"	"Maiden"	"8"	"13"	"Crosse, S M"	"Lynam, Edward"	"5f "	"0"	"8"	"3"	"17"
"17:40:00"	"2022-06-08"	"Cork"	"Vento Del Pozzo (IRE)"	"66.00"	"146.93"	"Maiden"	"12"	"13"	"McCullagh, Scott"	"Roper, W M"	"5f "	"0"	"8"	"13"	"17"
"17:40:00"	"2022-06-08"	"Cork"	"Misty At Sea (IRE)"	"100.00"	"190.34"	"Maiden"	"13"	"13"	"Powell, J A"	"Roberts, Reginald"	"5f "	"0"	"7"	"22"	"30"
"15:38:00"	"2022-06-08"	"Yarmouth"	"Cosmos Raj"	"9.00"	"13.52"	"Handicap"	"3"	"8"	"Harley, M"	"OMeara, D"	"1m "	"4"	"9"	"3"	"6"
"15:38:00"	"2022-06-08"	"Yarmouth"	"Le Reveur (IRE)"	"2.75"	"3.95"	"Handicap"	"4"	"8"	"Callan, N"	"Murphy, Mike"	"1m "	"4"	"5"	"1"	"13"
"13:18:00"	"2022-06-08"	"Yarmouth"	"Priscillas Wish"	"2.25"	"3.47"	"Handicap"	"3"	"8"	"Osborne, Saffie"	"McBride, P J"	"1m "	"6"	"7"	"2"	"10"
"13:18:00"	"2022-06-08"	"Yarmouth"	"Catch My Breath"	"5.00"	"7.62"	"Handicap"	"4"	"8"	"McEntee, Grace"	"Ryan, J"	"1m "	"6"	"2"	"5"	"12"
"18:45:00"	"2022-06-06"	"Windsor"	"Colombe (IRE)"	"4.00"	"5.87"	"Handicap"	"2"	"7"	"Curtis, B A"	"Boughey, George"	"5f "	"3"	"10"	"6"	"7"
"18:45:00"	"2022-06-06"	"Windsor"	"Live In The Moment (IRE)"	"2.00"	"3.32"	"Handicap"	"4"	"7"	"Havlin, Robert"	"West, Adam"	"5f "	"3"	"2"	"8"	"20"
"18:15:00"	"2022-06-06"	"Windsor"	"Pablo Del Pueblo (IRE)"	"2.25"	"4.13"	"Handicap"	"5"	"11"	"Duern, J"	"Dow, S"	"5f "	"5"	"7"	"1"	"11"
"16:16:00"	"2022-06-05"	"Musselburgh"	"Only Spoofing (IRE)"	"2.00"	"3.14"	"Handicap"	"1"	"11"	"Sheridan, J M"	"Coleman, Kevin"	"5f "	"4"	"1"	"3"	"13"
"16:16:00"	"2022-06-05"	"Musselburgh"	"Street Life"	"10.00"	"14"	"Handicap"	"4"	"11"	"Peate, Jonny"	"Morris, Patrick"	"5f "	"4"	"10"	"3"	"8"
"16:16:00"	"2022-06-05"	"Musselburgh"	"Lost My Sock (IRE)"	"14.00"	"19.45"	"Handicap"	"5"	"11"	"Wilkie, Brandon"	"Easterby, T D"	"5f "	"4"	"10"	"1"	"6"
"16:16:00"	"2022-06-05"	"Musselburgh"	"Leodis Dream (IRE)"	"16.00"	"19.38"	"Handicap"	"7"	"11"	"Russell, Harry"	"Midgley, P T"	"5f "	"4"	"8"	"5"	"7"
"16:16:00"	"2022-06-05"	"Musselburgh"	"Fashion Advice"	"5.00"	"6.67"	"Handicap"	"8"	"11"	"Sexton, Ryan"	"Dalgleish, Keith"	"5f "	"4"	"9"	"2"	"6"
"15:50:00"	"2022-06-05"	"Goodwood"	"Dream Composer (FR)"	"3.50"	"4.79"	"Handicap"	"1"	"7"	"Costello, Dougie"	"Evans, H J"	"6f "	"4"	"9"	"1"	"8"
"15:50:00"	"2022-06-05"	"Goodwood"	"Kimifive (IRE)"	"10.00"	"12.5"	"Handicap"	"6"	"7"	"Ryan, Rossa"	"Bridgwater, D G"	"6f "	"4"	"9"	"4"	"5"
"18:05:00"	"2022-06-04"	"Chepstow"	"Hope Probe (IRE)"	"1.75"	"3.05"	"Handicap"	"1"	"5"	"Mangan, Gina"	"Price, R J"	"5f "	"5"	"8"	"3"	"8"
"18:05:00"	"2022-06-04"	"Chepstow"	"Red Walls"	"4.50"	"5.84"	"Handicap"	"4"	"5"	"Hutchinson, Callum"	"Williamson, Mrs L"	"5f "	"5"	"8"	"3"	"6"
"17:30:00"	"2022-06-04"	"Chepstow"	"Monsieur Fantaisie (IRE)"	"2.25"	"4.1"	"Handicap"	"5"	"8"	"Mangan, Gina"	"Oshea, J G M"	"5f "	"6"	"8"	"2"	"8"
"16:01:00"	"2022-06-04"	"Musselburgh"	"Sixcor"	"5.50"	"7"	"Handicap"	"2"	"13"	"Russell, Harry"	"Perratt, Miss L A"	"5f "	"6"	"5"	"1"	"8"
"16:01:00"	"2022-06-04"	"Musselburgh"	"Dan De Light (IRE)"	"22.00"	"24.52"	"Handicap"	"3"	"13"	"Wilkie, Brandon"	"Easterby, T D"	"5f "	"6"	"10"	"11"	"12"
"16:01:00"	"2022-06-04"	"Musselburgh"	"Bridgetown"	"3.50"	"5.1"	"Handicap"	"7"	"13"	"Peate, Jonny"	"Camacho, Miss J A"	"5f "	"6"	"10"	"5"	"8"
"16:01:00"	"2022-06-04"	"Musselburgh"	"The Gloaming (IRE)"	"5.50"	"8.44"	"Handicap"	"8"	"13"	"Sanderson, Benjamin"	"Jardine, I"	"5f "	"6"	"2"	"5"	"12"
"16:01:00"	"2022-06-04"	"Musselburgh"	"Grandads Best Girl"	"50.00"	"63.7"	"Handicap"	"11"	"13"	"Sexton, Ryan"	"Perratt, Miss L A"	"5f "	"6"	"5"	"7"	"8"
"16:01:00"	"2022-06-04"	"Musselburgh"	"Mokaman"	"10.00"	"13.5"	"Handicap"	"13"	"13"	"Stammers, Oliver"	"Tuer, Grant"	"5f "	"6"	"10"	"5"	"12"
"13:21:00"	"2022-06-04"	"Doncaster"	"Impressor (IRE)"	"7.50"	"12"	"Handicap"	"7"	"18"	"Scott, Rowan"	"Makin, Phillip"	"6f "	"6"	"5"	"2"	"8"
"18:27:00"	"2022-06-03"	"Goodwood"	"Bowling Russian (IRE)"	"2.00"	"3.4"	"Handicap"	"3"	"8"	"Jones, Ethan"	"Baker, George"	"6f "	"5"	"3"	"4"	"7"
"17:04:00"	"2022-06-03"	"Doncaster"	"Thrave"	"7.50"	"10.16"	"Handicap"	"6"	"13"	"Watson, Jason"	"Appleby, M"	"1m "	"4"	"7"	"4"	"8"
"16:20:00"	"2022-06-02"	"Hamilton"	"The Gloaming (IRE)"	"16.00"	"26.9"	"Handicap"	"5"	"12"	"Lee, G"	"Jardine, I"	"6f "	"5"	"8"	"5"	"6"
"16:20:00"	"2022-06-02"	"Hamilton"	"Rose Bandit (IRE)"	"6.00"	"8.8"	"Handicap"	"8"	"12"	"Gormley, Jamie"	"Jardine, I"	"6f "	"5"	"8"	"3"	"8"
"16:20:00"	"2022-06-02"	"Hamilton"	"Glorious Rio (IRE)"	"7.50"	"10.13"	"Handicap"	"9"	"12"	"Mason, Joanna"	"Barclay, Stella"	"6f "	"5"	"8"	"5"	"8"
"13:52:00"	"2022-06-02"	"Redcar"	"Hajjam"	"3.50"	"4.9"	"Claimer"	"1"	"7"	"Tudhope, Daniel"	"Bailey, Liam"	"7f "	"5"	"3"	"7"	"10"
"13:52:00"	"2022-06-02"	"Redcar"	"Eldelbar (SPA)"	"4.50"	"5.88"	"Claimer"	"2"	"7"	"Beasley, Connor"	"Harker, G A"	"7f "	"5"	"5"	"5"	"12"
"13:52:00"	"2022-06-02"	"Redcar"	"Global Vision (IRE)"	"28.00"	"38"	"Claimer"	"6"	"7"	"Beech, Aled J"	"Macey, Jessica"	"7f "	"5"	"5"	"7"	"13"
"20:10:00"	"2022-06-01"	"Ripon"	"Albegone"	"2.25"	"3.5"	"Handicap"	"3"	"7"	"Allan, David"	"Easterby, T D"	"5f "	"5"	"7"	"2"	"7"
"20:10:00"	"2022-06-01"	"Ripon"	"Dapper Man (IRE)"	"10.00"	"12"	"Handicap"	"6"	"7"	"Curtis, B A"	"Fell, R / Murray, S"	"5f "	"5"	"7"	"5"	"7"
"15:00:00"	"2022-06-01"	"Nottingham"	"Soller Bay (IRE)"	"10.00"	"14"	"Handicap"	"6"	"10"	"Fentiman, Duran"	"Easterby, T D"	"6f "	"5"	"10"	"9"	"11"
"15:00:00"	"2022-06-01"	"Nottingham"	"Jet Set Go"	"10.00"	"12.65"	"Handicap"	"8"	"10"	"Dawson, R"	"Spencer, Seb"	"6f "	"5"	"7"	"8"	"8"
"20:04:00"	"2022-05-31"	"Yarmouth"	"Lucayan"	"7.50"	"9.74"	"Handicap"	"2"	"4"	"Muscutt, D"	"Parr, Joseph"	"1m "	"5"	"8"	"8"	"10"
"19:15:00"	"2022-05-31"	"Tipperary"	"Maggie Thunder (IRE)"	"33.00"	"60"	"Handicap"	"5"	"7"	"Hayes, C D"	"Hassett, P J"	"5f "	"0"	"4"	"13"	"18"
"16:40:00"	"2022-05-31"	"Newbury"	"Vape"	"9.00"	"11.5"	"Handicap"	"4"	"10"	"Cox, William"	"Flint, J L"	"6f "	"5"	"7"	"3"	"11"
"19:30:00"	"2022-05-30"	"Ayr"	"Mews House"	"8.00"	"12.7"	"Handicap"	"5"	"8"	"Dennis, Phil"	"Tuer, Grant"	"5f "	"6"	"10"	"7"	"9"
"17:15:00"	"2022-05-30"	"Redcar"	"Dirchill (IRE)"	"50.00"	"58.32"	"Handicap"	"1"	"14"	"Mooney, Danielle"	"Thompson, D W"	"6f "	"6"	"5"	"7"	"8"
"17:15:00"	"2022-05-30"	"Redcar"	"Power Point"	"12.00"	"17.32"	"Handicap"	"6"	"14"	"Bowen, Miss S L"	"Wainwright, J S"	"6f "	"6"	"6"	"9"	"12"
"17:15:00"	"2022-05-30"	"Redcar"	"Billian (IRE)"	"8.50"	"12.35"	"Handicap"	"8"	"14"	"Newcombe, Henry"	"Kirby, P A"	"6f "	"6"	"10"	"3"	"6"
"17:15:00"	"2022-05-30"	"Redcar"	"Stronsay (IRE)"	"7.50"	"10.5"	"Handicap"	"12"	"14"	"Brookes, Miss Megan"	"Bailey, Liam"	"6f "	"6"	"5"	"8"	"12"
"17:15:00"	"2022-05-30"	"Redcar"	"Lucarnip"	"125.00"	"1000"	"Handicap"	"14"	"14"	"OShea, Adam"	"Thompson, D W"	"6f "	"6"	"10"	"11"	"11"
"16:40:00"	"2022-05-30"	"Redcar"	"Fanzone (IRE)"	"2.50"	"3.8"	"Handicap"	"5"	"7"	"Watson, Jason"	"Bailey, Liam"	"1m "	"6"	"5"	"5"	"7"
"15:25:00"	"2022-05-30"	"Lingfield"	"Essme"	"1.75"	"2.86"	"Handicap"	"2"	"6"	"ONeill, K T"	"Bridger, J / Cook, R"	"7f "	"5"	"9"	"1"	"12"
"16:05:00"	"2022-05-28"	"Haydock"	"Nationwide (IRE)"	"5.50"	"7"	"Handicap"	"3"	"11"	"Muscutt, D"	"Butler, John"	"6f "	"3"	"9"	"1"	"8"
"16:05:00"	"2022-05-28"	"Haydock"	"Zargun (GER)"	"4.50"	"6.7"	"Handicap"	"6"	"11"	"Doyle, Hollie"	"Dixon, Scott"	"6f "	"3"	"6"	"2"	"21"
"14:15:00"	"2022-05-28"	"Navan"	"Kilonova (IRE)"	"50.00"	"70.8"	"Handicap"	"4"	"17"	"Hayes, C D"	"Mulvany, Michael"	"5f "	"0"	"5"	"10"	"15"
"15:05:00"	"2022-05-27"	"Chepstow"	"Red Walls"	"14.00"	"16.14"	"Handicap"	"3"	"6"	"Rooke, George"	"Williamson, Mrs L"	"5f "	"4"	"3"	"5"	"8"
"14:30:00"	"2022-05-27"	"Chepstow"	"Monsieur Fantaisie (IRE)"	"1.50"	"2.56"	"Handicap"	"2"	"8"	"Mangan, Gina"	"Oshea, J G M"	"5f "	"6"	"7"	"2"	"13"
"14:20:00"	"2022-05-27"	"Carlisle"	"Colombe (IRE)"	"3.00"	"5"	"Handicap"	"6"	"7"	"Osborne, Saffie"	"Boughey, George"	"5f "	"6"	"7"	"1"	"6"
"14:20:00"	"2022-05-27"	"Carlisle"	"Bobby Shaftoe"	"28.00"	"40"	"Handicap"	"7"	"7"	"Waugh, Amie"	"Goldie, J S"	"5f "	"6"	"9"	"5"	"10"
"16:25:00"	"2022-05-26"	"Ripon"	"Birkenhead"	"0.44"	"1.5"	"Handicap"	"2"	"6"	"Sexton, Ryan"	"Midgley, P T"	"5f "	"6"	"6"	"1"	"9"
"16:05:00"	"2022-05-26"	"Yarmouth"	"Catch My Breath"	"8.50"	"11.5"	"Handicap"	"1"	"10"	"Keenan, Darragh"	"Ryan, J"	"1m "	"6"	"8"	"4"	"10"
"16:05:00"	"2022-05-26"	"Yarmouth"	"Chloellie"	"10.00"	"14"	"Handicap"	"5"	"10"	"Ghiani, Marco"	"Jenkins, J R"	"1m "	"6"	"8"	"2"	"10"
"16:05:00"	"2022-05-26"	"Yarmouth"	"Habanero Star"	"4.50"	"6.48"	"Handicap"	"7"	"10"	"Buick, William"	"Kelleway, Miss Gay"	"1m "	"6"	"8"	"1"	"10"
"16:05:00"	"2022-05-26"	"Yarmouth"	"Daany (IRE)"	"12.00"	"13.84"	"Handicap"	"8"	"10"	"Beech, Aled J"	"West, Adam"	"1m "	"6"	"8"	"5"	"10"
"16:05:00"	"2022-05-26"	"Yarmouth"	"Santa Florentina"	"100.00"	"190.96"	"Handicap"	"10"	"10"	"McEntee, Grace"	"McEntee, P S"	"1m "	"6"	"7"	"5"	"5"
"15:30:00"	"2022-05-26"	"Yarmouth"	"Enough Already"	"2.00"	"3.15"	"Handicap"	"1"	"7"	"Dawson, R"	"Spiller, Henry"	"1m "	"4"	"9"	"4"	"8"
"15:30:00"	"2022-05-26"	"Yarmouth"	"Dandy Maestro"	"1.10"	"2.48"	"Handicap"	"3"	"7"	"Pyle, William"	"Spencer, Richard"	"1m "	"4"	"6"	"1"	"7"
"18:25:00"	"2022-05-25"	"Ripon"	"High Security"	"2.50"	"3.78"	"Handicap"	"6"	"7"	"Scott, Rowan"	"Tinkler, N"	"5f "	"5"	"10"	"1"	"13"
"14:50:00"	"2022-05-25"	"Hamilton"	"Inver Park"	"0.73"	"1.74"	"Handicap"	"1"	"8"	"Buick, William"	"Boughey, George"	"6f "	"4"	"9"	"1"	"11"
"14:50:00"	"2022-05-25"	"Hamilton"	"Nearly A Gonna"	"5.00"	"7.7"	"Handicap"	"4"	"8"	"Dennis, Phil"	"Easterby, T D"	"6f "	"4"	"9"	"1"	"13"
"13:50:00"	"2022-05-25"	"Hamilton"	"The Gloaming (IRE)"	"2.50"	"3.48"	"Handicap"	"5"	"6"	"Murtagh, Connor"	"Jardine, I"	"5f "	"6"	"4"	"3"	"9"
"13:40:00"	"2022-05-25"	"Beverley"	"Blackcurrent"	"3.33"	"4.74"	"Handicap"	"1"	"8"	"Howarth, Christian"	"Brown, A D"	"5f "	"6"	"4"	"5"	"9"
"13:40:00"	"2022-05-25"	"Beverley"	"Tom Tulliver"	"1.75"	"2.94"	"Handicap"	"6"	"8"	"Fisher, Jonathan"	"Dixon, Scott"	"5f "	"6"	"5"	"5"	"9"
"14:50:00"	"2022-05-23"	"Leicester"	"Katies Kitten"	"33.00"	"48.12"	"Handicap"	"7"	"12"	"Rooke, George"	"Appleby, M"	"7f "	"4"	"10"	"13"	"13"
"14:50:00"	"2022-05-23"	"Leicester"	"Eponina (IRE)"	"6.50"	"9"	"Handicap"	"9"	"12"	"Ladd, Theodore"	"Appleby, M"	"7f "	"4"	"7"	"1"	"9"
"13:20:00"	"2022-05-23"	"Leicester"	"Mostallim"	"3.33"	"4.29"	"Handicap"	"5"	"8"	"Larson, Frederick"	"Appleby, M"	"6f "	"5"	"6"	"1"	"12"
"14:10:00"	"2022-05-22"	"Curragh"	"Dragons Call (IRE)"	"18.00"	"27.25"	"Handicap"	"17"	"17"	"Manning, K J"	"Feane, John James"	"6f "	"0"	"8"	"7"	"9"
"17:23:00"	"2022-05-21"	"Musselburgh"	"The Gloaming (IRE)"	"2.75"	"4.1"	"Handicap"	"3"	"9"	"Mullen, Andrew"	"Jardine, I"	"5f "	"6"	"8"	"3"	"9"
"17:23:00"	"2022-05-21"	"Musselburgh"	"Stroxx (IRE)"	"18.00"	"26"	"Handicap"	"6"	"9"	"Nolan, D"	"Bailey, Liam"	"5f "	"6"	"8"	"7"	"8"
"17:23:00"	"2022-05-21"	"Musselburgh"	"Summer Heights"	"28.00"	"40.2"	"Handicap"	"8"	"9"	"Waugh, Amie"	"Goldie, J S"	"5f "	"6"	"8"	"8"	"9"
"19:03:00"	"2022-05-20"	"Catterick"	"John Kirkup"	"6.50"	"8.8"	"Handicap"	"3"	"7"	"Hardie, Cameron"	"Thompson, D W"	"5f "	"4"	"7"	"6"	"13"
"17:20:00"	"2022-05-20"	"Catterick"	"Birkenhead"	"3.33"	"4.63"	"Handicap"	"1"	"9"	"Sexton, Ryan"	"Midgley, P T"	"5f "	"6"	"5"	"2"	"13"
"17:20:00"	"2022-05-20"	"Catterick"	"Red Allure"	"10.00"	"13.5"	"Handicap"	"2"	"9"	"Peate, Jonny"	"Menzies, Rebecca"	"5f "	"6"	"7"	"6"	"8"
"17:20:00"	"2022-05-20"	"Catterick"	"Spanish Angel (IRE)"	"5.00"	"6.6"	"Handicap"	"8"	"9"	"Russell, Harry"	"Carr, Mrs R A"	"5f "	"6"	"5"	"9"	"13"
"17:22:00"	"2022-05-18"	"Yarmouth"	"Arlos Sunshine"	"3.50"	"6.2"	"Handicap"	"1"	"10"	"Sanderson, Benjamin"	"Eddery, Robert"	"1m "	"6"	"4"	"3"	"12"
"17:22:00"	"2022-05-18"	"Yarmouth"	"Alafdhal (IRE)"	"5.00"	"7.31"	"Handicap"	"4"	"10"	"Doyle, Hollie"	"McEntee, P S"	"1m "	"6"	"1"	"5"	"6"
"17:22:00"	"2022-05-18"	"Yarmouth"	"Show Me Now"	"100.00"	"174.38"	"Handicap"	"7"	"10"	"Quinn, Jimmy"	"Smith, Martin"	"1m "	"6"	"8"	"14"	"14"
"14:45:00"	"2022-05-18"	"Ayr"	"Tar Heel (IRE)"	"4.50"	"7.06"	"Handicap"	"2"	"10"	"Allan, David"	"Easterby, T D"	"6f "	"6"	"8"	"5"	"9"
"14:45:00"	"2022-05-18"	"Ayr"	"Bobby Shaftoe"	"16.00"	"20.97"	"Handicap"	"5"	"10"	"Hardie, Cameron"	"Goldie, J S"	"6f "	"6"	"5"	"3"	"8"
"14:10:00"	"2022-05-18"	"Ayr"	"Slainte Mhath"	"11.00"	"12.67"	"Handicap"	"1"	"8"	"Hart, Jason"	"Scott, Miss Katie"	"6f "	"6"	"5"	"2"	"8"
"14:10:00"	"2022-05-18"	"Ayr"	"Glen Lomond"	"33.00"	"53.88"	"Handicap"	"8"	"8"	"Waugh, Amie"	"Goldie, J S"	"6f "	"6"	"5"	"6"	"9"
"18:40:00"	"2022-05-16"	"Windsor"	"Indian Creak (IRE)"	"2.25"	"3.46"	"Handicap"	"2"	"11"	"Sousa, Silvestre De"	"Channon, M R"	"6f "	"3"	"3"	"2"	"7"
"17:10:00"	"2022-05-16"	"Windsor"	"Pablo Del Pueblo (IRE)"	"3.33"	"4.65"	"Handicap"	"3"	"13"	"Egan, David"	"Dow, S"	"5f "	"5"	"9"	"3"	"19"
"17:10:00"	"2022-05-16"	"Windsor"	"May Remain"	"16.00"	"23"	"Handicap"	"4"	"13"	"Whelan, Trevor"	"Baker, George"	"5f "	"5"	"6"	"6"	"15"
"17:10:00"	"2022-05-16"	"Windsor"	"Cooperation (IRE)"	"22.00"	"38"	"Handicap"	"7"	"13"	"Morris, Luke"	"Cowell, R M H"	"5f "	"5"	"9"	"5"	"8"
"15:55:00"	"2022-05-16"	"Redcar"	"Rebel At Dawn (IRE)"	"1.00"	"2.12"	"Handicap"	"1"	"4"	"Buick, William"	"Burke, K R"	"5f "	"3"	"2"	"2"	"8"
"15:55:00"	"2022-05-16"	"Redcar"	"Soul Seeker (IRE)"	"10.00"	"12"	"Handicap"	"4"	"4"	"Watson, Jason"	"OMeara, D"	"5f "	"3"	"8"	"14"	"14"
"13:55:00"	"2022-05-16"	"Carlisle"	"Good Earth (IRE)"	"2.50"	"4"	"Handicap"	"3"	"8"	"Eaves, Tom"	"Herrington,M "	"5f "	"5"	"6"	"2"	"9"
"13:35:00"	"2022-05-16"	"Redcar"	"Marcello Si"	"50.00"	"64.59"	"Maiden"	"4"	"10"	"Beasley, Connor"	"Dods, M"	"1m "	"6"	"9"	"13"	"14"
"14:10:00"	"2022-05-15"	"Ripon"	"High Security"	"3.50"	"5.37"	"Handicap"	"1"	"13"	"Jary, Alex"	"Tinkler, N"	"5f "	"6"	"5"	"3"	"9"
"14:10:00"	"2022-05-15"	"Ripon"	"Brazen Belle"	"80.00"	"110"	"Handicap"	"5"	"13"	"Muir, Paula"	"Teague, C J"	"5f "	"6"	"8"	"15"	"16"
"14:10:00"	"2022-05-15"	"Ripon"	"Buniann (IRE)"	"11.00"	"12.21"	"Handicap"	"6"	"13"	"McSweeney, O"	"Midgley, P T"	"5f "	"6"	"8"	"9"	"16"
"14:10:00"	"2022-05-15"	"Ripon"	"Qaaraat"	"11.00"	"13.77"	"Handicap"	"7"	"13"	"Russell, Harry"	"Brittain, Antony"	"5f "	"6"	"6"	"5"	"10"
"14:10:00"	"2022-05-15"	"Ripon"	"Cuppacoco"	"10.00"	"12.23"	"Handicap"	"8"	"13"	"Osborne, Saffie"	"Duffield, Mrs A"	"5f "	"6"	"6"	"7"	"12"
"20:40:00"	"2022-05-14"	"Doncaster"	"Roundhay Park"	"6.50"	"9.38"	"Handicap"	"6"	"11"	"McManoman, Faye"	"Tinkler, N"	"6f "	"4"	"10"	"7"	"11"
"17:11:00"	"2022-05-14"	"Thirsk"	"Blackjack"	"6.00"	"8.9"	"Handicap"	"1"	"14"	"Sexton, Ryan"	"Brown, A D"	"6f "	"6"	"8"	"8"	"11"
"17:11:00"	"2022-05-14"	"Thirsk"	"So Grateful"	"3.50"	"4.9"	"Handicap"	"2"	"14"	"Mulrennan, Paul"	"Easterby, M W"	"6f "	"6"	"9"	"2"	"8"
"17:11:00"	"2022-05-14"	"Thirsk"	"Eeh Bah Gum (IRE)"	"8.50"	"13.64"	"Handicap"	"6"	"14"	"Wilson-Ruddock, Curtis"	"Ryan, K A"	"6f "	"6"	"7"	"2"	"12"
"17:11:00"	"2022-05-14"	"Thirsk"	"Polam Lane"	"2.75"	"4.25"	"Handicap"	"7"	"14"	"Beasley, Connor"	"Barron, T D"	"6f "	"6"	"7"	"7"	"16"
"17:11:00"	"2022-05-14"	"Thirsk"	"Morty"	"7.50"	"12"	"Handicap"	"8"	"14"	"Watson, Jason"	"OMeara, D"	"6f "	"6"	"7"	"10"	"12"
"17:11:00"	"2022-05-14"	"Thirsk"	"Marwari (IRE)"	"50.00"	"75.89"	"Handicap"	"9"	"14"	"Mason, Joanna"	"Easterby, M W"	"6f "	"6"	"7"	"16"	"16"
"15:50:00"	"2022-05-14"	"Navan"	"Curraheen Princess (IRE)"	"9.00"	"14.42"	"Handicap"	"1"	"18"	"Doyle, Joe"	"Stokes, N"	"5f "	"0"	"7"	"9"	"20"
"15:50:00"	"2022-05-14"	"Navan"	"Teddy Boy (IRE)"	"5.00"	"7.8"	"Handicap"	"4"	"18"	"Sheehy, Danny"	"Lynam, Edward"	"5f "	"0"	"7"	"2"	"20"
"15:50:00"	"2022-05-14"	"Navan"	"Harrys Hill"	"8.00"	"11.84"	"Handicap"	"9"	"18"	"Coen, J"	"Hassett, Martin"	"5f "	"0"	"7"	"15"	"20"
"15:15:00"	"2022-05-14"	"Navan"	"Only Spoofing (IRE)"	"5.00"	"9.73"	"Handicap"	"1"	"9"	"Sheehy, M P"	"Coleman, Kevin"	"5f "	"0"	"7"	"12"	"22"
"15:15:00"	"2022-05-14"	"Navan"	"Karlsberg (IRE)"	"5.50"	"9.36"	"Handicap"	"6"	"9"	"Heffernan, J A"	"Crawley, Shane"	"5f "	"0"	"7"	"8"	"22"
"20:55:00"	"2022-05-13"	"Hamilton"	"Stronsay (IRE)"	"5.00"	"7.4"	"Handicap"	"4"	"9"	"Garritty, Billy"	"Bailey, Liam"	"5f "	"6"	"4"	"4"	"9"
"20:25:00"	"2022-05-13"	"Hamilton"	"Peachey Carnehan"	"3.00"	"4.57"	"Handicap"	"1"	"8"	"Dennis, Phil"	"Mullineaux, M"	"6f "	"6"	"4"	"4"	"10"
"19:55:00"	"2022-05-13"	"Hamilton"	"John Kirkup"	"7.50"	"9.2"	"Handicap"	"6"	"13"	"Mulrennan, Paul"	"Thompson, D W"	"6f "	"4"	"4"	"1"	"6"
"16:35:00"	"2022-05-13"	"Newmarket (Rowley)"	"As If By Chance"	"1.10"	"2.14"	"Handicap"	"4"	"6"	"Jary, Alex"	"Tinkler, N"	"6f "	"5"	"7"	"1"	"13"
"16:35:00"	"2022-05-13"	"Newmarket (Rowley)"	"Cahors"	"16.00"	"17.83"	"Handicap"	"6"	"6"	"Gunn, Molly"	"Carson, Anthony"	"6f "	"5"	"7"	"7"	"7"
"13:00:00"	"2022-05-12"	"Salisbury"	"Diamond Cottage"	"4.50"	"5.96"	"Handicap"	"8"	"9"	"Wright, Liam"	"Saunders, M S"	"7f "	"5"	"2"	"8"	"15"
"15:20:00"	"2022-05-10"	"Chepstow"	"Fittleton Ferry"	"80.00"	"250.68"	"Handicap"	"4"	"14"	"ONeill, K T"	"Evans, Mrs N S"	"5f "	"6"	"8"	"7"	"7"
"15:10:00"	"2022-05-10"	"Beverley"	"Son And Sannie (IRE)"	"2.00"	"3.52"	"Handicap"	"8"	"9"	"Sayette, B D L"	"Watson, Archie"	"5f "	"5"	"8"	"1"	"6"
"14:20:00"	"2022-05-10"	"Chepstow"	"Jessie Pye"	"33.00"	"46"	"Handicap"	"11"	"15"	"Mangan, Gina"	"Oshea, J G M"	"6f "	"5"	"4"	"8"	"13"
"13:15:00"	"2022-05-10"	"Chepstow"	"Lilandra (FR)"	"20.00"	"25.55"	"Handicap"	"3"	"14"	"Rooke, George"	"Flint, J L"	"1m "	"5"	"8"	"1"	"7"
"13:15:00"	"2022-05-10"	"Chepstow"	"Granary Queen (IRE)"	"6.50"	"8.53"	"Handicap"	"7"	"14"	"Bishop, Charles"	"Houghton, Eve Johnson"	"1m "	"5"	"8"	"3"	"7"
"13:15:00"	"2022-05-10"	"Chepstow"	"Girl From Ipanema (IRE)"	"150.00"	"340.76"	"Handicap"	"12"	"14"	"Keenan, Darragh"	"Stephens, Robert"	"1m "	"5"	"8"	"RR"	"7"
"15:50:00"	"2022-05-09"	"Musselburgh"	"The Thin Blue Line (IRE)"	"0.83"	"2.06"	"Handicap"	"5"	"6"	"Rodriguez, Callum"	"Dalgleish, Keith"	"5f "	"4"	"1"	"3"	"14"
"14:30:00"	"2022-05-09"	"Catterick"	"Blackcurrent"	"6.00"	"9.08"	"Handicap"	"5"	"12"	"Muir, Paula"	"Brown, A D"	"5f "	"6"	"10"	"4"	"8"
"17:18:00"	"2022-05-08"	"Hamilton"	"Fine Wine (FR)"	"7.50"	"9.2"	"Handicap"	"2"	"14"	"Fisher, Jonathan"	"Dixon, Scott"	"5f "	"3"	"9"	"5"	"10"
"17:18:00"	"2022-05-08"	"Hamilton"	"The Thin Blue Line (IRE)"	"20.00"	"29"	"Handicap"	"3"	"14"	"Rodriguez, Callum"	"Dalgleish, Keith"	"5f "	"3"	"10"	"1"	"6"
"17:18:00"	"2022-05-08"	"Hamilton"	"Dave Dexter"	"33.00"	"35.84"	"Handicap"	"11"	"14"	"Curtis, B A"	"Fell, R / Murray, S"	"5f "	"3"	"9"	"5"	"5"
"20:35:00"	"2022-05-07"	"Thirsk"	"Twice Adaay"	"6.00"	"8.62"	"Handicap"	"8"	"16"	"Coughlan, Laura"	"Nicholls, Adrian"	"6f "	"6"	"6"	"3"	"9"
"20:35:00"	"2022-05-07"	"Thirsk"	"Freedom Flyer (IRE)"	"20.00"	"28.43"	"Handicap"	"14"	"16"	"Eaves, Tom"	"Carr, Mrs R A"	"6f "	"6"	"8"	"4"	"8"
"19:35:00"	"2022-05-07"	"Thirsk"	"Lost My Sock (IRE)"	"7.00"	"9.4"	"Handicap"	"4"	"12"	"Allan, David"	"Easterby, T D"	"5f "	"6"	"10"	"4"	"6"
"19:35:00"	"2022-05-07"	"Thirsk"	"Elzaal (IRE)"	"9.00"	"13.65"	"Handicap"	"6"	"12"	"McHugh, B"	"Midgley, P T"	"5f "	"6"	"10"	"8"	"10"
"19:35:00"	"2022-05-07"	"Thirsk"	"Koropick (IRE)"	"12.00"	"17.72"	"Handicap"	"9"	"12"	"Muir, Paula"	"Teague, C J"	"5f "	"6"	"10"	"3"	"10"
"19:35:00"	"2022-05-07"	"Thirsk"	"Morty"	"3.33"	"5"	"Handicap"	"10"	"12"	"Mulrennan, Paul"	"OMeara, D"	"5f "	"6"	"6"	"2"	"7"
"17:30:00"	"2022-05-07"	"Thirsk"	"Lady Nectar (IRE)"	"6.50"	"7.86"	"Handicap"	"7"	"11"	"Gray, S A"	"Duffield, Mrs A"	"5f "	"5"	"4"	"4"	"7"
"17:15:00"	"2022-05-07"	"Ascot"	"Mount Mogan"	"25.00"	"49.05"	"Handicap"	"8"	"19"	"Atzeni, Andrea"	"Mongan, Mrs L J"	"6f "	"4"	"9"	"2"	"5"
"17:15:00"	"2022-05-07"	"Ascot"	"Phoenix Star (IRE)"	"12.00"	"16.5"	"Handicap"	"13"	"19"	"Stammers, Oliver"	"Macey, Jessica"	"6f "	"4"	"10"	"4"	"11"
"17:05:00"	"2022-05-07"	"Naas"	"Arcanears (IRE)"	"28.00"	"46.14"	"Handicap"	"7"	"22"	"Whelan, R P"	"Halford, M"	"6f "	"0"	"5"	"12"	"23"
"14:15:00"	"2022-05-07"	"Naas"	"Teddy Boy (IRE)"	"4.00"	"6.13"	"Handicap"	"2"	"20"	"Sheehy, Danny"	"Lynam, Edward"	"5f "	"0"	"6"	"2"	"11"
"14:15:00"	"2022-05-07"	"Naas"	"Elanora (IRE)"	"2.25"	"3.7"	"Handicap"	"3"	"20"	"Lordan, W M"	"Grassick, M C"	"5f "	"0"	"5"	"2"	"23"
"14:10:00"	"2022-05-07"	"Nottingham"	"Seneca Chief"	"14.00"	"18.72"	"Handicap"	"8"	"8"	"Keniry, L P"	"Kubler, Daniel"	"5f "	"4"	"10"	"6"	"11"
"14:05:00"	"2022-05-07"	"Lingfield"	"Marlay Park"	"4.00"	"5.5"	"Handicap"	"4"	"6"	"Spencer, Jamie"	"Boyle, J R"	"7f "	"4"	"9"	"5"	"5"
"18:45:00"	"2022-05-06"	"Ripon"	"Shallow Hal"	"6.50"	"10.29"	"Handicap"	"3"	"8"	"Feilden, Sam"	"Burke, K R"	"6f "	"4"	"10"	"5"	"7"
"18:45:00"	"2022-05-06"	"Ripon"	"Twilight Secret"	"5.50"	"7.52"	"Handicap"	"6"	"8"	"James, S H"	"Tuer, Grant"	"6f "	"4"	"8"	"3"	"7"
"18:15:00"	"2022-05-06"	"Ripon"	"Dapper Man (IRE)"	"3.00"	"4.1"	"Handicap"	"6"	"7"	"Hart, Jason"	"Fell, R / Murray, S"	"5f "	"5"	"9"	"3"	"6"
"17:35:00"	"2022-05-06"	"Nottingham"	"Vape"	"7.50"	"13.03"	"Handicap"	"3"	"13"	"Cox, William"	"Flint, J L"	"6f "	"6"	"8"	"2"	"9"
"17:10:00"	"2022-05-06"	"Ascot"	"Many A Star (IRE)"	"2.00"	"3.47"	"Handicap"	"1"	"8"	"Tabti, M"	"Cole, P F I"	"6f "	"3"	"7"	"3"	"9"
"17:15:00"	"2022-05-02"	"Curragh"	"Markievicz (IRE)"	"18.00"	"21.45"	"Handicap"	"8"	"23"	"Cleary, Jack"	"Lavery, Ms Sheila"	"6f "	"0"	"9"	"6"	"14"
"17:15:00"	"2022-05-02"	"Curragh"	"Tawaazon (IRE)"	"33.00"	"64.38"	"Handicap"	"10"	"23"	"Heffernan, J A"	"Hogan, Denis Gerard"	"6f "	"0"	"9"	"8"	"14"
"17:15:00"	"2022-05-02"	"Curragh"	"Brokers Tip (IRE)"	"40.00"	"96.4"	"Handicap"	"16"	"23"	"Powell, J A"	"Bunyan, Darren / OLeary, G"	"6f "	"0"	"9"	"10"	"14"
"14:16:00"	"2022-05-02"	"Windsor"	"Firenze Rosa (IRE)"	"4.00"	"5.86"	"Handicap"	"6"	"6"	"Howarth, Christian"	"Bridger, J / Cook, R"	"5f "	"5"	"7"	"2"	"7"
"16:56:00"	"2022-05-01"	"Hamilton"	"Twice Adaay"	"10.00"	"14"	"Handicap"	"3"	"9"	"Murtagh, Connor"	"Nicholls, Adrian"	"6f "	"6"	"9"	"3"	"9"
"16:56:00"	"2022-05-01"	"Hamilton"	"Iris Dancer"	"1.63"	"2.75"	"Handicap"	"4"	"9"	"Hart, Jason"	"Davidson, Tristan"	"6f "	"6"	"5"	"3"	"7"
"16:56:00"	"2022-05-01"	"Hamilton"	"Singe Anglais (IRE)"	"7.50"	"10.14"	"Handicap"	"6"	"9"	"McManoman, Faye"	"Tinkler, N"	"6f "	"6"	"7"	"4"	"5"
"16:56:00"	"2022-05-01"	"Hamilton"	"Danzart (IRE)"	"9.00"	"11.61"	"Handicap"	"9"	"9"	"Mulrennan, Paul"	"Barclay, Stella"	"6f "	"6"	"8"	"12"	"15"
"13:30:00"	"2022-05-01"	"Hamilton"	"Morty"	"2.00"	"3.39"	"Handicap"	"2"	"7"	"Tudhope, Daniel"	"OMeara, D"	"5f "	"6"	"7"	"2"	"8"
"13:30:00"	"2022-04-30"	"Thirsk"	"Merry Secret (IRE)"	"8.50"	"12.05"	"Handicap"	"1"	"15"	"Sousa, Silvestre De"	"Mullaney, L A"	"6f "	"4"	"8"	"7"	"11"
"13:30:00"	"2022-04-30"	"Thirsk"	"After John"	"3.00"	"4.78"	"Handicap"	"2"	"15"	"Mullen, Andrew"	"Jardine, I"	"6f "	"4"	"7"	"3"	"15"
"16:45:00"	"2022-04-29"	"Newmarket (Rowley)"	"Eilean Dubh (IRE)"	"3.33"	"4.81"	"Handicap"	"3"	"5"	"James, S H"	"Burke, K R"	"1m "	"3"	"2"	"3"	"6"
"18:45:00"	"2022-04-28"	"Chepstow"	"Symbol of Hope"	"1.88"	"3.01"	"Handicap"	"2"	"8"	"Whelan, Trevor"	"Harris, Miss G"	"5f "	"6"	"4"	"1"	"9"
"17:00:00"	"2022-04-28"	"Chepstow"	"Holdenhurst"	"11.00"	"15"	"Handicap"	"5"	"7"	"Browne, L W"	"Turner, W G M"	"1m "	"5"	"8"	"8"	"10"
"17:00:00"	"2022-04-28"	"Chepstow"	"Glasvegas (IRE)"	"8.00"	"9.4"	"Handicap"	"7"	"7"	"Downing, George"	"Evans, P D"	"1m "	"5"	"4"	"8"	"10"
"15:25:00"	"2022-04-28"	"Musselburgh"	"Cool Spirit"	"14.00"	"17.18"	"Handicap"	"5"	"6"	"Mullen, Andrew"	"Griffiths, D C"	"5f "	"4"	"4"	"8"	"8"
"19:25:00"	"2022-04-27"	"Musselburgh"	"Mokaman"	"8.00"	"11"	"Handicap"	"1"	"10"	"Stammers, Oliver"	"Tuer, Grant"	"5f "	"6"	"7"	"5"	"10"
"19:25:00"	"2022-04-27"	"Musselburgh"	"Stronsay (IRE)"	"7.00"	"9.14"	"Handicap"	"2"	"10"	"Garritty, Billy"	"Bailey, Liam"	"5f "	"6"	"2"	"7"	"13"
"19:25:00"	"2022-04-27"	"Musselburgh"	"Koropick (IRE)"	"8.50"	"9.83"	"Handicap"	"3"	"10"	"Allan, David"	"Teague, C J"	"5f "	"6"	"10"	"11"	"14"
"17:10:00"	"2022-04-27"	"Ascot"	"Mohareb"	"11.00"	"15.58"	"Handicap"	"5"	"11"	"Ladd, Theodore"	"Appleby, M"	"5f "	"4"	"9"	"6"	"9"
"17:10:00"	"2022-04-27"	"Ascot"	"Araifjan"	"10.00"	"12.5"	"Handicap"	"8"	"11"	"Levey, S M"	"Cowell, R M H"	"5f "	"4"	"9"	"3"	"10"
"13:50:00"	"2022-04-27"	"Ascot"	"Hathlool (IRE)"	"3.50"	"5.02"	"Handicap"	"5"	"9"	"Ladd, Theodore"	"Appleby, M"	"1m "	"3"	"4"	"3"	"5"
"20:00:00"	"2022-04-26"	"Ayr"	"Spanish Angel (IRE)"	"3.50"	"5.1"	"Handicap"	"3"	"6"	"Sullivan, James P"	"Carr, Mrs R A"	"5f "	"5"	"6"	"3"	"10"
"20:00:00"	"2022-04-26"	"Ayr"	"Rose Bandit (IRE)"	"2.50"	"3.68"	"Handicap"	"4"	"6"	"Mullen, Andrew"	"Jardine, I"	"5f "	"5"	"10"	"1"	"12"
"20:00:00"	"2022-04-26"	"Ayr"	"Rory"	"2.00"	"3.25"	"Handicap"	"5"	"6"	"Mulrennan, Paul"	"Goldie, J S"	"5f "	"5"	"10"	"5"	"12"
"20:00:00"	"2022-04-26"	"Ayr"	"Jordan Electrics"	"8.00"	"9.49"	"Handicap"	"6"	"6"	"Robinson, Ben"	"Whillans, Ewan"	"5f "	"5"	"10"	"10"	"12"
"16:23:00"	"2022-04-26"	"Yarmouth"	"Ajrad"	"2.75"	"3.96"	"Handicap"	"7"	"9"	"Shepherd, Callum"	"Knight, W J"	"7f "	"6"	"10"	"3"	"8"
"16:23:00"	"2022-04-26"	"Yarmouth"	"Arlos Sunshine"	"4.50"	"5.92"	"Handicap"	"8"	"9"	"Ghiani, Marco"	"Eddery, Robert"	"7f "	"6"	"9"	"6"	"11"
"16:23:00"	"2022-04-26"	"Yarmouth"	"Silver Dollar (IRE)"	"6.50"	"9.6"	"Handicap"	"9"	"9"	"Egan, David"	"Eddery, Robert"	"7f "	"6"	"7"	"5"	"9"
"15:48:00"	"2022-04-26"	"Yarmouth"	"Goddess Of Fire"	"3.33"	"5.15"	"Handicap"	"3"	"5"	"Pearson, Laura"	"Ryan, J"	"1m "	"4"	"7"	"1"	"8"
"14:40:00"	"2022-04-26"	"Yarmouth"	"Mehmo (IRE)"	"50.00"	"127.88"	"Handicap"	"6"	"7"	"ONeill, K T"	"Dunnett, Mrs C A"	"6f "	"5"	"7"	"9"	"9"
"19:05:00"	"2022-04-25"	"Thirsk"	"Ghathanfar (IRE)"	"4.50"	"6.8"	"Handicap"	"2"	"10"	"Eaves, Tom"	"Waggott, Miss Tracy"	"6f "	"3"	"5"	"7"	"10"
"17:55:00"	"2022-04-25"	"Windsor"	"Kool Moe Dee (IRE)"	"2.25"	"3.51"	"Handicap"	"4"	"7"	"Dobbs, Pat"	"Hannon (Jnr), Richard"	"5f "	"5"	"9"	"6"	"12"
"17:55:00"	"2022-04-25"	"Windsor"	"Im Mable"	"3.00"	"3.92"	"Handicap"	"5"	"7"	"Wright, Liam"	"Holland, Darryll"	"5f "	"5"	"10"	"1"	"8"
"15:25:00"	"2022-04-25"	"Ayr"	"Be Proud (IRE)"	"4.00"	"5.5"	"Handicap"	"3"	"5"	"Waugh, Amie"	"Goldie, J S"	"6f "	"3"	"9"	"9"	"11"
"15:25:00"	"2022-04-25"	"Ayr"	"Call Me Ginger"	"2.25"	"4.39"	"Handicap"	"5"	"5"	"Robinson, Ben"	"Goldie, J S"	"6f "	"3"	"9"	"6"	"11"
"18:05:00"	"2022-04-23"	"Doncaster"	"Alpha Cru (IRE)"	"2.75"	"4.18"	"Handicap"	"3"	"6"	"Hart, Jason"	"OMeara, D"	"1m "	"4"	"7"	"7"	"10"
"15:20:00"	"2022-04-23"	"Leicester"	"Jacks Point"	"7.00"	"8.86"	"Handicap"	"5"	"9"	"Downing, George"	"Carroll, A W"	"6f "	"4"	"8"	"5"	"11"
"14:35:00"	"2022-04-23"	"Navan"	"Sunset Nova (IRE)"	"8.50"	"11.62"	"Handicap"	"1"	"14"	"Hayes, Amy Jo"	"Slattery, Andrew"	"5.5f "	"0"	"3"	"7"	"13"
"14:35:00"	"2022-04-23"	"Navan"	"Cometh The Man (IRE)"	"9.00"	"14.5"	"Handicap"	"7"	"14"	"Kearney, J"	"McGuinness, Adrian"	"5.5f "	"0"	"3"	"4"	"15"
"14:35:00"	"2022-04-23"	"Navan"	"Kilonova (IRE)"	"20.00"	"24.94"	"Handicap"	"11"	"14"	"Joyce, Wesley"	"Mulvany, Michael"	"5.5f "	"0"	"3"	"10"	"15"
"13:40:00"	"2022-04-22"	"Doncaster"	"Saisons Dor (IRE)"	"3.00"	"4.33"	"Handicap"	"5"	"10"	"Garritty, Jack"	"OKeeffe, Jedd"	"7f "	"5"	"6"	"2"	"12"
"13:55:00"	"2022-04-21"	"Beverley"	"Not On Your Nellie (IRE)"	"4.50"	"6.26"	"Handicap"	"4"	"7"	"McManoman, Faye"	"Tinkler, N"	"5f "	"5"	"8"	"10"	"12"
"13:40:00"	"2022-04-20"	"Catterick"	"Qaaraat"	"12.00"	"22.3"	"Handicap"	"2"	"10"	"Russell, Harry"	"Brittain, Antony"	"5f "	"6"	"8"	"4"	"8"
"13:40:00"	"2022-04-20"	"Catterick"	"Val De Travers"	"0.50"	"1.51"	"Handicap"	"4"	"10"	"Ladd, Theodore"	"Appleby, M"	"5f "	"6"	"4"	"1"	"8"
"13:40:00"	"2022-04-20"	"Catterick"	"Show Me Now"	"33.00"	"60.11"	"Handicap"	"7"	"10"	"Clark, Jacob"	"Smith, Martin"	"5f "	"6"	"9"	"5"	"16"
"13:40:00"	"2022-04-20"	"Catterick"	"Raabeh"	"50.00"	"124.95"	"Handicap"	"9"	"10"	"Villiers, Angus"	"Brittain, Antony"	"5f "	"6"	"8"	"7"	"8"
"17:07:00"	"2022-04-16"	"Nottingham"	"Q Twenty Boy (IRE)"	"8.50"	"13.24"	"Handicap"	"2"	"8"	"Francis, Isobel"	"Usher, M D I"	"5f "	"6"	"8"	"8"	"11"
"17:07:00"	"2022-04-16"	"Nottingham"	"Amasova"	"4.00"	"6.24"	"Handicap"	"5"	"8"	"Burns, Harry"	"Haynes, Alice"	"5f "	"6"	"1"	"6"	"8"
"17:07:00"	"2022-04-16"	"Nottingham"	"Silver Diva"	"11.00"	"14.5"	"Handicap"	"6"	"8"	"Phillips, Mollie"	"Gallagher, J"	"5f "	"6"	"5"	"9"	"16"
"17:07:00"	"2022-04-16"	"Nottingham"	"Boudica Bay (IRE)"	"14.00"	"19.7"	"Handicap"	"7"	"8"	"Heard, Tyler"	"Alston, E J"	"5f "	"6"	"10"	"12"	"15"
"17:07:00"	"2022-04-16"	"Nottingham"	"Prince of Rome (IRE)"	"11.00"	"15.5"	"Handicap"	"8"	"8"	"Mangan, Gina"	"Mullineaux, M"	"5f "	"6"	"10"	"9"	"15"
"14:50:00"	"2022-04-16"	"Cork"	"Breaking Story (IRE)"	"3.50"	"6.4"	"Handicap"	"4"	"17"	"Crosse, Nathan"	"OBrien, Richard John"	"7f "	"0"	"6"	"5"	"22"
"14:50:00"	"2022-04-16"	"Cork"	"Miramis (IRE)"	"28.00"	"39.3"	"Handicap"	"10"	"17"	"Cleary, Jack"	"Lavery, Ms Sheila"	"7f "	"0"	"9"	"10"	"13"
"14:15:00"	"2022-04-16"	"Cork"	"Run The Jewels (IRE)"	"3.50"	"6"	"Handicap"	"1"	"16"	"McCullagh, Scott"	"McCullagh, Michael"	"7f "	"0"	"10"	"2"	"15"
"14:15:00"	"2022-04-16"	"Cork"	"London Palladium"	"7.50"	"10.65"	"Handicap"	"2"	"16"	"Powell, J A"	"Byrne, Sean"	"7f "	"0"	"10"	"3"	"15"
"14:15:00"	"2022-04-16"	"Cork"	"Tooso (IRE)"	"6.50"	"9.42"	"Handicap"	"3"	"16"	"Sheehy, Danny"	"Murtagh, J P"	"7f "	"0"	"9"	"6"	"13"
"14:15:00"	"2022-04-16"	"Cork"	"Urtheone (IRE)"	"33.00"	"64.99"	"Handicap"	"13"	"16"	"Hoban, Connor"	"Flynn, Patrick J"	"7f "	"0"	"10"	"11"	"15"
"16:45:00"	"2022-04-14"	"Newmarket (Rowley)"	"Yimou (IRE)"	"16.00"	"25"	"Handicap"	"4"	"10"	"Bennett, Charlie"	"Ivory, D K"	"5f "	"3"	"10"	"7"	"13"
"13:50:00"	"2022-04-11"	"Windsor"	"Company Minx (IRE)"	"10.00"	"13.5"	"Handicap"	"4"	"12"	"Levey, S M"	"Jenkins, J R"	"6f "	"6"	"10"	"9"	"13"
"13:50:00"	"2022-04-11"	"Windsor"	"Glamorous Force"	"4.00"	"5.62"	"Handicap"	"6"	"12"	"Fallon, Cieren"	"Harris, R A"	"6f "	"6"	"3"	"3"	"11"
"17:20:00"	"2022-04-10"	"Curragh"	"Cactus Tree (IRE)"	"14.00"	"27.31"	"Handicap"	"UR"	"24"	"Lordan, W M"	"Grassick, M C"	"6f "	"0"	"4"	"10"	"15"
"13:30:00"	"2022-04-09"	"Thirsk"	"Shallow Hal"	"4.00"	"6.82"	"Handicap"	"2"	"15"	"Lee, Clifford"	"Burke, K R"	"6f "	"5"	"8"	"3"	"13"
"15:15:00"	"2022-04-04"	"Redcar"	"Hortzadar"	"4.00"	"5.5"	"Handicap"	"2"	"16"	"Tudhope, Daniel"	"OMeara, D"	"1m "	"3"	"9"	"13"	"22"
"15:15:00"	"2022-04-04"	"Redcar"	"Broken Spear"	"4.00"	"6.4"	"Handicap"	"7"	"16"	"Peate, Jonny"	"Coyle, Tony"	"1m "	"3"	"9"	"5"	"22"
"14:50:00"	"2022-04-04"	"Windsor"	"Zim Baby"	"3.33"	"5"	"Handicap"	"1"	"13"	"Sousa, Silvestre De"	"Appleby, M"	"6f "	"4"	"8"	"3"	"18"
"14:50:00"	"2022-04-04"	"Windsor"	"Bernardo OReilly"	"4.50"	"6.97"	"Handicap"	"9"	"13"	"Turner, Hayley"	"Spencer, Richard"	"6f "	"4"	"8"	"1"	"18"
"14:05:00"	"2022-04-04"	"Redcar"	"Pallas Lord (IRE)"	"2.00"	"3.12"	"Handicap"	"1"	"13"	"Sexton, Ryan"	"Whillans, D W"	"7f "	"6"	"10"	"1"	"11"
"13:30:00"	"2022-04-04"	"Redcar"	"Blackjack"	"8.00"	"10"	"Handicap"	"3"	"14"	"Swift, Mr Dale"	"Brown, A D"	"7f "	"6"	"7"	"7"	"12"
"13:30:00"	"2022-04-04"	"Redcar"	"Elland Road Boy (IRE)"	"33.00"	"55"	"Handicap"	"13"	"14"	"Norton, Francis"	"Mackie, J"	"7f "	"6"	"9"	"7"	"8"
"14:50:00"	"2022-03-29"	"Navan"	"Tai Sing Yeh (IRE)"	"6.00"	"7.84"	"Handicap"	"1"	"12"	"OConnor, Donagh"	"Levins, J F"	"5f "	"0"	"4"	"3"	"10"
"14:50:00"	"2022-03-29"	"Navan"	"Teddy Boy (IRE)"	"4.50"	"6.4"	"Handicap"	"3"	"12"	"Sheehy, Danny"	"Lynam, Edward"	"5f "	"0"	"6"	"2"	"14"
"14:50:00"	"2022-03-29"	"Navan"	"Mogwli (IRE)"	"2.50"	"3.58"	"Handicap"	"9"	"12"	"Crosse, Nathan"	"McCreery, W"	"5f "	"0"	"3"	"1"	"21"
"17:21:00"	"2022-03-26"	"Curragh"	"Hodds Girl (IRE)"	"10.00"	"12.9"	"Handicap"	"18"	"21"	"Moody, Ciaran"	"Halford, M"	"6f "	"0"	"3"	"5"	"14"
"15:45:00"	"2021-11-06"	"Doncaster"	"Song of The Isles (IRE)"	"11.00"	"14.31"	"Handicap"	"4"	"22"	"Jary, Alex"	"Main, Mrs H S"	"7f "	"3"	"4"	"3"	"15"
"15:45:00"	"2021-11-06"	"Doncaster"	"Erich Bloch (IRE)"	"22.00"	"25.72"	"Handicap"	"21"	"22"	"Harris, Bradley"	"Fell, R / Murray, S"	"7f "	"3"	"4"	"15"	"15"
"15:40:00"	"2021-11-03"	"Nottingham"	"Captain Corcoran (IRE)"	"4.00"	"6.09"	"Handicap"	"3"	"17"	"Cole, Morgan"	"Alston, E J"	"5f "	"6"	"8"	"3"	"15"
"15:40:00"	"2021-11-03"	"Nottingham"	"Tomahawk Ridge (IRE)"	"16.00"	"19"	"Handicap"	"8"	"17"	"Morris, Luke"	"Gallagher, J"	"5f "	"6"	"8"	"11"	"15"
"15:40:00"	"2021-11-03"	"Nottingham"	"Mansfield"	"18.00"	"25.41"	"Handicap"	"9"	"17"	"Peate, Jonny"	"Barclay, Stella"	"5f "	"6"	"9"	"9"	"12"
"15:10:00"	"2021-11-03"	"Nottingham"	"Raasel"	"0.83"	"2"	"Handicap"	"1"	"8"	"Marquand, Tom"	"Appleby, M"	"5f "	"3"	"7"	"1"	"14"
"15:10:00"	"2021-11-03"	"Nottingham"	"Wrenthorpe"	"5.00"	"7.4"	"Handicap"	"3"	"8"	"Sanna, G"	"Smart, B"	"5f "	"3"	"7"	"10"	"14"
"15:10:00"	"2021-11-03"	"Nottingham"	"Dark Shot"	"9.00"	"13.5"	"Handicap"	"5"	"8"	"Schofield, Kieran"	"Dixon, Scott"	"5f "	"3"	"7"	"2"	"14"
"15:40:00"	"2021-11-02"	"Redcar"	"Mac Ailey"	"6.00"	"8.02"	"Handicap"	"2"	"19"	"Fanning, Joe"	"Easterby, T D"	"1m "	"6"	"6"	"9"	"14"
"15:40:00"	"2021-11-02"	"Redcar"	"Flavius Titus"	"28.00"	"40.09"	"Handicap"	"11"	"19"	"Garritty, Jack"	"Brooke, Daniel"	"1m "	"6"	"10"	"4"	"12"
"13:40:00"	"2021-11-02"	"Redcar"	"Bronze River"	"10.00"	"14.5"	"Handicap"	"6"	"15"	"Stammers, Oliver"	"Appleby, M"	"7f "	"4"	"8"	"8"	"11"
"13:40:00"	"2021-11-02"	"Redcar"	"Legal Reform (IRE)"	"2.25"	"3.46"	"Handicap"	"9"	"15"	"ONeill, K T"	"Furtado, Ivan"	"7f "	"4"	"7"	"1"	"11"
"13:40:00"	"2021-11-02"	"Redcar"	"Admirality"	"16.00"	"21"	"Handicap"	"10"	"15"	"Crehan, Mark"	"Fell, R / Murray, S"	"7f "	"4"	"10"	"7"	"13"
"13:40:00"	"2021-11-02"	"Redcar"	"Frankelio (FR)"	"16.00"	"26"	"Handicap"	"11"	"15"	"Lee, G"	"Hammond, Micky"	"7f "	"4"	"10"	"7"	"12"
"13:40:00"	"2021-11-02"	"Redcar"	"Erich Bloch (IRE)"	"6.50"	"8.25"	"Handicap"	"15"	"15"	"Hart, Jason"	"Fell, R / Murray, S"	"7f "	"4"	"7"	"3"	"11"
"13:10:00"	"2021-11-02"	"Redcar"	"King Of Tonga (IRE)"	"1.20"	"2.27"	"Seller"	"2"	"7"	"Winn, Mark"	"OMeara, D"	"1m "	"5"	"5"	"2"	"13"
"13:35:00"	"2021-10-31"	"Naas"	"Earls (IRE)"	"4.50"	"5.86"	"Handicap"	"1"	"13"	"Lordan, W M"	"Donnelly, Garvan"	"5f "	"0"	"5"	"7"	"16"
"16:43:00"	"2021-10-30"	"Newmarket (Rowley)"	"Bernardo OReilly"	"6.50"	"9.19"	"Handicap"	"3"	"9"	"Dwyer, Martin"	"Spencer, Richard"	"7f "	"4"	"8"	"2"	"13"
"16:50:00"	"2021-10-29"	"Newmarket (Rowley)"	"Masked Identity"	"4.00"	"6.25"	"Handicap"	"1"	"13"	"Gordon, Josephine"	"Loughnane, Daniel Mark"	"1m "	"5"	"6"	"3"	"12"
"16:50:00"	"2021-10-29"	"Newmarket (Rowley)"	"Goddess Of Fire"	"4.00"	"6.67"	"Handicap"	"3"	"13"	"Keenan, Darragh"	"Ryan, J"	"1m "	"5"	"9"	"4"	"7"
"16:50:00"	"2021-10-29"	"Newmarket (Rowley)"	"Super Den"	"5.50"	"6.6"	"Handicap"	"8"	"13"	"Stammers, Oliver"	"Kent, T J"	"1m "	"5"	"4"	"6"	"8"
"15:40:00"	"2021-10-29"	"Newmarket (Rowley)"	"Croeso Cymraeg"	"16.00"	"19.86"	"Handicap"	"7"	"10"	"Costello, Dougie"	"Evans, H J"	"1m2f "	"3"	"10"	"8"	"13"
"14:15:00"	"2021-10-27"	"Nottingham"	"Dark Shot"	"12.00"	"18"	"Handicap"	"2"	"14"	"Schofield, Kieran"	"Dixon, Scott"	"5f "	"3"	"1"	"1"	"10"
"14:15:00"	"2021-10-27"	"Nottingham"	"Zim Baby"	"12.00"	"16"	"Handicap"	"5"	"14"	"Ladd, Theodore"	"Appleby, M"	"5f "	"3"	"4"	"12"	"14"
"14:15:00"	"2021-10-27"	"Nottingham"	"Show Me Show Me"	"25.00"	"31.47"	"Handicap"	"6"	"14"	"Murtagh, Connor"	"Fahey, R A"	"5f "	"3"	"9"	"2"	"14"
"14:15:00"	"2021-10-27"	"Nottingham"	"Zargun (GER)"	"14.00"	"21"	"Handicap"	"7"	"14"	"Fisher, Jonathan"	"Dixon, Scott"	"5f "	"3"	"4"	"13"	"14"
"16:05:00"	"2021-10-26"	"Curragh"	"Teddy Boy (IRE)"	"10.00"	"16"	"Handicap"	"9"	"16"	"Hayes, C D"	"Lynam, Edward"	"5f "	"0"	"6"	"4"	"21"
"16:05:00"	"2021-10-26"	"Curragh"	"Coffeemeanscoffee (IRE)"	"12.00"	"18"	"Handicap"	"12"	"16"	"Leonard, Killian"	"McGuinness, Tom"	"5f "	"0"	"6"	"13"	"21"
"14:05:00"	"2021-10-23"	"Doncaster"	"Admirality"	"11.00"	"12.77"	"Handicap"	"7"	"13"	"Hart, Jason"	"Fell, R / Murray, S"	"7f "	"3"	"7"	"8"	"11"
"13:00:00"	"2021-10-23"	"Doncaster"	"One Hart (IRE)"	"10.00"	"12.3"	"Handicap"	"6"	"12"	"Stammers, Oliver"	"Tuer, Grant"	"7f "	"4"	"7"	"4"	"11"
"13:00:00"	"2021-10-23"	"Doncaster"	"Giogiobbo"	"28.00"	"31.26"	"Handicap"	"10"	"12"	"Schofield, Kieran"	"Dixon, Scott"	"7f "	"4"	"4"	"11"	"14"
"13:00:00"	"2021-10-23"	"Doncaster"	"Central City (IRE)"	"150.00"	"430.46"	"Handicap"	"11"	"12"	"Furniss, Bradley"	"Williams, Ian"	"7f "	"4"	"7"	"8"	"8"
"16:30:00"	"2021-10-22"	"Newbury"	"Milltown Star"	"28.00"	"37.56"	"Handicap"	"14"	"18"	"Bass, George"	"Channon, M R"	"7f "	"3"	"10"	"9"	"10"
"14:55:00"	"2021-10-20"	"Navan"	"Pretty Boy Floyd (IRE)"	"6.00"	"9.32"	"Handicap"	"2"	"13"	"Keane, C T"	"Dawson, Mrs Sarah"	"5f "	"0"	"10"	"1"	"12"
"14:55:00"	"2021-10-20"	"Navan"	"Mi Esperanza (IRE)"	"12.00"	"21"	"Handicap"	"3"	"13"	"Foley, Shane"	"Kinsella, A"	"5f "	"0"	"10"	"3"	"12"
"14:55:00"	"2021-10-20"	"Navan"	"Shabaaby"	"33.00"	"48"	"Handicap"	"6"	"13"	"OConnor, Donagh"	"Levins, J F"	"5f "	"0"	"3"	"14"	"15"
"14:20:00"	"2021-10-20"	"Navan"	"Fool Proof (IRE)"	"14.00"	"20"	"Maiden"	"7"	"10"	"Roche, L F"	"Feane, John James"	"5f "	"0"	"6"	"10"	"18"
"13:45:00"	"2021-10-20"	"Navan"	"Teddy Boy (IRE)"	"9.00"	"11.32"	"Handicap"	"4"	"21"	"Hayes, C D"	"Lynam, Edward"	"5.5f "	"0"	"6"	"6"	"18"
"13:45:00"	"2021-10-20"	"Navan"	"Coffeemeanscoffee (IRE)"	"4.00"	"6.58"	"Handicap"	"13"	"21"	"Leonard, Killian"	"McGuinness, Tom"	"5.5f "	"0"	"6"	"2"	"19"
"16:50:00"	"2021-10-19"	"Yarmouth"	"Light Lily"	"28.00"	"40"	"Handicap"	"2"	"15"	"Egan, John"	"Butler, John"	"7f "	"6"	"10"	"4"	"12"
"16:35:00"	"2021-10-17"	"Naas"	"Half Nutz (IRE)"	"10.00"	"14.49"	"Handicap"	"1"	"15"	"Slattery, A J"	"Lavery, Ms Sheila"	"6f "	"0"	"9"	"4"	"10"
"16:35:00"	"2021-10-17"	"Naas"	"Not Now Zeb (IRE)"	"18.00"	"23.79"	"Handicap"	"4"	"15"	"Doyle, Joe"	"Mullins, Thomas"	"6f "	"0"	"7"	"5"	"12"
"16:35:00"	"2021-10-17"	"Naas"	"Dilawara (FR)"	"9.00"	"11.29"	"Handicap"	"6"	"15"	"McDonogh, D P"	"OBrien, Joseph Patrick"	"6f "	"0"	"7"	"5"	"14"
"16:35:00"	"2021-10-17"	"Naas"	"Rough Diamond (IRE)"	"3.50"	"5.16"	"Handicap"	"7"	"15"	"Sheehy, M P"	"Lynam, Edward"	"6f "	"0"	"7"	"4"	"12"
"16:35:00"	"2021-10-17"	"Naas"	"Nebo (IRE)"	"80.00"	"173.18"	"Handicap"	"11"	"15"	"Coen, Ben M"	"Hogan, T"	"6f "	"0"	"8"	"7"	"13"
"16:35:00"	"2021-10-17"	"Naas"	"Verhoyen"	"9.00"	"11.6"	"Handicap"	"13"	"15"	"Lee, W J"	"Grassick, M C"	"6f "	"0"	"8"	"10"	"21"
"15:50:00"	"2021-10-15"	"Redcar"	"Bronze River"	"6.00"	"8"	"Handicap"	"1"	"18"	"Whelan, Trevor"	"Appleby, M"	"7f "	"6"	"7"	"2"	"14"
"15:50:00"	"2021-10-15"	"Redcar"	"Donnellys Rainbow (IRE)"	"18.00"	"40"	"Handicap"	"8"	"18"	"Murtagh, Connor"	"Bastiman, Harvey"	"7f "	"6"	"8"	"6"	"9"
"15:50:00"	"2021-10-15"	"Redcar"	"Stallone (IRE)"	"5.00"	"8"	"Handicap"	"9"	"18"	"Beasley, Connor"	"Dods, M"	"7f "	"6"	"10"	"2"	"9"
"14:20:00"	"2021-10-15"	"Haydock"	"Air Raid"	"5.50"	"7.6"	"Handicap"	"3"	"17"	"Garritty, Jack"	"OKeeffe, Jedd"	"6f "	"3"	"6"	"3"	"21"
"14:20:00"	"2021-10-15"	"Haydock"	"Never Dark"	"12.00"	"17.62"	"Handicap"	"8"	"17"	"Mullen, Andrew"	"Jardine, I"	"6f "	"3"	"4"	"1"	"9"
"16:35:00"	"2021-10-14"	"Curragh"	"Stanhope"	"14.00"	"21"	"Handicap"	"3"	"18"	"Foley, Shane"	"McConnell, John C"	"5f "	"0"	"8"	"9"	"20"
"16:35:00"	"2021-10-14"	"Curragh"	"Teddy Boy (IRE)"	"16.00"	"23"	"Handicap"	"6"	"18"	"Hayes, C D"	"Lynam, Edward"	"5f "	"0"	"8"	"12"	"20"
"16:35:00"	"2021-10-14"	"Curragh"	"Showmolina"	"4.50"	"6.4"	"Handicap"	"6"	"18"	"Keane, C T"	"Levins, J F"	"5f "	"0"	"8"	"5"	"20"
"16:55:00"	"2021-10-13"	"Nottingham"	"Captain Corcoran (IRE)"	"16.00"	"17"	"Handicap"	"3"	"14"	"Cole, Morgan"	"Alston, E J"	"5f "	"6"	"9"	"8"	"11"
"16:55:00"	"2021-10-13"	"Nottingham"	"Somewhere Secret"	"12.00"	"14.55"	"Handicap"	"9"	"14"	"Garritty, Jack"	"Menzies, Rebecca"	"5f "	"6"	"5"	"11"	"14"
"16:55:00"	"2021-10-11"	"Yarmouth"	"Jack Ryan (IRE)"	"8.00"	"9.8"	"Handicap"	"3"	"10"	"Keenan, Darragh"	"Ryan, J"	"7f "	"5"	"6"	"5"	"7"
"15:35:00"	"2021-10-11"	"Musselburgh"	"Melody King (IRE)"	"4.00"	"5.71"	"Handicap"	"5"	"9"	"Hart, Jason"	"Quinn, J J"	"5f "	"4"	"9"	"3"	"14"
"16:15:00"	"2021-10-10"	"Curragh"	"Earls (IRE)"	"12.00"	"17.5"	"Handicap"	"4"	"23"	"Lordan, W M"	"Donnelly, Garvan"	"6f "	"0"	"10"	"4"	"14"
"14:55:00"	"2021-10-10"	"Goodwood"	"Spanish Star (IRE)"	"6.00"	"8.14"	"Handicap"	"1"	"12"	"Probert, David"	"Chamings, P R"	"6f "	"3"	"10"	"3"	"12"
"14:55:00"	"2021-10-10"	"Goodwood"	"Mamillius"	"16.00"	"21.45"	"Handicap"	"7"	"12"	"Cosgrave, Pat"	"Baker, George"	"6f "	"3"	"10"	"4"	"12"
"14:55:00"	"2021-10-10"	"Goodwood"	"Wonder Elzaam (IRE)"	"18.00"	"19.75"	"Handicap"	"8"	"12"	"Egan, John"	"Moore, J S"	"6f "	"3"	"9"	"8"	"17"
"14:55:00"	"2021-10-10"	"Goodwood"	"Indian Creak (IRE)"	"5.50"	"8.61"	"Handicap"	"9"	"12"	"Sousa, Silvestre De"	"Channon, M R"	"6f "	"3"	"10"	"5"	"12"
"16:20:00"	"2021-10-08"	"York"	"Pendleton"	"7.00"	"10.71"	"Handicap"	"5"	"19"	"Beasley, Connor"	"Dods, M"	"5f "	"3"	"6"	"8"	"9"
"16:20:00"	"2021-10-08"	"York"	"Ghathanfar (IRE)"	"6.50"	"9.26"	"Handicap"	"6"	"19"	"Swift, Mr Dale"	"Waggott, Miss Tracy"	"5f "	"3"	"6"	"8"	"14"
"16:20:00"	"2021-10-08"	"York"	"Spoof"	"7.50"	"9.2"	"Handicap"	"11"	"19"	"Sousa, Silvestre De"	"Hills, Charles"	"5f "	"3"	"6"	"4"	"9"
"16:20:00"	"2021-10-08"	"York"	"Good Luck Fox (IRE)"	"9.00"	"14.06"	"Handicap"	"18"	"19"	"Morris, Luke"	"Midgley, P T"	"5f "	"3"	"6"	"2"	"14"
"16:20:00"	"2021-10-08"	"York"	"Not On Your Nellie (IRE)"	"40.00"	"90.4"	"Handicap"	"19"	"19"	"Mullen, Andrew"	"Tinkler, N"	"5f "	"3"	"9"	"2"	"8"
"15:15:00"	"2021-10-07"	"Ayr"	"Big Les (IRE)"	"2.50"	"3.71"	"Handicap"	"2"	"12"	"Garritty, Jack"	"Camacho, Miss J A"	"6f "	"4"	"9"	"1"	"14"
"15:15:00"	"2021-10-07"	"Ayr"	"Black Friday"	"5.50"	"7.59"	"Handicap"	"4"	"12"	"Breslin, Andrew"	"Smith, R Michael"	"6f "	"4"	"9"	"4"	"12"
"15:15:00"	"2021-10-07"	"Ayr"	"John Kirkup"	"9.00"	"11.5"	"Handicap"	"6"	"12"	"Beasley, Connor"	"Dods, M"	"6f "	"4"	"9"	"5"	"14"
"15:15:00"	"2021-10-07"	"Ayr"	"Lord Oberon"	"40.00"	"46.09"	"Handicap"	"7"	"12"	"Jamin, Pierre-Louis"	"Burke, K R"	"6f "	"4"	"9"	"11"	"14"
"14:55:00"	"2021-10-06"	"Navan"	"Tide Of Time"	"3.50"	"5.4"	"Handicap"	"2"	"11"	"McMonagle, Dylan B"	"Lynam, Edward"	"5.5f "	"0"	"7"	"1"	"8"
"14:55:00"	"2021-10-06"	"Navan"	"Dragons Call (IRE)"	"5.50"	"8.46"	"Handicap"	"5"	"11"	"Manning, K J"	"Feane, John James"	"5.5f "	"0"	"8"	"1"	"8"
"14:20:00"	"2021-10-06"	"Navan"	"Coffeemeanscoffee (IRE)"	"11.00"	"15.5"	"Handicap"	"2"	"20"	"McAteer, L T"	"McGuinness, Tom"	"5.5f "	"0"	"8"	"1"	"14"
"14:20:00"	"2021-10-06"	"Navan"	"Intervention"	"12.00"	"21.85"	"Handicap"	"3"	"20"	"McCullagh, Scott"	"OBrien, Charles"	"5.5f "	"0"	"8"	"4"	"15"
"14:20:00"	"2021-10-06"	"Navan"	"Cactus Tree (IRE)"	"28.00"	"60"	"Handicap"	"7"	"20"	"Cullen, Annalise"	"Grassick, M C"	"5.5f "	"0"	"8"	"9"	"13"
"14:20:00"	"2021-10-06"	"Navan"	"Teddy Boy (IRE)"	"4.50"	"7.33"	"Handicap"	"12"	"20"	"Sheehy, M P"	"Lynam, Edward"	"5.5f "	"0"	"6"	"3"	"12"
"14:20:00"	"2021-10-06"	"Navan"	"Boughtinthedark (IRE)"	"22.00"	"38.15"	"Handicap"	"15"	"20"	"Clifton, Izzy"	"Hogan, Denis Gerard"	"5.5f "	"0"	"8"	"12"	"14"
"17:40:00"	"2021-10-05"	"Leicester"	"Hes Our Star (IRE)"	"14.00"	"19.18"	"Handicap"	"2"	"12"	"Taff, Miss E"	"Carroll, A W"	"7f "	"5"	"5"	"2"	"11"
"17:35:00"	"2021-10-04"	"Tipperary"	"Sin E An Sceal (IRE)"	"250.00"	"1000"	"Maiden"	"10"	"10"	"McAteer, L T"	"Costello, F"	"5f "	"0"	"10"	"11"	"11"
"17:50:00"	"2021-10-02"	"Redcar"	"Van Gerwen"	"11.00"	"15"	"Handicap"	"1"	"14"	"Nicholls, Miss M"	"Midgley, P T"	"5f "	"4"	"7"	"2"	"12"
"17:50:00"	"2021-10-02"	"Redcar"	"Harrogate (IRE)"	"10.00"	"13"	"Handicap"	"10"	"14"	"Fanning, Joe"	"Midgley, P T"	"5f "	"4"	"10"	"4"	"16"
"17:50:00"	"2021-10-02"	"Redcar"	"Machree (IRE)"	"9.00"	"12.5"	"Handicap"	"14"	"14"	"Shaw, Harrison"	"Carroll, D"	"5f "	"4"	"7"	"7"	"12"
"13:55:00"	"2021-10-01"	"Ascot"	"Enigmatic (IRE)"	"33.00"	"40.15"	"Non-Handicap"	"10"	"12"	"Fallon, Cieren"	"Parr, Joseph"	"1m "	"3"	"9"	"5"	"10"
"16:07:00"	"2021-09-30"	"Salisbury"	"The Cruising Lord"	"6.50"	"7.43"	"Handicap"	"12"	"12"	"Moore, Ryan"	"Hodgson, Simon"	"6f "	"4"	"3"	"4"	"7"
"17:20:00"	"2021-09-29"	"Catterick"	"Mews House"	"1.38"	"2.64"	"Handicap"	"1"	"8"	"Walker, Mr S"	"Tuer, Grant"	"5f "	"6"	"10"	"2"	"9"
"17:20:00"	"2021-09-29"	"Catterick"	"Angel Eyes"	"14.00"	"18.14"	"Handicap"	"3"	"8"	"Ennis, Mr M"	"Riches, John"	"5f "	"6"	"10"	"8"	"9"
"17:20:00"	"2021-09-29"	"Catterick"	"Tiltilys Rock (IRE)"	"14.00"	"15.5"	"Handicap"	"6"	"8"	"Smith, Sophie"	"Crook, A"	"5f "	"6"	"5"	"5"	"10"
"16:30:00"	"2021-09-29"	"Nottingham"	"Raasel"	"0.57"	"1.62"	"Handicap"	"1"	"8"	"Doyle, James"	"Appleby, M"	"5f "	"5"	"7"	"1"	"7"
"14:25:00"	"2021-09-28"	"Cork"	"Florence Thompson (IRE)"	"9.00"	"11.63"	"Handicap"	"3"	"15"	"Clifton, Izzy"	"Hogan, Denis Gerard"	"6f "	"0"	"7"	"11"	"15"
"13:50:00"	"2021-09-28"	"Cork"	"Fascinating Spirit (IRE)"	"9.00"	"14.3"	"Handicap"	"10"	"14"	"Ryan, Gavin"	"McCarthy, Eoin Christopher"	"6f "	"0"	"7"	"15"	"15"
"13:35:00"	"2021-09-28"	"Ayr"	"After John"	"22.00"	"32.14"	"Handicap"	"4"	"14"	"Mullen, Andrew"	"Bastiman, Harvey"	"6f "	"4"	"8"	"4"	"6"
"17:50:00"	"2021-09-25"	"Ripon"	"Singe Anglais (IRE)"	"2.25"	"3.75"	"Handicap"	"1"	"6"	"Jary, Alex"	"Tinkler, N"	"6f "	"5"	"9"	"2"	"8"
"17:50:00"	"2021-09-25"	"Ripon"	"Iconic Knight (IRE)"	"8.50"	"10.06"	"Handicap"	"3"	"6"	"Taff, Miss E"	"Carroll, A W"	"6f "	"5"	"5"	"8"	"13"
"17:50:00"	"2021-09-25"	"Ripon"	"Round The Island"	"11.00"	"13.37"	"Handicap"	"4"	"6"	"Howarth, Christian"	"Whitaker, Simon"	"6f "	"5"	"9"	"4"	"8"
"17:50:00"	"2021-09-25"	"Ripon"	"Hurstwood"	"3.33"	"4.9"	"Handicap"	"6"	"6"	"Sanna, G"	"Niven, P D"	"6f "	"5"	"3"	"4"	"12"
"15:30:00"	"2021-09-25"	"Ripon"	"Marks Choice (IRE)"	"1.88"	"3.15"	"Handicap"	"1"	"12"	"Costello, Dougie"	"England, Sam"	"5f "	"4"	"8"	"14"	"22"
"15:30:00"	"2021-09-25"	"Ripon"	"Van Gerwen"	"22.00"	"30"	"Handicap"	"2"	"12"	"Robinson, Ben"	"Midgley, P T"	"5f "	"4"	"10"	"7"	"8"
"15:30:00"	"2021-09-25"	"Ripon"	"Victory Angel (IRE)"	"12.00"	"15.3"	"Handicap"	"5"	"12"	"Garritty, Jack"	"Bastiman, Harvey"	"5f "	"4"	"10"	"4"	"8"
"15:15:00"	"2021-09-25"	"Haydock"	"Call Me Ginger"	"2.00"	"3.1"	"Handicap"	"2"	"6"	"Mulrennan, Paul"	"Goldie, J S"	"6f "	"3"	"8"	"1"	"22"
"15:15:00"	"2021-09-25"	"Haydock"	"Never Dark"	"4.50"	"6.4"	"Handicap"	"5"	"6"	"Eaves, Tom"	"Jardine, I"	"6f "	"3"	"8"	"4"	"22"
"16:40:00"	"2021-09-24"	"Newmarket (Rowley)"	"Ananya"	"7.50"	"11.57"	"Handicap"	"3"	"8"	"Tate, Ryan"	"Prescott, Sir Mark"	"1m1f "	"3"	"6"	"3"	"6"
"16:53:00"	"2021-09-22"	"Redcar"	"Harrogate (IRE)"	"18.00"	"24"	"Handicap"	"4"	"16"	"Lee, G"	"Midgley, P T"	"5f "	"5"	"10"	"7"	"14"
"16:53:00"	"2021-09-22"	"Redcar"	"Glorious Rio (IRE)"	"6.00"	"7.8"	"Handicap"	"7"	"16"	"McSweeney, O"	"Barclay, Stella"	"5f "	"5"	"10"	"2"	"14"
"16:53:00"	"2021-09-22"	"Redcar"	"Boudica Bay (IRE)"	"33.00"	"47.35"	"Handicap"	"15"	"16"	"Hart, Jason"	"Alston, E J"	"5f "	"5"	"10"	"9"	"14"
"16:20:00"	"2021-09-22"	"Redcar"	"Racy Stacey"	"10.00"	"13.51"	"Handicap"	"8"	"12"	"Gordon, Josephine"	"Hollinshead, Steph"	"6f "	"6"	"9"	"5"	"18"
"14:17:00"	"2021-09-22"	"Goodwood"	"Under Curfew"	"5.50"	"7.4"	"Handicap"	"2"	"6"	"Phillips, Mollie"	"Carroll, A W"	"6f "	"4"	"10"	"5"	"12"
"16:50:00"	"2021-09-20"	"Leicester"	"No Diggity (IRE)"	"7.50"	"10.5"	"Handicap"	"4"	"13"	"Keeley, Aidan"	"Butler, John"	"7f "	"6"	"6"	"6"	"12"
"16:50:00"	"2021-09-20"	"Leicester"	"Fast Deal"	"66.00"	"150"	"Handicap"	"12"	"13"	"Mohd, Shariq"	"Chapman, M C"	"7f "	"6"	"5"	"9"	"9"
"16:20:00"	"2021-09-20"	"Leicester"	"Foreseeable Future (FR)"	"2.50"	"3.74"	"Handicap"	"5"	"12"	"Brookes, Aiden"	"Carr, Mrs R A"	"7f "	"6"	"7"	"3"	"12"
"16:20:00"	"2021-09-20"	"Leicester"	"Manumission (IRE)"	"2.75"	"4.16"	"Handicap"	"6"	"12"	"Harris, Bradley"	"Evans, P D"	"7f "	"6"	"7"	"1"	"18"
"15:45:00"	"2021-09-20"	"Leicester"	"Were Reunited (IRE)"	"4.00"	"5.7"	"Handicap"	"3"	"8"	"Whelan, Trevor"	"Harris, R A"	"6f "	"5"	"8"	"3"	"12"
"15:10:00"	"2021-09-20"	"Leicester"	"Newyorkstateofmind"	"11.00"	"13.96"	"Handicap"	"4"	"6"	"Edmunds, Lewis"	"Muir, W R"	"5f "	"3"	"5"	"5"	"5"
"15:10:00"	"2021-09-20"	"Leicester"	"Ginger Jam"	"8.00"	"10.56"	"Handicap"	"5"	"6"	"McManoman, Faye"	"Tinkler, N"	"5f "	"3"	"9"	"1"	"5"
"14:50:00"	"2021-09-20"	"Hamilton"	"Global Humor (USA)"	"1.63"	"2.82"	"Handicap"	"1"	"4"	"Mulrennan, Paul"	"Goldie, J S"	"5f "	"5"	"4"	"6"	"12"
"14:17:00"	"2021-09-20"	"Hamilton"	"Rose Bandit (IRE)"	"4.00"	"5.5"	"Handicap"	"3"	"6"	"Mullen, Andrew"	"Jardine, I"	"6f "	"6"	"4"	"10"	"15"
"15:50:00"	"2021-09-19"	"Hamilton"	"Mews House"	"2.00"	"3.35"	"Handicap"	"2"	"9"	"Murphy, Oisin"	"Tuer, Grant"	"5f "	"6"	"3"	"6"	"15"
"15:50:00"	"2021-09-19"	"Hamilton"	"Angel Eyes"	"40.00"	"60"	"Handicap"	"8"	"9"	"Schofield, Kieran"	"Riches, John"	"5f "	"6"	"7"	"8"	"9"
"16:25:00"	"2021-09-18"	"Newmarket (Rowley)"	"Kryptos"	"4.00"	"5.71"	"Handicap"	"5"	"13"	"Brotherton, Miss S"	"Berry, John"	"1m1f "	"4"	"7"	"8"	"11"
"16:25:00"	"2021-09-18"	"Newmarket (Rowley)"	"First Dance (IRE)"	"18.00"	"21"	"Handicap"	"7"	"13"	"Millman, Mr P"	"Tate, T P"	"1m1f "	"4"	"10"	"10"	"11"
"15:50:00"	"2021-09-18"	"Newmarket (Rowley)"	"Widaad"	"3.00"	"4.5"	"Handicap"	"3"	"6"	"Curtis, B A"	"Boughey, George"	"1m2f "	"3"	"7"	"5"	"11"
"13:40:00"	"2021-09-18"	"Newbury"	"Ivatheengine (IRE)"	"7.50"	"10.5"	"Handicap"	"1"	"11"	"Tabti, M"	"Cole, P F I"	"7f "	"3"	"8"	"3"	"9"
"13:40:00"	"2021-09-18"	"Newbury"	"Spanish Star (IRE)"	"7.00"	"8.93"	"Handicap"	"4"	"11"	"Probert, David"	"Chamings, P R"	"7f "	"3"	"8"	"6"	"9"
"17:18:00"	"2021-09-16"	"Ayr"	"Thrilla In Manila"	"7.00"	"8.8"	"Handicap"	"1"	"15"	"Robinson, Ben"	"Midgley, P T"	"5f "	"5"	"9"	"2"	"10"
"17:18:00"	"2021-09-16"	"Ayr"	"Sound Of Iona"	"6.50"	"7.82"	"Handicap"	"2"	"15"	"Waugh, Amie"	"Goldie, J S"	"5f "	"5"	"4"	"6"	"6"
"17:18:00"	"2021-09-16"	"Ayr"	"Mews House"	"4.50"	"6.93"	"Handicap"	"6"	"15"	"Beasley, Connor"	"Tuer, Grant"	"5f "	"5"	"9"	"2"	"8"
"17:18:00"	"2021-09-16"	"Ayr"	"Corton Lass"	"50.00"	"131.21"	"Handicap"	"12"	"15"	"Fanning, Joe"	"Dalgleish, Keith"	"5f "	"5"	"4"	"4"	"9"
"15:25:00"	"2021-09-14"	"Yarmouth"	"Jack Ryan (IRE)"	"6.00"	"7.8"	"Claimer"	"2"	"5"	"Keenan, Darragh"	"Ryan, J"	"6f "	"5"	"8"	"4"	"8"
"14:55:00"	"2021-09-14"	"Yarmouth"	"Maxi Boy"	"4.00"	"5.8"	"Handicap"	"2"	"7"	"Ryan, Rossa"	"Bell, M L W"	"7f "	"3"	"10"	"5"	"10"
"14:45:00"	"2021-09-14"	"Redcar"	"Old News"	"11.00"	"12.5"	"Handicap"	"4"	"7"	"Gray, S A"	"Stubbs, Mrs L"	"1m "	"4"	"10"	"8"	"9"
"14:15:00"	"2021-09-14"	"Redcar"	"Strongbowe (FR)"	"3.00"	"4.73"	"Handicap"	"2"	"7"	"McCain, Miss Ella"	"Easterby, T D"	"7f "	"4"	"10"	"5"	"13"
"14:15:00"	"2021-09-14"	"Redcar"	"Harry Love (IRE)"	"12.00"	"15.5"	"Handicap"	"3"	"7"	"Persse, A C"	"Pears, Ollie"	"7f "	"4"	"10"	"9"	"13"
"14:15:00"	"2021-09-14"	"Redcar"	"Late Arrival (IRE)"	"3.33"	"5.2"	"Handicap"	"5"	"7"	"Pyle, William"	"Easterby, M W"	"7f "	"4"	"10"	"6"	"13"
"14:00:00"	"2021-09-13"	"Thirsk"	"Manumission (IRE)"	"1.88"	"3.25"	"Handicap Seller"	"1"	"18"	"Hardie, Cameron"	"Evans, P D"	"6f "	"6"	"4"	"2"	"9"
"16:35:00"	"2021-09-12"	"Haydock"	"Be Proud (IRE)"	"16.00"	"18.5"	"Handicap"	"5"	"17"	"Mulrennan, Paul"	"Goldie, J S"	"6f "	"4"	"8"	"8"	"10"
"16:10:00"	"2021-09-12"	"Haydock"	"Glorious Rio (IRE)"	"3.33"	"5.2"	"Handicap"	"2"	"14"	"Peate, Jonny"	"Barclay, Stella"	"5f "	"4"	"6"	"1"	"9"
"16:10:00"	"2021-09-12"	"Haydock"	"Global Humor (USA)"	"10.00"	"13"	"Handicap"	"4"	"14"	"Persse, A C"	"Goldie, J S"	"5f "	"4"	"9"	"4"	"10"
"16:10:00"	"2021-09-12"	"Haydock"	"Buy Me Back"	"10.00"	"12"	"Handicap"	"10"	"14"	"Hillhouse, Cameron"	"Loughnane, Daniel Mark"	"5f "	"4"	"5"	"5"	"10"
"15:37:00"	"2021-09-12"	"Musselburgh"	"Good Luck Fox (IRE)"	"2.75"	"3.98"	"Handicap"	"2"	"6"	"Lee, G"	"Midgley, P T"	"5f "	"3"	"9"	"7"	"10"
"15:37:00"	"2021-09-12"	"Musselburgh"	"Never Dark"	"6.00"	"8.4"	"Handicap"	"3"	"6"	"Mullen, Andrew"	"Jardine, I"	"5f "	"3"	"9"	"6"	"10"
"15:37:00"	"2021-09-12"	"Musselburgh"	"Sound Of Iona"	"2.50"	"3.91"	"Handicap"	"6"	"6"	"Waugh, Amie"	"Goldie, J S"	"5f "	"3"	"1"	"1"	"8"
"17:40:00"	"2021-09-11"	"Musselburgh"	"Sound Of Iona"	"1.63"	"2.82"	"Handicap"	"1"	"8"	"Mulrennan, Paul"	"Goldie, J S"	"5f "	"5"	"8"	"1"	"10"
"17:40:00"	"2021-09-11"	"Musselburgh"	"Koropick (IRE)"	"16.00"	"20.87"	"Handicap"	"4"	"8"	"Hamilton, Tony"	"Teague, C J"	"5f "	"5"	"8"	"9"	"10"
"17:40:00"	"2021-09-11"	"Musselburgh"	"Dapper Man (IRE)"	"7.00"	"9.3"	"Handicap"	"6"	"8"	"Scott, Rowan"	"Fell, R / Murray, S"	"5f "	"5"	"4"	"6"	"10"
"14:35:00"	"2021-09-09"	"Chepstow"	"Tawaafoq"	"6.00"	"8.43"	"Handicap"	"6"	"10"	"Heard, Tyler"	"Wintle, A"	"6f "	"6"	"10"	"6"	"6"
"13:10:00"	"2021-09-09"	"Doncaster"	"Mountain Brave"	"5.00"	"6.61"	"Handicap"	"6"	"7"	"Currie, Nicola"	"Johnston, M"	"6f "	"3"	"7"	"4"	"6"
"19:35:00"	"2021-09-08"	"Cork"	"Skontonovski"	"9.00"	"14.38"	"Handicap"	"1"	"15"	"Whelan, R P"	"McGuinness, Adrian"	"7f "	"0"	"9"	"8"	"14"
"19:35:00"	"2021-09-08"	"Cork"	"Al Shomookh (IRE)"	"33.00"	"50"	"Handicap"	"8"	"15"	"McDonogh, D P"	"Farrell, W T"	"7f "	"0"	"7"	"14"	"16"
"19:05:00"	"2021-09-08"	"Cork"	"Rocky Dreams"	"6.50"	"8.2"	"Handicap"	"5"	"16"	"Sheridan, J M"	"Hogan, Denis Gerard"	"7f "	"0"	"4"	"7"	"13"
"19:05:00"	"2021-09-08"	"Cork"	"Upstate New York (IRE)"	"5.00"	"7.2"	"Handicap"	"8"	"16"	"Doyle, Joe"	"Hogan, Denis Gerard"	"7f "	"0"	"9"	"3"	"14"
"17:00:00"	"2021-09-08"	"Doncaster"	"Princess Power (IRE)"	"8.00"	"10.69"	"Handicap"	"6"	"12"	"Heard, Tyler"	"Tinkler, N"	"5.5f "	"4"	"8"	"5"	"7"
"17:00:00"	"2021-09-08"	"Doncaster"	"Rayong"	"18.00"	"23.69"	"Handicap"	"9"	"12"	"Sousa, Silvestre De"	"Burke, K R"	"5.5f "	"4"	"10"	"6"	"9"
"16:15:00"	"2021-09-07"	"Windsor"	"Second Collection"	"4.50"	"6.4"	"Handicap"	"2"	"6"	"Doyle, Hollie"	"Carroll, A W"	"6f "	"5"	"10"	"1"	"7"
"16:10:00"	"2021-09-07"	"Catterick"	"Spanish Angel (IRE)"	"10.00"	"16"	"Handicap"	"3"	"10"	"Sullivan, James P"	"Carr, Mrs R A"	"5f "	"4"	"10"	"9"	"13"
"16:10:00"	"2021-09-07"	"Catterick"	"Machree (IRE)"	"3.50"	"5.3"	"Handicap"	"7"	"10"	"Wheatley, Zak"	"Carroll, D"	"5f "	"4"	"4"	"8"	"10"
"16:10:00"	"2021-09-07"	"Catterick"	"Dark Shot"	"6.00"	"7.65"	"Handicap"	"10"	"10"	"Schofield, Kieran"	"Dixon, Scott"	"5f "	"4"	"10"	"4"	"13"
"14:25:00"	"2021-09-04"	"Navan"	"Only Spoofing (IRE)"	"3.50"	"5.35"	"Handicap"	"6"	"8"	"Carroll, G F"	"Coleman, Kevin"	"5f "	"0"	"8"	"6"	"16"
"14:25:00"	"2021-09-04"	"Navan"	"Mi Esperanza (IRE)"	"10.00"	"13.5"	"Handicap"	"7"	"8"	"Slattery, A J"	"Kinsella, A"	"5f "	"0"	"9"	"6"	"15"
"13:50:00"	"2021-09-04"	"Navan"	"Rocky Dreams"	"6.00"	"9"	"Handicap"	"7"	"13"	"King, D"	"Hogan, Denis Gerard"	"5f "	"0"	"8"	"12"	"24"
"14:55:00"	"2021-09-03"	"Haydock"	"Koropick (IRE)"	"12.00"	"17.05"	"Handicap"	"9"	"10"	"Allan, David"	"Teague, C J"	"5f "	"4"	"9"	"2"	"6"
"14:30:00"	"2021-09-03"	"Ascot"	"Pretty In Grey"	"5.50"	"8"	"Non-Handicap"	"8"	"8"	"Atzeni, Andrea"	"Botti, M"	"1m "	"3"	"7"	"UR"	"5"
"17:20:00"	"2021-09-01"	"Hamilton"	"Muatadel"	"3.33"	"4.9"	"Handicap"	"4"	"8"	"Sullivan, James P"	"Wainwright, J S"	"6f "	"6"	"5"	"2"	"13"
"17:20:00"	"2021-09-01"	"Hamilton"	"Mutawaffer (IRE)"	"16.00"	"17.71"	"Handicap"	"5"	"8"	"Shaw, Harrison"	"Wainwright, J S"	"6f "	"6"	"3"	"UR"	"9"
"17:20:00"	"2021-09-01"	"Hamilton"	"Stronsay (IRE)"	"3.33"	"4.9"	"Handicap"	"8"	"8"	"Curtis, B A"	"Bailey, Liam"	"6f "	"6"	"5"	"5"	"8"
"15:05:00"	"2021-08-31"	"Ripon"	"Wades Magic"	"5.50"	"8"	"Handicap"	"1"	"7"	"McCain, Miss Ella"	"Easterby, T D"	"6f "	"4"	"8"	"3"	"9"
"15:25:00"	"2021-08-30"	"Chepstow"	"Pedestal (IRE)"	"7.00"	"9.4"	"Handicap"	"2"	"13"	"Dawes, Rose"	"Flood, D"	"7f "	"6"	"9"	"9"	"10"
"16:50:00"	"2021-08-29"	"Beverley"	"Arnold"	"1.00"	"2.15"	"Handicap"	"2"	"10"	"Gray, S A"	"Duffield, Mrs A"	"5f "	"6"	"1"	"3"	"13"
"16:25:00"	"2021-08-29"	"Yarmouth"	"Jack Ryan (IRE)"	"5.50"	"8"	"Handicap"	"7"	"11"	"Peate, Jonny"	"Ryan, J"	"7f "	"6"	"5"	"4"	"12"
"15:50:00"	"2021-08-29"	"Yarmouth"	"Goddess Of Fire"	"4.50"	"5.8"	"Handicap"	"1"	"7"	"Keenan, Darragh"	"Ryan, J"	"1m "	"5"	"7"	"2"	"4"
"19:15:00"	"2021-08-28"	"Redcar"	"Absolute Dream (IRE)"	"1.63"	"2.92"	"Handicap"	"2"	"18"	"Nolan, D"	"Fahey, R A"	"6f "	"6"	"8"	"3"	"14"
"19:15:00"	"2021-08-28"	"Redcar"	"Jems Bond"	"25.00"	"32"	"Handicap"	"6"	"18"	"Hamilton, Tony"	"Brown, A D"	"6f "	"6"	"8"	"2"	"14"
"19:15:00"	"2021-08-28"	"Redcar"	"Knockabout Queen"	"20.00"	"30"	"Handicap"	"8"	"18"	"Eaves, Tom"	"Herrington,M "	"6f "	"6"	"9"	"2"	"15"
"19:15:00"	"2021-08-28"	"Redcar"	"Magnificia (IRE)"	"200.00"	"600.39"	"Handicap"	"17"	"18"	"Elliott, Andrew"	"Johnson, Kenny"	"6f "	"6"	"8"	"14"	"14"
"18:10:00"	"2021-08-28"	"Redcar"	"Irish Admiral (IRE)"	"2.25"	"3.59"	"Handicap"	"1"	"7"	"Farragher, Adam J"	"Haggas, W J"	"1m "	"3"	"9"	"8"	"18"
"17:35:00"	"2021-08-28"	"Newmarket (July)"	"Nibras Again"	"9.00"	"10.06"	"Handicap"	"7"	"9"	"Callan, N"	"Midgley, P T"	"5f "	"4"	"10"	"4"	"11"
"17:35:00"	"2021-08-28"	"Newmarket (July)"	"Soul Seeker (IRE)"	"4.00"	"5.41"	"Handicap"	"8"	"9"	"Villiers, Angus"	"OMeara, D"	"5f "	"4"	"10"	"19"	"22"
"16:20:00"	"2021-08-28"	"Windsor"	"Lady Quickstep (IRE)"	"9.00"	"13.36"	"Handicap"	"7"	"7"	"Havlin, Robert"	"Kelleway, Miss Gay"	"5f "	"5"	"10"	"11"	"13"
"15:50:00"	"2021-08-28"	"Beverley"	"Ventura Flame (IRE)"	"5.00"	"6.6"	"Handicap"	"1"	"13"	"Rodriguez, Callum"	"Dalgleish, Keith"	"5f "	"5"	"10"	"10"	"13"
"15:50:00"	"2021-08-28"	"Beverley"	"Son And Sannie (IRE)"	"2.00"	"3.29"	"Handicap"	"2"	"13"	"McDonald, P J"	"Midgley, P T"	"5f "	"5"	"2"	"5"	"9"
"15:50:00"	"2021-08-28"	"Beverley"	"East Street Revue"	"12.00"	"14.9"	"Handicap"	"6"	"13"	"Fentiman, Duran"	"Easterby, T D"	"5f "	"5"	"10"	"7"	"11"
"15:50:00"	"2021-08-28"	"Beverley"	"Not On Your Nellie (IRE)"	"10.00"	"12.5"	"Handicap"	"10"	"13"	"McManoman, Faye"	"Tinkler, N"	"5f "	"5"	"10"	"9"	"13"
"19:40:00"	"2021-08-27"	"Hamilton"	"Melody King (IRE)"	"1.75"	"2.98"	"Handicap"	"3"	"8"	"Hart, Jason"	"Quinn, J J"	"5f "	"6"	"7"	"4"	"8"
"19:40:00"	"2021-08-27"	"Hamilton"	"Stronsay (IRE)"	"11.00"	"14.5"	"Handicap"	"5"	"8"	"Curtis, B A"	"Bailey, Liam"	"5f "	"6"	"10"	"5"	"10"
"19:40:00"	"2021-08-27"	"Hamilton"	"Shesadabber"	"10.00"	"11.77"	"Handicap"	"7"	"8"	"Fanning, Joe"	"Mullineaux, M"	"5f "	"6"	"10"	"8"	"10"
"19:23:00"	"2021-08-27"	"Goodwood"	"Attys Edge"	"2.50"	"3.81"	"Handicap"	"1"	"7"	"Cox, William"	"Mason, Christopher"	"5f "	"5"	"4"	"2"	"8"
"19:23:00"	"2021-08-27"	"Goodwood"	"Glamorous Force"	"2.50"	"3.65"	"Handicap"	"3"	"7"	"Ghiani, Marco"	"Harris, R A"	"5f "	"5"	"9"	"3"	"9"
"19:23:00"	"2021-08-27"	"Goodwood"	"Starchant"	"28.00"	"34"	"Handicap"	"6"	"7"	"Rooke, George"	"Bridger, J / Cook, R"	"5f "	"5"	"4"	"5"	"8"
"16:53:00"	"2021-08-27"	"Goodwood"	"Im Watching You"	"8.00"	"9.18"	"Handicap"	"4"	"10"	"Cherchi, Stefano"	"Harris, R A"	"6f "	"5"	"8"	"5"	"15"
"14:40:00"	"2021-08-27"	"Thirsk"	"Kapono"	"25.00"	"30"	"Handicap"	"6"	"13"	"Scott, Rowan"	"Fell, R / Murray, S"	"6f "	"3"	"10"	"5"	"11"
"13:45:00"	"2021-08-27"	"Newmarket (July)"	"Byzantia"	"7.00"	"8.86"	"Handicap"	"3"	"8"	"Kingscote, Richard"	"Butler, John"	"7f "	"5"	"9"	"4"	"8"
"18:10:00"	"2021-08-26"	"Lingfield"	"Delgrey Boy"	"5.00"	"7"	"Handicap"	"5"	"10"	"McCain, Miss Ella"	"Easterby, T D"	"7f "	"3"	"7"	"3"	"10"
"17:40:00"	"2021-08-26"	"Lingfield"	"Indian Sounds (IRE)"	"11.00"	"14.5"	"Handicap"	"5"	"10"	"Tudhope, Daniel"	"Midgley, P T"	"6f "	"3"	"8"	"13"	"22"
"14:50:00"	"2021-08-25"	"Musselburgh"	"Primos Comet"	"3.00"	"4.39"	"Handicap"	"1"	"6"	"Mulrennan, Paul"	"Goldie, J S"	"5f "	"4"	"5"	"3"	"8"
"14:50:00"	"2021-08-25"	"Musselburgh"	"Koropick (IRE)"	"18.00"	"22"	"Handicap"	"2"	"6"	"Fentiman, Duran"	"Teague, C J"	"5f "	"4"	"7"	"8"	"11"
"14:50:00"	"2021-08-25"	"Musselburgh"	"Jordan Electrics"	"1.88"	"3.41"	"Handicap"	"4"	"6"	"Scott, Rowan"	"Whillans, Ewan"	"5f "	"4"	"8"	"2"	"11"
"16:35:00"	"2021-08-24"	"Yarmouth"	"Habanero Star"	"4.00"	"5.81"	"Handicap"	"2"	"13"	"Havlin, Robert"	"Kelleway, Miss Gay"	"1m "	"6"	"8"	"4"	"12"
"15:30:00"	"2021-08-24"	"Yarmouth"	"Jack Ryan (IRE)"	"12.00"	"15.73"	"Handicap"	"4"	"12"	"Phillips, Tia"	"Ryan, J"	"7f "	"6"	"1"	"1"	"8"
"15:30:00"	"2021-08-24"	"Yarmouth"	"Purple Power"	"3.00"	"4.24"	"Handicap"	"5"	"12"	"Pearson, Laura"	"Quinn, M"	"7f "	"6"	"3"	"1"	"6"
"15:30:00"	"2021-08-24"	"Yarmouth"	"Sparkling Diamond"	"150.00"	"200"	"Handicap"	"10"	"12"	"Carson, William"	"Bishop, Frank"	"7f "	"6"	"5"	"7"	"7"
"15:30:00"	"2021-08-24"	"Yarmouth"	"Emojie"	"40.00"	"57.2"	"Handicap"	"12"	"12"	"Mitchell, Jack"	"Chapple-Hyam, Jane"	"7f "	"6"	"5"	"4"	"9"
"17:55:00"	"2021-08-23"	"Ripon"	"Harrogate (IRE)"	"5.00"	"7.07"	"Handicap"	"1"	"9"	"Lee, G"	"Midgley, P T"	"5f "	"5"	"10"	"3"	"8"
"17:55:00"	"2021-08-23"	"Ripon"	"Dapper Man (IRE)"	"8.50"	"11.85"	"Handicap"	"2"	"9"	"Hart, Jason"	"Fell, R / Murray, S"	"5f "	"5"	"6"	"6"	"10"
"17:55:00"	"2021-08-23"	"Ripon"	"Wades Magic"	"2.75"	"3.75"	"Handicap"	"3"	"9"	"McCain, Miss Ella"	"Easterby, T D"	"5f "	"5"	"6"	"7"	"10"
"15:30:00"	"2021-08-23"	"Chepstow"	"Fard"	"8.50"	"11"	"Handicap"	"8"	"8"	"Greatrex, Thomas"	"Blake, Michael"	"5f "	"6"	"10"	"6"	"8"
"14:30:00"	"2021-08-23"	"Chepstow"	"Bolly Bullet (IRE)"	"1.10"	"2.28"	"Handicap"	"3"	"6"	"Browne, L W"	"Oshea, J G M"	"7f "	"4"	"3"	"2"	"6"
"17:20:00"	"2021-08-22"	"Sandown"	"Be Proud (IRE)"	"2.75"	"4.1"	"Handicap"	"1"	"13"	"Buick, William"	"Goldie, J S"	"5f "	"3"	"2"	"2"	"9"
"15:00:00"	"2021-08-22"	"Naas"	"Intervention"	"8.50"	"12.2"	"Handicap"	"2"	"17"	"McMonagle, Dylan B"	"OBrien, Charles"	"6f "	"0"	"9"	"5"	"23"
"15:00:00"	"2021-08-22"	"Naas"	"Strange Times (IRE)"	"3.33"	"4.89"	"Handicap"	"9"	"17"	"MacRedmond, Cian"	"Collins, Tracey"	"6f "	"0"	"9"	"3"	"23"
"15:00:00"	"2021-08-22"	"Naas"	"Kings View (IRE)"	"10.00"	"15"	"Handicap"	"10"	"17"	"Sheridan, J M"	"McKenna, P J"	"6f "	"0"	"9"	"12"	"23"
"15:00:00"	"2021-08-22"	"Naas"	"Florence Thompson (IRE)"	"8.50"	"11"	"Handicap"	"12"	"17"	"Clifton, Izzy"	"Hogan, Denis Gerard"	"6f "	"0"	"9"	"4"	"23"
"14:30:00"	"2021-08-22"	"Naas"	"Celtic Manor (IRE)"	"10.00"	"14.5"	"Handicap"	"12"	"15"	"Coen, Ben M"	"Donnelly, Garvan"	"6f "	"0"	"9"	"17"	"23"
"20:10:00"	"2021-08-21"	"Curragh"	"Ever Rock (IRE)"	"3.50"	"5.4"	"Handicap"	"UR"	"17"	"Ewing, Sam"	"Lambe, J J"	"5f "	"0"	"8"	"1"	"23"
"13:00:00"	"2021-08-21"	"Sandown"	"Devils Angel"	"3.50"	"5.2"	"Handicap"	"1"	"7"	"Murphy, Oisin"	"OKeeffe, Jedd"	"5f "	"4"	"7"	"5"	"10"
"13:00:00"	"2021-08-21"	"Sandown"	"Phoenix Star (IRE)"	"6.00"	"8.25"	"Handicap"	"6"	"7"	"Edmunds, Lewis"	"Macey, Jessica"	"5f "	"4"	"8"	"4"	"11"
"17:23:00"	"2021-08-20"	"Salisbury"	"Fitzrovia"	"3.00"	"4.5"	"Handicap"	"6"	"6"	"Smith, Sophie"	"De Giles, Ed"	"1m "	"5"	"8"	"2"	"12"
"15:25:00"	"2021-08-20"	"Musselburgh"	"Melody King (IRE)"	"2.75"	"4.08"	"Handicap"	"4"	"8"	"Garritty, Billy"	"Quinn, J J"	"5f "	"5"	"3"	"1"	"10"
"17:55:00"	"2021-08-19"	"Windsor"	"Open Wide (USA)"	"12.00"	"14.49"	"Handicap"	"5"	"10"	"Crouch, Hector"	"Perrett, Mrs A J"	"6f "	"3"	"5"	"6"	"10"
"17:25:00"	"2021-08-19"	"Windsor"	"Lady Celia"	"22.00"	"30"	"Handicap"	"7"	"10"	"Quinn, Jimmy"	"Fahey, R A"	"5f "	"3"	"7"	"5"	"11"
"17:25:00"	"2021-08-19"	"Windsor"	"May Remain"	"18.00"	"22.36"	"Handicap"	"8"	"10"	"Crouch, Hector"	"Baker, George"	"5f "	"3"	"7"	"10"	"11"
"15:55:00"	"2021-08-19"	"Chepstow"	"Diamond Cottage"	"2.00"	"3.03"	"Handicap"	"2"	"10"	"Tate, Ryan"	"Saunders, M S"	"7f "	"6"	"8"	"2"	"7"
"15:25:00"	"2021-08-19"	"Chepstow"	"Glamorous Crescent"	"2.50"	"3.85"	"Handicap"	"4"	"9"	"Phillips, Mollie"	"Mason, Christopher"	"7f "	"6"	"10"	"1"	"8"
"14:15:00"	"2021-08-19"	"Chepstow"	"Prince of Rome (IRE)"	"9.00"	"10.83"	"Handicap"	"5"	"10"	"Heard, Tyler"	"Mullineaux, M"	"5f "	"6"	"9"	"4"	"6"
"14:15:00"	"2021-08-19"	"Chepstow"	"Flip Mode"	"2.25"	"3.55"	"Handicap"	"9"	"10"	"Hutchinson, Callum"	"Oshea, J G M"	"5f "	"6"	"7"	"1"	"6"
"13:40:00"	"2021-08-19"	"Chepstow"	"Manumission (IRE)"	"16.00"	"22"	"Handicap"	"1"	"15"	"Keenan, Darragh"	"Evans, P D"	"6f "	"6"	"6"	"5"	"8"
"13:40:00"	"2021-08-19"	"Chepstow"	"Knockabout Queen"	"6.00"	"7.48"	"Handicap"	"2"	"15"	"Tate, Ryan"	"Carroll, A W"	"6f "	"6"	"5"	"7"	"9"
"13:40:00"	"2021-08-19"	"Chepstow"	"Pastfact"	"4.00"	"5.8"	"Handicap"	"3"	"15"	"Mangan, Gina"	"Saunders, M S"	"6f "	"6"	"5"	"1"	"9"
"13:40:00"	"2021-08-19"	"Chepstow"	"La Roca Del Fuego (IRE)"	"5.00"	"7.37"	"Handicap"	"4"	"15"	"Heard, Tyler"	"Deacon, Geoffrey"	"6f "	"6"	"9"	"1"	"10"
"13:40:00"	"2021-08-19"	"Chepstow"	"Willingly"	"11.00"	"15.07"	"Handicap"	"6"	"15"	"Lewis, Owen"	"Usher, M D I"	"6f "	"6"	"10"	"2"	"7"
"13:40:00"	"2021-08-19"	"Chepstow"	"Wiff Waff"	"7.00"	"10.5"	"Handicap"	"10"	"15"	"Villiers, Angus"	"Wintle, A"	"6f "	"6"	"5"	"3"	"9"
"13:40:00"	"2021-08-19"	"Chepstow"	"Final Deal"	"40.00"	"46"	"Handicap"	"13"	"15"	"MacKenzie, Ellie"	"Usher, M D I"	"6f "	"6"	"10"	"4"	"8"
"17:05:00"	"2021-08-17"	"Carlisle"	"Motawaazy"	"2.25"	"3.44"	"Handicap"	"1"	"10"	"Curtis, B A"	"Dods, M"	"6f "	"5"	"8"	"4"	"12"
"17:05:00"	"2021-08-17"	"Carlisle"	"Tanasoq (IRE)"	"14.00"	"18.74"	"Handicap"	"6"	"10"	"Stott, Kevin"	"Goldie, J S"	"6f "	"5"	"10"	"4"	"5"
"14:15:00"	"2021-08-17"	"Hamilton"	"Wades Magic"	"4.00"	"5.94"	"Handicap"	"7"	"10"	"Allan, David"	"Easterby, T D"	"5f "	"5"	"5"	"3"	"10"
"14:15:00"	"2021-08-17"	"Hamilton"	"Rose Bandit (IRE)"	"8.50"	"11.27"	"Handicap"	"9"	"10"	"Mullen, Andrew"	"Jardine, I"	"5f "	"5"	"10"	"1"	"8"
"16:35:00"	"2021-08-16"	"Catterick"	"Captain Corcoran (IRE)"	"7.50"	"9.6"	"Handicap"	"7"	"8"	"Russell, Harry"	"Alston, E J"	"5f "	"6"	"6"	"6"	"6"
"13:22:00"	"2021-08-14"	"Doncaster"	"Oso Rapido (IRE)"	"28.00"	"30"	"Handicap"	"3"	"12"	"Dennis, Phil"	"Fell, R / Murray, S"	"7f "	"5"	"10"	"8"	"8"
"13:22:00"	"2021-08-14"	"Doncaster"	"Daniel Deronda"	"2.00"	"3.63"	"Handicap"	"10"	"12"	"Watson, Jason"	"OMeara, D"	"7f "	"5"	"6"	"3"	"7"
"13:22:00"	"2021-08-14"	"Doncaster"	"Musahaba"	"16.00"	"22.65"	"Handicap"	"12"	"12"	"Farragher, Adam J"	"OMeara, D"	"7f "	"5"	"8"	"3"	"5"
"20:00:00"	"2021-08-13"	"Curragh"	"Too Hard To Hold (IRE)"	"25.00"	"32.34"	"Handicap"	"15"	"23"	"McCullagh, Scott"	"Davison, Jack W"	"6f "	"0"	"6"	"13"	"18"
"20:00:00"	"2021-08-13"	"Curragh"	"Celtic Manor (IRE)"	"22.00"	"34"	"Handicap"	"17"	"23"	"Ryan, J J G"	"Donnelly, Garvan"	"6f "	"0"	"6"	"9"	"18"
"19:38:00"	"2021-08-13"	"Newmarket (July)"	"Maxi Boy"	"5.00"	"7.4"	"Handicap"	"3"	"5"	"Buick, William"	"Bell, M L W"	"1m "	"3"	"6"	"2"	"7"
"18:53:00"	"2021-08-13"	"Thirsk"	"Lomu (IRE)"	"4.00"	"5.4"	"Handicap"	"4"	"6"	"Cosgrave, Pat"	"Loughnane, David"	"5f "	"4"	"10"	"6"	"9"
"18:38:00"	"2021-08-13"	"Newmarket (July)"	"Goddess Of Fire"	"2.25"	"3.53"	"Handicap"	"2"	"6"	"Keenan, Darragh"	"Ryan, J"	"1m "	"5"	"9"	"3"	"6"
"17:35:00"	"2021-08-13"	"Newmarket (July)"	"Yimou (IRE)"	"3.00"	"4.78"	"Handicap"	"2"	"11"	"Havlin, Robert"	"Ivory, D K"	"6f "	"4"	"7"	"2"	"7"
"17:35:00"	"2021-08-13"	"Newmarket (July)"	"Jack Ryan (IRE)"	"100.00"	"148.69"	"Handicap"	"10"	"11"	"Biggs, Miss Mia"	"Ryan, J"	"6f "	"4"	"7"	"2"	"8"
"16:55:00"	"2021-08-13"	"Curragh"	"Pretty Boy Floyd (IRE)"	"3.00"	"4.71"	"Handicap"	"2"	"9"	"Rutledge, Siobhan"	"Dawson, Mrs Sarah"	"5f "	"0"	"5"	"5"	"15"
"14:45:00"	"2021-08-13"	"Newbury"	"Mr Tyrrell (IRE)"	"12.00"	"16.67"	"Handicap"	"5"	"10"	"Browne, L W"	"Hannon (Jnr), Richard"	"7f "	"4"	"10"	"1"	"7"
"13:50:00"	"2021-08-13"	"Nottingham"	"Glorious Rio (IRE)"	"2.25"	"3.4"	"Handicap"	"1"	"8"	"Peate, Jonny"	"Barclay, Stella"	"5f "	"6"	"4"	"3"	"5"
"13:50:00"	"2021-08-13"	"Nottingham"	"Boudica Bay (IRE)"	"2.75"	"4.02"	"Handicap"	"4"	"8"	"Hart, Jason"	"Alston, E J"	"5f "	"6"	"3"	"2"	"6"
"13:50:00"	"2021-08-13"	"Nottingham"	"Dana Forever (IRE)"	"3.50"	"5.35"	"Handicap"	"5"	"8"	"Catton, Luke"	"Dascombe, Tom"	"5f "	"6"	"7"	"1"	"5"
"15:30:00"	"2021-08-12"	"Salisbury"	"Fitzrovia"	"1.75"	"3.02"	"Handicap"	"2"	"12"	"Atzeni, Andrea"	"De Giles, Ed"	"1m "	"6"	"8"	"1"	"9"
"15:10:00"	"2021-08-12"	"Beverley"	"Wades Magic"	"4.50"	"6.2"	"Handicap"	"3"	"10"	"McCain, Miss Ella"	"Easterby, T D"	"5f "	"5"	"10"	"2"	"9"
"15:10:00"	"2021-08-12"	"Beverley"	"Van Gerwen"	"6.50"	"7.92"	"Handicap"	"4"	"10"	"Stott, Kevin"	"Midgley, P T"	"5f "	"5"	"8"	"2"	"4"
"15:10:00"	"2021-08-12"	"Beverley"	"Mutabaahy (IRE)"	"14.00"	"16.62"	"Handicap"	"7"	"10"	"Russell, Harry"	"Brittain, Antony"	"5f "	"5"	"7"	"4"	"6"
"15:10:00"	"2021-08-12"	"Beverley"	"Eeh Bah Gum (IRE)"	"3.00"	"4.5"	"Handicap"	"10"	"10"	"Allan, David"	"Easterby, T D"	"5f "	"5"	"7"	"3"	"6"
"14:55:00"	"2021-08-12"	"Salisbury"	"The Blue Bower (IRE)"	"22.00"	"32"	"Handicap"	"5"	"7"	"Hornby, Rob"	"Portman, J G"	"6f "	"4"	"10"	"2"	"4"
"14:45:00"	"2021-08-12"	"Ffos Las"	"Creek Harbour (IRE)"	"4.00"	"5.8"	"Handicap"	"3"	"6"	"Heard, Tyler"	"Wintle, A"	"6f "	"5"	"8"	"5"	"10"
"14:20:00"	"2021-08-12"	"Salisbury"	"Titaneasy"	"50.00"	"72.86"	"Novices"	"5"	"10"	"Clutterbuck, Rhys"	"Bridger, J / Cook, R"	"7f "	"5"	"8"	"6"	"10"
"15:50:00"	"2021-08-11"	"Yarmouth"	"Rockesbury"	"6.00"	"9.2"	"Handicap"	"4"	"11"	"McEntee, Grace"	"McEntee, P S"	"7f "	"6"	"7"	"2"	"11"
"15:50:00"	"2021-08-11"	"Yarmouth"	"Sherella"	"66.00"	"97.04"	"Handicap"	"10"	"11"	"Farragher, Adam J"	"Jenkins, J R"	"7f "	"6"	"7"	"10"	"11"
"15:05:00"	"2021-08-11"	"Salisbury"	"Seneca Chief"	"7.00"	"9.28"	"Handicap"	"1"	"6"	"Mitchell, Jack"	"Kubler, Daniel"	"5f "	"4"	"9"	"7"	"8"
"13:00:00"	"2021-08-11"	"Yarmouth"	"Kelinda Dice"	"7.50"	"9.09"	"Handicap"	"2"	"6"	"Pearson, Laura"	"Quinn, M"	"5f "	"6"	"7"	"8"	"11"
"16:45:00"	"2021-08-10"	"Nottingham"	"Secret Potion"	"11.00"	"15.34"	"Handicap"	"1"	"14"	"Whelan, Trevor"	"Harris, R A"	"6f "	"6"	"10"	"1"	"14"
"16:45:00"	"2021-08-10"	"Nottingham"	"Red Bravo (IRE)"	"10.00"	"13.43"	"Handicap"	"7"	"14"	"Probert, David"	"Loughnane, Daniel Mark"	"6f "	"6"	"10"	"4"	"14"
"16:10:00"	"2021-08-10"	"Nottingham"	"Bellevarde (IRE)"	"1.50"	"2.62"	"Handicap"	"3"	"6"	"Curtis, B A"	"Price, R J"	"5f "	"5"	"8"	"1"	"8"
"15:35:00"	"2021-08-10"	"Nottingham"	"Dubai Station"	"4.00"	"5.4"	"Non-Handicap"	"2"	"5"	"Curtis, B A"	"Cowell, R M H"	"5f "	"3"	"10"	"2"	"5"
"17:35:00"	"2021-08-09"	"Windsor"	"Rubee Forty"	"11.00"	"14"	"Handicap"	"4"	"7"	"Beech, Aled J"	"Bridger, J / Cook, R"	"6f "	"6"	"9"	"8"	"14"
"13:50:00"	"2021-08-09"	"Ayr"	"Glorious Rio (IRE)"	"2.50"	"3.55"	"Handicap"	"3"	"5"	"Hardie, Cameron"	"Barclay, Stella"	"5f "	"6"	"7"	"1"	"14"
"17:10:00"	"2021-08-08"	"Curragh"	"Tresorier"	"11.00"	"16"	"Handicap"	"8"	"15"	"Manning, K J"	"Feane, John James"	"6f "	"0"	"1"	"8"	"18"
"17:10:00"	"2021-08-08"	"Curragh"	"Majeski Man (IRE)"	"14.00"	"18.85"	"Handicap"	"15"	"15"	"Cleary, R P"	"Foster, Mrs Denise"	"6f "	"0"	"3"	"10"	"16"
"15:10:00"	"2021-08-08"	"Windsor"	"Lethal Blast"	"1.50"	"2.54"	"Handicap"	"1"	"4"	"ONeill, K T"	"Bridger, J / Cook, R"	"5f "	"5"	"6"	"3"	"8"
"19:55:00"	"2021-08-07"	"Ayr"	"Lord Of The Glen"	"4.50"	"6.26"	"Handicap"	"4"	"8"	"Robinson, Ben"	"Goldie, J S"	"5f "	"6"	"5"	"3"	"9"
"19:55:00"	"2021-08-07"	"Ayr"	"Corton Lass"	"16.00"	"24.61"	"Handicap"	"6"	"8"	"James, S H"	"Dalgleish, Keith"	"5f "	"6"	"8"	"5"	"8"
"19:55:00"	"2021-08-07"	"Ayr"	"Alsvinder"	"2.00"	"3.4"	"Handicap"	"8"	"8"	"Curtis, B A"	"Kirby, P A"	"5f "	"6"	"4"	"4"	"12"
"18:25:00"	"2021-08-07"	"Ayr"	"Stallone (IRE)"	"5.00"	"7.8"	"Handicap"	"2"	"11"	"Beasley, Connor"	"Dods, M"	"6f "	"5"	"5"	"8"	"14"
"15:50:00"	"2021-08-07"	"Cork"	"Manhattan Dandy (IRE)"	"14.00"	"18.31"	"Handicap"	"5"	"18"	"Powell, J A"	"Murphy, Ciaran"	"7f "	"0"	"5"	"8"	"24"
"15:50:00"	"2021-08-07"	"Cork"	"Cactus Tree (IRE)"	"3.33"	"5.7"	"Handicap"	"8"	"18"	"Lee, W J"	"Grassick, M C"	"7f "	"0"	"2"	"1"	"16"
"14:07:00"	"2021-08-07"	"Cork"	"Roxette (GER)"	"7.00"	"9.68"	"Handicap"	"2"	"18"	"Whelan, R P"	"Halford, M"	"6f "	"0"	"5"	"6"	"12"
"19:38:00"	"2021-08-06"	"Newmarket (July)"	"Abate"	"3.50"	"4.62"	"Handicap"	"5"	"7"	"Hutchinson, Callum"	"Nicholls, Adrian"	"6f "	"3"	"7"	"1"	"6"
"16:30:00"	"2021-08-06"	"Thirsk"	"Musahaba"	"1.25"	"2.35"	"Handicap Maiden"	"3"	"5"	"Farragher, Adam J"	"OMeara, D"	"6f "	"5"	"4"	"2"	"13"
"18:13:00"	"2021-08-05"	"Doncaster"	"Ivatheengine (IRE)"	"9.00"	"10.5"	"Handicap"	"8"	"12"	"Bishop, Charles"	"Cole, P F I"	"6f "	"3"	"7"	"2"	"12"
"17:42:00"	"2021-08-05"	"Doncaster"	"Irish Acclaim (IRE)"	"20.00"	"32"	"Handicap"	"8"	"10"	"McMonagle, Dylan B"	"OBrien, Joseph Patrick"	"5f "	"3"	"7"	"11"	"12"
"15:50:00"	"2021-08-05"	"Redcar"	"Mutabaahy (IRE)"	"9.00"	"13.29"	"Handicap"	"4"	"6"	"Russell, Harry"	"Brittain, Antony"	"5f "	"4"	"9"	"5"	"9"
"14:50:00"	"2021-08-05"	"Redcar"	"Give It Some Teddy"	"2.50"	"3.64"	"Handicap"	"3"	"7"	"Fentiman, Duran"	"Easterby, T D"	"1m "	"4"	"4"	"1"	"12"
"14:50:00"	"2021-08-05"	"Redcar"	"Rum Runner"	"9.00"	"13.21"	"Handicap"	"7"	"7"	"Nolan, D"	"Harker, G A"	"1m "	"4"	"3"	"4"	"7"
"14:20:00"	"2021-08-05"	"Redcar"	"Hear Me Out (IRE)"	"50.00"	"62.21"	"Maiden"	"9"	"13"	"Garritty, Billy"	"Dalgleish, Keith"	"7f "	"5"	"4"	"8"	"8"
"14:10:00"	"2021-08-05"	"Yarmouth"	"Purple Power"	"9.00"	"11.65"	"Handicap"	"6"	"11"	"Cosgrave, Pat"	"Quinn, M"	"1m "	"6"	"9"	"7"	"12"
"13:45:00"	"2021-08-05"	"Redcar"	"Absolute Dream (IRE)"	"3.33"	"5.88"	"Handicap"	"1"	"19"	"Mathers, Patrick"	"Fahey, R A"	"6f "	"6"	"8"	"4"	"9"
"13:45:00"	"2021-08-05"	"Redcar"	"Mutawaffer (IRE)"	"80.00"	"172.21"	"Handicap"	"8"	"19"	"Sullivan, James P"	"Wainwright, J S"	"6f "	"6"	"2"	"13"	"13"
"13:45:00"	"2021-08-05"	"Redcar"	"Point Of Woods"	"14.00"	"20"	"Handicap"	"12"	"19"	"Dennis, Phil"	"Jackson, Miss T"	"6f "	"6"	"8"	"1"	"12"
"19:15:00"	"2021-08-04"	"Yarmouth"	"Goddess Of Fire"	"4.00"	"5.4"	"Handicap"	"3"	"6"	"Pearson, Laura"	"Ryan, J"	"1m "	"4"	"6"	"4"	"10"
"17:15:00"	"2021-08-04"	"Yarmouth"	"Rockesbury"	"8.00"	"10.22"	"Handicap"	"2"	"11"	"McEntee, Grace"	"McEntee, P S"	"6f "	"6"	"1"	"3"	"9"
"15:35:00"	"2021-08-03"	"Ffos Las"	"Sarahs Verse"	"2.75"	"3.98"	"Handicap"	"2"	"4"	"Whelan, Trevor"	"Harris, R A"	"6f "	"5"	"4"	"2"	"4"
"15:35:00"	"2021-08-03"	"Ffos Las"	"Strong Power (IRE)"	"8.00"	"11.91"	"Handicap"	"4"	"4"	"Shoemark, Kieran"	"Scott, George"	"6f "	"5"	"8"	"3"	"6"
"19:45:00"	"2021-08-02"	"Windsor"	"Bellevarde (IRE)"	"3.50"	"4.8"	"Handicap"	"1"	"8"	"Villiers, Angus"	"Price, R J"	"5f "	"5"	"7"	"5"	"9"
"19:45:00"	"2021-08-02"	"Windsor"	"Saras Hope"	"6.00"	"7.8"	"Handicap"	"4"	"8"	"Buckell, Georgean"	"Gallagher, J"	"5f "	"5"	"6"	"7"	"9"
"17:25:00"	"2021-08-02"	"Carlisle"	"Afandem (IRE)"	"12.00"	"18.73"	"Handicap"	"14"	"14"	"McCain, Miss Ella"	"Easterby, T D"	"6f "	"5"	"8"	"6"	"7"
"16:50:00"	"2021-08-02"	"Carlisle"	"Wades Magic"	"3.50"	"5.5"	"Handicap"	"2"	"9"	"McCain, Miss Ella"	"Easterby, T D"	"5f "	"6"	"8"	"7"	"17"
"16:50:00"	"2021-08-02"	"Carlisle"	"Lord Of The Glen"	"8.00"	"9.16"	"Handicap"	"3"	"9"	"Pearson, Laura"	"Goldie, J S"	"5f "	"6"	"7"	"3"	"7"
"16:50:00"	"2021-08-02"	"Carlisle"	"Davids Beauty (IRE)"	"18.00"	"22.02"	"Handicap"	"9"	"9"	"McManoman, Faye"	"Mullineaux, M"	"5f "	"6"	"10"	"4"	"10"
"16:05:00"	"2021-08-02"	"Naas"	"Kings View (IRE)"	"14.00"	"20.71"	"Handicap"	"4"	"24"	"Ewing, Sam"	"McKenna, P J"	"6f "	"0"	"10"	"3"	"12"
"16:05:00"	"2021-08-02"	"Naas"	"Coffeemeanscoffee (IRE)"	"8.00"	"10.5"	"Handicap"	"5"	"24"	"Leonard, Killian"	"McGuinness, Tom"	"6f "	"0"	"10"	"4"	"12"
"16:05:00"	"2021-08-02"	"Naas"	"Pillar"	"33.00"	"57.97"	"Handicap"	"10"	"24"	"Ryan, Gavin"	"McGuinness, Adrian"	"6f "	"0"	"10"	"6"	"12"
"16:05:00"	"2021-08-02"	"Naas"	"Hands Down (IRE)"	"33.00"	"46.76"	"Handicap"	"12"	"24"	"Joyce, Wesley"	"Moore, C"	"6f "	"0"	"9"	"14"	"15"
"16:05:00"	"2021-08-02"	"Naas"	"Ever Rock (IRE)"	"7.00"	"9.76"	"Handicap"	"14"	"24"	"McDonogh, D P"	"Lambe, J J"	"6f "	"0"	"10"	"1"	"12"
"16:05:00"	"2021-08-02"	"Naas"	"Absolute One Right (IRE)"	"50.00"	"130"	"Handicap"	"15"	"24"	"Sheehy, Danny"	"Ward, V C"	"6f "	"0"	"10"	"12"	"12"
"16:05:00"	"2021-08-02"	"Naas"	"Never Back Down (IRE)"	"33.00"	"48"	"Handicap"	"17"	"24"	"McCullagh, Scott"	"Murray, Joseph Anthony"	"6f "	"0"	"10"	"7"	"12"
"16:05:00"	"2021-08-02"	"Naas"	"Socratic (IRE)"	"7.50"	"11.81"	"Handicap"	"19"	"24"	"Sheridan, J M"	"Hogan, Denis Gerard"	"6f "	"0"	"9"	"3"	"15"
"16:05:00"	"2021-08-02"	"Naas"	"Canford Art (IRE)"	"10.00"	"15.42"	"Handicap"	"21"	"24"	"Manning, K J"	"Coleman, Kevin"	"6f "	"0"	"10"	"2"	"13"
"16:05:00"	"2021-08-02"	"Naas"	"Lapilli"	"40.00"	"60"	"Handicap"	"24"	"24"	"Kane, Nikita"	"English, Damian Joseph"	"6f "	"0"	"10"	"10"	"12"
"15:42:00"	"2021-08-02"	"Ripon"	"Bossipop"	"4.00"	"5.9"	"Handicap"	"5"	"6"	"Allan, David"	"Easterby, T D"	"6f "	"3"	"2"	"2"	"5"
"14:22:00"	"2021-08-01"	"Thirsk"	"Koropick (IRE)"	"33.00"	"47.64"	"Handicap"	"3"	"9"	"Gray, S A"	"Teague, C J"	"5f "	"4"	"7"	"9"	"17"
"14:22:00"	"2021-08-01"	"Thirsk"	"Princess Power (IRE)"	"4.50"	"5.82"	"Handicap"	"4"	"9"	"Scott, Rowan"	"Tinkler, N"	"5f "	"4"	"9"	"6"	"8"
"20:05:00"	"2021-07-31"	"Lingfield"	"Fox Leicester (IRE)"	"20.00"	"26"	"Handicap"	"3"	"8"	"Hutchinson, Callum"	"Keightley, S L"	"7.5f "	"6"	"10"	"1"	"12"
"20:05:00"	"2021-07-31"	"Lingfield"	"Malvern"	"12.00"	"15.76"	"Handicap"	"8"	"8"	"Catton, Luke"	"Hannon (Jnr), Richard"	"7.5f "	"6"	"10"	"7"	"10"
"19:05:00"	"2021-07-31"	"Lingfield"	"Hajjam"	"7.00"	"9.46"	"Handicap"	"4"	"7"	"Phillips, Mollie"	"Bailey, Liam"	"7f "	"5"	"7"	"2"	"9"
"18:50:00"	"2021-07-31"	"Hamilton"	"El Astronaute (IRE)"	"3.00"	"3.98"	"Non-Handicap"	"5"	"5"	"Robinson, Ben"	"Quinn, J J"	"5f "	"3"	"4"	"2"	"12"
"18:20:00"	"2021-07-31"	"Hamilton"	"Jordan Electrics"	"0.50"	"1.58"	"Handicap"	"1"	"5"	"Mason, Joanna"	"Whillans, A C"	"6f "	"4"	"5"	"1"	"12"
"18:20:00"	"2021-07-31"	"Hamilton"	"Tanasoq (IRE)"	"7.50"	"10.67"	"Handicap"	"3"	"5"	"Waugh, Amie"	"Goldie, J S"	"6f "	"4"	"6"	"8"	"17"
"18:20:00"	"2021-07-31"	"Hamilton"	"Gunmetal (IRE)"	"3.50"	"5.53"	"Handicap"	"4"	"5"	"Smith, Becky"	"Barron, T D"	"6f "	"4"	"8"	"3"	"13"
"18:05:00"	"2021-07-31"	"Lingfield"	"Firenze Rosa (IRE)"	"12.00"	"18"	"Handicap"	"3"	"14"	"Phillips, Mollie"	"Bridger, J / Cook, R"	"6f "	"6"	"7"	"3"	"7"
"18:05:00"	"2021-07-31"	"Lingfield"	"Moosmee (IRE)"	"1.10"	"2.18"	"Handicap"	"7"	"14"	"Heard, Tyler"	"Dow, S"	"6f "	"6"	"5"	"1"	"7"
"16:37:00"	"2021-07-31"	"Doncaster"	"Mutanaaseq (IRE)"	"5.00"	"6.5"	"Handicap"	"2"	"8"	"Gormley, Jamie"	"Carr, Mrs R A"	"6f "	"5"	"9"	"6"	"8"
"13:35:00"	"2021-07-31"	"Newmarket (July)"	"Restless Endeavour (IRE)"	"3.50"	"5.1"	"Handicap"	"3"	"5"	"Jamin, Pierre-Louis"	"Tuer, Grant"	"6f "	"4"	"8"	"1"	"6"
"13:35:00"	"2021-07-31"	"Newmarket (July)"	"Pearl Of Qatar"	"6.50"	"8.2"	"Handicap"	"4"	"5"	"Dennis, Phil"	"Davidson, Tristan"	"6f "	"4"	"7"	"3"	"7"
"20:30:00"	"2021-07-30"	"Newmarket (July)"	"Abate"	"3.00"	"4.41"	"Handicap"	"1"	"6"	"Hutchinson, Callum"	"Nicholls, Adrian"	"6f "	"4"	"10"	"1"	"5"
"20:22:00"	"2021-07-30"	"Musselburgh"	"Primos Comet"	"5.50"	"5.87"	"Handicap"	"2"	"5"	"Robinson, Ben"	"Goldie, J S"	"5f "	"3"	"5"	"3"	"17"
"20:22:00"	"2021-07-30"	"Musselburgh"	"Militia"	"6.00"	"7.78"	"Handicap"	"4"	"5"	"Lee, G"	"Midgley, P T"	"5f "	"3"	"9"	"1"	"6"
"20:00:00"	"2021-07-30"	"Newmarket (July)"	"Marly (FR)"	"3.33"	"4.64"	"Handicap"	"4"	"6"	"Pearson, Laura"	"Ryan, J"	"7f "	"4"	"6"	"3"	"4"
"19:52:00"	"2021-07-30"	"Musselburgh"	"Corton Lass"	"12.00"	"15.6"	"Handicap"	"5"	"8"	"Breslin, Andrew"	"Dalgleish, Keith"	"5f "	"6"	"4"	"4"	"7"
"20:05:00"	"2021-07-28"	"Leicester"	"Aliento"	"5.00"	"7.77"	"Handicap"	"7"	"7"	"Fallon, Cieren"	"Dods, M"	"7f "	"5"	"7"	"2"	"8"
"16:27:00"	"2021-07-28"	"Redcar"	"King Of Tonga (IRE)"	"5.50"	"7.14"	"Handicap"	"3"	"9"	"Mulhall, Charlotte"	"OMeara, D"	"1m "	"5"	"1"	"8"	"10"
"15:20:00"	"2021-07-28"	"Redcar"	"Point Of Woods"	"33.00"	"52.63"	"Handicap"	"1"	"12"	"Dennis, Phil"	"Jackson, Miss T"	"6f "	"6"	"10"	"7"	"13"
"15:20:00"	"2021-07-28"	"Redcar"	"Charlemaine (IRE)"	"6.00"	"8.48"	"Handicap"	"4"	"12"	"Rodriguez, Callum"	"Haslam, B M R"	"6f "	"6"	"10"	"9"	"13"
"16:00:00"	"2021-07-27"	"Yarmouth"	"Jack Ryan (IRE)"	"22.00"	"28.36"	"Handicap"	"12"	"16"	"Phillips, Tia"	"Ryan, J"	"1m "	"6"	"7"	"10"	"12"
"14:40:00"	"2021-07-27"	"Beverley"	"Nibras Again"	"12.00"	"18.96"	"Handicap"	"4"	"9"	"Robinson, Ben"	"Midgley, P T"	"5f "	"5"	"3"	"10"	"10"
"14:40:00"	"2021-07-27"	"Beverley"	"Mutabaahy (IRE)"	"14.00"	"18.89"	"Handicap"	"5"	"9"	"Hardie, Cameron"	"Brittain, Antony"	"5f "	"5"	"6"	"5"	"6"
"14:40:00"	"2021-07-27"	"Beverley"	"Latin Five (IRE)"	"12.00"	"14"	"Handicap"	"6"	"9"	"Stott, Kevin"	"Midgley, P T"	"5f "	"5"	"7"	"3"	"5"
"13:10:00"	"2021-07-27"	"Yarmouth"	"Fast Deal"	"80.00"	"119.35"	"Handicap"	"10"	"12"	"Haynes, Joey"	"Chapman, M C"	"7f "	"6"	"8"	"9"	"11"
"18:25:00"	"2021-07-26"	"Windsor"	"Evasive Power (USA)"	"2.25"	"3.4"	"Handicap"	"4"	"6"	"Egan, David"	"Brisland, Robyn"	"6f "	"4"	"2"	"3"	"6"
"14:15:00"	"2021-07-26"	"Ayr"	"Jordan Electrics"	"4.00"	"5.26"	"Handicap"	"1"	"12"	"Scott, Rowan"	"Whillans, A C"	"6f "	"6"	"10"	"3"	"7"
"14:15:00"	"2021-07-26"	"Ayr"	"Stronsay (IRE)"	"7.00"	"10"	"Handicap"	"10"	"12"	"Tudhope, Daniel"	"Bailey, Liam"	"6f "	"6"	"7"	"6"	"8"
"14:15:00"	"2021-07-26"	"Ayr"	"Glenamoy Lad"	"7.00"	"9.2"	"Handicap"	"11"	"12"	"Fanning, Joe"	"Candlish, Jennie"	"6f "	"6"	"10"	"3"	"12"
"17:15:00"	"2021-07-25"	"Musselburgh"	"Sound Of Iona"	"9.00"	"11"	"Handicap"	"4"	"17"	"Hardie, Cameron"	"Goldie, J S"	"5f "	"4"	"9"	"4"	"7"
"17:15:00"	"2021-07-25"	"Musselburgh"	"Global Humor (USA)"	"8.00"	"11.5"	"Handicap"	"6"	"17"	"Rodriguez, Callum"	"Goldie, J S"	"5f "	"4"	"6"	"2"	"8"
"17:15:00"	"2021-07-25"	"Musselburgh"	"Tanasoq (IRE)"	"16.00"	"25"	"Handicap"	"8"	"17"	"Robinson, Ben"	"Goldie, J S"	"5f "	"4"	"10"	"6"	"8"
"17:15:00"	"2021-07-25"	"Musselburgh"	"Koropick (IRE)"	"125.00"	"573.64"	"Handicap"	"9"	"17"	"Gray, S A"	"Teague, C J"	"5f "	"4"	"6"	"8"	"8"
"19:35:00"	"2021-07-24"	"Salisbury"	"Theotherside (IRE)"	"2.75"	"4.05"	"Handicap"	"1"	"7"	"Ryan, Rossa"	"Hannon (Jnr), Richard"	"6f "	"5"	"7"	"2"	"10"
"19:35:00"	"2021-07-24"	"Salisbury"	"Amathus (IRE)"	"4.00"	"5.92"	"Handicap"	"5"	"7"	"Clutterbuck, Rhys"	"Chamings, P R"	"6f "	"5"	"8"	"6"	"7"
"18:05:00"	"2021-07-24"	"Salisbury"	"Firenze Rosa (IRE)"	"6.50"	"8.07"	"Handicap"	"3"	"7"	"Phillips, Mollie"	"Bridger, J / Cook, R"	"5f "	"6"	"10"	"5"	"11"
"18:05:00"	"2021-07-24"	"Salisbury"	"Starchant"	"10.00"	"11.81"	"Handicap"	"6"	"7"	"Hutchinson, Callum"	"Bridger, J / Cook, R"	"5f "	"6"	"10"	"3"	"11"
"17:55:00"	"2021-07-24"	"Newmarket (July)"	"Buniann (IRE)"	"2.75"	"3.97"	"Handicap"	"3"	"4"	"Fanning, Joe"	"Midgley, P T"	"5f "	"4"	"7"	"2"	"6"
"17:30:00"	"2021-07-24"	"Salisbury"	"Pedestal (IRE)"	"2.25"	"3.59"	"Handicap"	"2"	"10"	"Ennis, Mr M"	"Flood, D"	"1m "	"6"	"3"	"4"	"10"
"17:30:00"	"2021-07-24"	"Salisbury"	"Raha"	"16.00"	"18.5"	"Handicap"	"4"	"10"	"Birkett, Mr R"	"Feilden, Miss J"	"1m "	"6"	"9"	"9"	"10"
"17:30:00"	"2021-07-24"	"Salisbury"	"Olivers Pursuit"	"22.00"	"30.03"	"Handicap"	"7"	"10"	"Mitchell, Guy"	"Dow, S"	"1m "	"6"	"9"	"7"	"7"
"17:30:00"	"2021-07-24"	"Salisbury"	"Grandstand (IRE)"	"8.00"	"12.63"	"Handicap"	"9"	"10"	"Mitchell, Mr F"	"Price, R J"	"1m "	"6"	"9"	"2"	"11"
"17:20:00"	"2021-07-24"	"Newmarket (July)"	"Mr Wagyu (IRE)"	"3.33"	"4.95"	"Handicap"	"2"	"6"	"Spencer, Jamie"	"Quinn, J J"	"6f "	"3"	"8"	"3"	"11"
"16:45:00"	"2021-07-24"	"Ascot"	"Spirited Guest"	"3.33"	"4.56"	"Handicap"	"1"	"9"	"Margarson, Rosie"	"Margarson, G G"	"7f "	"3"	"2"	"2"	"4"
"14:05:00"	"2021-07-24"	"York"	"Soul Seeker (IRE)"	"5.50"	"6.33"	"Handicap"	"1"	"10"	"Scudamore, Tom"	"OMeara, D"	"5f "	"3"	"8"	"1"	"7"
"14:05:00"	"2021-07-24"	"York"	"Son And Sannie (IRE)"	"12.00"	"12.04"	"Handicap"	"2"	"10"	"Quinlan, Sean"	"Midgley, P T"	"5f "	"3"	"7"	"6"	"6"
"14:05:00"	"2021-07-24"	"York"	"Eeh Bah Gum (IRE)"	"9.00"	"11.5"	"Handicap"	"8"	"10"	"Hamilton, Jamie"	"Easterby, T D"	"5f "	"3"	"7"	"4"	"6"
"20:22:00"	"2021-07-23"	"Newmarket (July)"	"Visibility (IRE)"	"8.00"	"10.5"	"Handicap"	"4"	"4"	"Curtis, B A"	"Dixon, Scott"	"7f "	"4"	"4"	"9"	"10"
"19:40:00"	"2021-07-23"	"Chepstow"	"Zulu Zander (IRE)"	"11.00"	"14.76"	"Handicap"	"5"	"10"	"Muscutt, D"	"Evans, P D"	"5f "	"5"	"10"	"4"	"7"
"19:40:00"	"2021-07-23"	"Chepstow"	"Thegreyvtrain"	"3.33"	"4.91"	"Handicap"	"9"	"10"	"Browne, L W"	"Harris, R A"	"5f "	"5"	"2"	"2"	"12"
"18:30:00"	"2021-07-23"	"York"	"Dark Shot"	"6.50"	"9.17"	"Handicap"	"12"	"13"	"Fisher, Jonathan"	"Dixon, Scott"	"6f "	"4"	"2"	"2"	"6"
"17:45:00"	"2021-07-23"	"Cork"	"Amazing One"	"25.00"	"36"	"Handicap"	"11"	"13"	"Madden, Tom"	"OMara, T J"	"6f "	"0"	"9"	"13"	"14"
"17:22:00"	"2021-07-23"	"Newmarket (July)"	"First Dance (IRE)"	"10.00"	"12"	"Handicap"	"1"	"11"	"Gordon, Josephine"	"Tate, T P"	"1m "	"5"	"7"	"5"	"13"
"17:22:00"	"2021-07-23"	"Newmarket (July)"	"Goddess Of Fire"	"11.00"	"11"	"Handicap"	"3"	"11"	"Keenan, Darragh"	"Ryan, J"	"1m "	"5"	"8"	"5"	"7"
"17:22:00"	"2021-07-23"	"Newmarket (July)"	"Fashion Free"	"6.00"	"7.42"	"Handicap"	"4"	"11"	"Buckell, Georgean"	"Appleby, M"	"1m "	"5"	"7"	"2"	"13"
"17:00:00"	"2021-07-23"	"Down Royal"	"No Speed Limit (FR)"	"4.00"	"5.3"	"Handicap"	"4"	"12"	"Clifton, Izzy"	"McKenna, P J"	"5f "	"0"	"5"	"6"	"15"
"16:40:00"	"2021-07-23"	"Ascot"	"Minhaaj (IRE)"	"12.00"	"15.63"	"Handicap"	"5"	"8"	"Carson, William"	"Attwater, M J"	"5f "	"4"	"10"	"4"	"5"
"16:35:00"	"2021-07-23"	"Thirsk"	"Jeans Maite"	"8.00"	"9"	"Handicap"	"1"	"10"	"Harris, Bradley"	"Bowring, S R"	"5f "	"6"	"10"	"13"	"14"
"16:35:00"	"2021-07-23"	"Thirsk"	"Celerity (IRE)"	"16.00"	"21.08"	"Handicap"	"3"	"10"	"Parkinson, Erika"	"Williamson, Mrs L"	"5f "	"6"	"6"	"3"	"8"
"16:35:00"	"2021-07-23"	"Thirsk"	"Hello Girl"	"5.50"	"8.17"	"Handicap"	"5"	"10"	"Brookes, Aiden"	"Tinkler, N"	"5f "	"6"	"5"	"8"	"13"
"16:35:00"	"2021-07-23"	"Thirsk"	"Newgate Angel"	"5.00"	"7.2"	"Handicap"	"7"	"10"	"McSweeney, O"	"Coyle, Tony"	"5f "	"6"	"5"	"4"	"13"
"16:35:00"	"2021-07-23"	"Thirsk"	"Hard Solution"	"7.50"	"11.1"	"Handicap"	"10"	"10"	"Winn, Mark"	"OMeara, D"	"5f "	"6"	"9"	"3"	"10"
"14:00:00"	"2021-07-22"	"Yarmouth"	"Sir Rodneyredblood"	"11.00"	"17"	"Handicap"	"6"	"10"	"Ghiani, Marco"	"Jenkins, J R"	"6f "	"6"	"10"	"4"	"9"
"14:00:00"	"2021-07-22"	"Yarmouth"	"Global Hope (IRE)"	"5.00"	"6.8"	"Handicap"	"9"	"10"	"Muscutt, D"	"Kelleway, Miss Gay"	"6f "	"6"	"6"	"8"	"9"
"13:00:00"	"2021-07-22"	"Sandown"	"Buy Me Back"	"4.50"	"5.8"	"Handicap"	"2"	"8"	"Whittington, Elisha"	"Loughnane, Daniel Mark"	"5f "	"4"	"9"	"1"	"5"
"13:00:00"	"2021-07-22"	"Sandown"	"Newyorkstateofmind"	"4.50"	"6.76"	"Handicap"	"7"	"8"	"Dwyer, Martin"	"Muir, W R"	"5f "	"4"	"1"	"5"	"6"
"16:50:00"	"2021-07-21"	"Naas"	"Mogwli (IRE)"	"11.00"	"15.01"	"Handicap"	"4"	"10"	"Crosse, Nathan"	"McCreery, W"	"6f "	"0"	"10"	"5"	"10"
"16:50:00"	"2021-07-21"	"Naas"	"Too Hard To Hold (IRE)"	"18.00"	"25"	"Handicap"	"10"	"10"	"Whelan, R P"	"Davison, Jack W"	"6f "	"0"	"10"	"11"	"18"
"15:20:00"	"2021-07-21"	"Catterick"	"Dark Shot"	"2.25"	"3.55"	"Handicap"	"2"	"6"	"Fisher, Jonathan"	"Dixon, Scott"	"5f "	"4"	"2"	"2"	"14"
"17:45:00"	"2021-07-20"	"Nottingham"	"Abate"	"1.10"	"2.24"	"Handicap"	"1"	"5"	"McHugh, B"	"Nicholls, Adrian"	"5f "	"5"	"10"	"13"	"19"
"18:15:00"	"2021-07-19"	"Beverley"	"Sams Call"	"4.00"	"6.2"	"Handicap"	"4"	"14"	"Mason, Joanna"	"Easterby, M W"	"5f "	"5"	"7"	"7"	"10"
"13:35:00"	"2021-07-19"	"Ayr"	"Amazing Alba"	"7.00"	"8.4"	"Handicap"	"1"	"8"	"Mullen, Andrew"	"Whillans, A C"	"6f "	"5"	"9"	"4"	"6"
"13:35:00"	"2021-07-19"	"Ayr"	"Stronsay (IRE)"	"3.33"	"5.28"	"Handicap"	"6"	"8"	"Tudhope, Daniel"	"Bailey, Liam"	"6f "	"5"	"9"	"3"	"6"
"17:30:00"	"2021-07-18"	"Curragh"	"No Speed Limit (FR)"	"18.00"	"25"	"Handicap"	"6"	"15"	"Lordan, W M"	"McKenna, P J"	"5f "	"0"	"7"	"7"	"18"
"17:30:00"	"2021-07-18"	"Curragh"	"Hodds Girl (IRE)"	"40.00"	"46.51"	"Handicap"	"7"	"15"	"Whelan, R P"	"Halford, M"	"5f "	"0"	"8"	"17"	"17"
"15:25:00"	"2021-07-18"	"Redcar"	"Sambucca Spirit"	"9.00"	"11.5"	"Handicap"	"5"	"13"	"Robinson, Ben"	"Midgley, P T"	"5f "	"6"	"5"	"6"	"14"
"14:50:00"	"2021-07-18"	"Redcar"	"Big Les (IRE)"	"2.75"	"4.08"	"Handicap"	"7"	"7"	"Rodriguez, Callum"	"Camacho, Miss J A"	"6f "	"3"	"8"	"9"	"19"
"19:20:00"	"2021-07-17"	"Haydock"	"Son And Sannie (IRE)"	"5.00"	"6.85"	"Handicap"	"6"	"6"	"McDonald, P J"	"Midgley, P T"	"5f "	"3"	"8"	"9"	"15"
"18:50:00"	"2021-07-17"	"Haydock"	"Celerity (IRE)"	"50.00"	"82.78"	"Handicap"	"3"	"8"	"Beech, Aled J"	"Williamson, Mrs L"	"5f "	"5"	"8"	"7"	"8"
"18:50:00"	"2021-07-17"	"Haydock"	"La Chica Lobo"	"125.00"	"235.41"	"Handicap"	"4"	"8"	"Hardie, Cameron"	"Williamson, Mrs L"	"5f "	"5"	"9"	"12"	"12"
"17:20:00"	"2021-07-17"	"Newbury"	"Mabre (IRE)"	"4.50"	"6.2"	"Handicap"	"6"	"7"	"Keenan, Darragh"	"Evans, P D"	"7f "	"4"	"7"	"4"	"12"
"14:15:00"	"2021-07-17"	"Newmarket (July)"	"Theotherside (IRE)"	"2.50"	"3.64"	"Handicap"	"2"	"10"	"Hansen, Thore"	"Hannon (Jnr), Richard"	"6f "	"4"	"8"	"4"	"5"
"20:50:00"	"2021-07-16"	"Newmarket (July)"	"Cmon Cmon (IRE)"	"5.50"	"7.37"	"Handicap"	"5"	"9"	"McManoman, Faye"	"Tinkler, N"	"7f "	"5"	"9"	"3"	"8"
"20:20:00"	"2021-07-16"	"Newmarket (July)"	"Gellhorn"	"4.00"	"5.7"	"Handicap"	"1"	"6"	"Ghiani, Marco"	"Williams, S C"	"6f "	"3"	"7"	"5"	"14"
"18:55:00"	"2021-07-16"	"Hamilton"	"Soul Seeker (IRE)"	"1.63"	"2.88"	"Handicap"	"1"	"7"	"Tudhope, Daniel"	"OMeara, D"	"5f "	"4"	"7"	"2"	"8"
"17:05:00"	"2021-07-16"	"Newbury"	"Global Esteem (IRE)"	"3.00"	"4.52"	"Handicap"	"2"	"7"	"Tabti, M"	"Dwyer, C A"	"7f "	"5"	"7"	"1"	"12"
"17:05:00"	"2021-07-16"	"Newbury"	"Sir Roderic (IRE)"	"5.50"	"8.04"	"Handicap"	"4"	"7"	"Howarth, Christian"	"Millman, B R"	"7f "	"5"	"7"	"2"	"14"
"15:00:00"	"2021-07-16"	"Haydock"	"Twist Of Hay"	"5.50"	"6.87"	"Handicap"	"5"	"9"	"Lee, Clifford"	"Dods, M"	"6f "	"5"	"8"	"5"	"7"
"14:25:00"	"2021-07-16"	"Haydock"	"Somewhere Secret"	"20.00"	"24.74"	"Handicap"	"8"	"11"	"Gordon, Josephine"	"Mullineaux, M"	"6f "	"5"	"8"	"2"	"10"
"16:23:00"	"2021-07-15"	"Leicester"	"Wiff Waff"	"5.00"	"7"	"Non-Handicap"	"2"	"13"	"Heard, Tyler"	"Wintle, A"	"6f "	"6"	"9"	"6"	"11"
"16:23:00"	"2021-07-15"	"Leicester"	"Glorious Rio (IRE)"	"11.00"	"15"	"Non-Handicap"	"3"	"13"	"Hardie, Cameron"	"Barclay, Stella"	"6f "	"6"	"7"	"3"	"12"
"16:23:00"	"2021-07-15"	"Leicester"	"At Your Service"	"8.00"	"11"	"Non-Handicap"	"6"	"13"	"Haynes, Joey"	"Banham, Chelsea"	"6f "	"6"	"1"	"6"	"9"
"15:40:00"	"2021-07-15"	"Chepstow"	"Red Bravo (IRE)"	"12.00"	"16"	"Handicap"	"2"	"13"	"Dawson, R"	"Loughnane, Daniel Mark"	"6f "	"6"	"10"	"7"	"9"
"15:40:00"	"2021-07-15"	"Chepstow"	"Secret Potion"	"10.00"	"13.7"	"Handicap"	"3"	"13"	"Farragher, Adam J"	"Harris, R A"	"6f "	"6"	"9"	"9"	"12"
"15:40:00"	"2021-07-15"	"Chepstow"	"Rhubarb"	"9.00"	"12.5"	"Handicap"	"4"	"13"	"Hutchinson, Callum"	"Price, R J"	"6f "	"6"	"10"	"5"	"9"
"15:40:00"	"2021-07-15"	"Chepstow"	"Pastfact"	"7.00"	"9.4"	"Handicap"	"6"	"13"	"Probert, David"	"Saunders, M S"	"6f "	"6"	"9"	"10"	"12"
"15:10:00"	"2021-07-15"	"Chepstow"	"Under Curfew"	"2.00"	"2.4"	"Handicap"	"1"	"4"	"Phillips, Mollie"	"Carroll, A W"	"5f "	"4"	"2"	"1"	"7"
"15:10:00"	"2021-07-15"	"Chepstow"	"Lomu (IRE)"	"4.50"	"4.49"	"Handicap"	"2"	"4"	"Pearson, Laura"	"Loughnane, David"	"5f "	"4"	"10"	"5"	"5"
"14:40:00"	"2021-07-15"	"Chepstow"	"Diamond Cottage"	"5.50"	"6.83"	"Handicap"	"4"	"10"	"Doyle, Hollie"	"Saunders, M S"	"7f "	"6"	"9"	"9"	"11"
"14:40:00"	"2021-07-15"	"Chepstow"	"Hedging (IRE)"	"4.00"	"5.14"	"Handicap"	"6"	"10"	"Dobie, Georgia"	"Houghton, Eve Johnson"	"7f "	"6"	"9"	"3"	"11"
"14:10:00"	"2021-07-15"	"Chepstow"	"Mostallim"	"1.38"	"2.67"	"Handicap"	"3"	"11"	"Marquand, Tom"	"Appleby, M"	"7f "	"6"	"8"	"1"	"11"
"14:10:00"	"2021-07-15"	"Chepstow"	"Three Card Trick"	"18.00"	"26"	"Handicap"	"5"	"11"	"Dawson, R"	"Blake, Michael"	"7f "	"6"	"9"	"7"	"11"
"14:10:00"	"2021-07-15"	"Chepstow"	"Tallys Son"	"125.00"	"235.56"	"Handicap"	"9"	"11"	"Ryan, Rossa"	"Harris, Miss G"	"7f "	"6"	"6"	"12"	"14"
"14:10:00"	"2021-07-15"	"Chepstow"	"Viola Park"	"28.00"	"47.69"	"Handicap"	"11"	"11"	"Farragher, Adam J"	"Harris, R A"	"7f "	"6"	"9"	"8"	"11"
"13:30:00"	"2021-07-15"	"Hamilton"	"Rose Bandit (IRE)"	"2.75"	"4.29"	"Handicap"	"2"	"8"	"Russell, Harry"	"Jardine, I"	"5f "	"6"	"2"	"8"	"14"
"20:05:00"	"2021-07-14"	"Yarmouth"	"Hard Solution"	"6.00"	"8.13"	"Handicap"	"3"	"10"	"Kirby, Adam"	"OMeara, D"	"6f "	"6"	"9"	"2"	"10"
"16:30:00"	"2021-07-14"	"Lingfield"	"Kodiak Attack (IRE)"	"3.00"	"4.03"	"Handicap"	"1"	"11"	"Murphy, Oisin"	"Kirk, S"	"5f "	"6"	"5"	"3"	"10"
"16:30:00"	"2021-07-14"	"Lingfield"	"Starchant"	"12.00"	"21"	"Handicap"	"3"	"11"	"Egan, David"	"Bridger, J / Cook, R"	"5f "	"6"	"7"	"5"	"7"
"16:30:00"	"2021-07-14"	"Lingfield"	"Firenze Rosa (IRE)"	"8.00"	"12.5"	"Handicap"	"5"	"11"	"Hutchinson, Callum"	"Bridger, J / Cook, R"	"5f "	"6"	"7"	"4"	"7"
"15:55:00"	"2021-07-14"	"Lingfield"	"Captain Jameson (IRE)"	"3.00"	"4.1"	"Handicap"	"2"	"8"	"Levey, S M"	"Quinn, J J"	"6f "	"5"	"9"	"2"	"7"
"13:45:00"	"2021-07-13"	"Beverley"	"Raabeh"	"25.00"	"40"	"Handicap"	"4"	"14"	"Hardie, Cameron"	"Brittain, Antony"	"5f "	"6"	"7"	"3"	"11"
"13:45:00"	"2021-07-13"	"Beverley"	"Sambucca Spirit"	"16.00"	"21"	"Handicap"	"6"	"14"	"Robinson, Ben"	"Midgley, P T"	"5f "	"6"	"10"	"5"	"7"
"13:45:00"	"2021-07-13"	"Beverley"	"Rose Bandit (IRE)"	"3.33"	"4.8"	"Handicap"	"8"	"14"	"Mulrennan, Paul"	"Jardine, I"	"5f "	"6"	"8"	"1"	"8"
"15:05:00"	"2021-07-12"	"Ayr"	"Sandy B"	"100.00"	"440"	"Handicap"	"10"	"10"	"Mathers, Patrick"	"Carr, Mrs R A"	"6f "	"6"	"7"	"10"	"10"
"18:20:00"	"2021-07-10"	"Hamilton"	"Stronsay (IRE)"	"2.00"	"3.31"	"Handicap"	"3"	"6"	"Garritty, Billy"	"Bailey, Liam"	"5f "	"5"	"2"	"8"	"12"
"17:15:00"	"2021-07-10"	"York"	"Mr Wagyu (IRE)"	"20.00"	"26.01"	"Handicap"	"2"	"19"	"Murtagh, Connor"	"Quinn, J J"	"6f "	"4"	"8"	"1"	"7"
"17:15:00"	"2021-07-10"	"York"	"Danzan (IRE)"	"4.00"	"5.38"	"Handicap"	"4"	"19"	"Allan, David"	"Easterby, T D"	"6f "	"4"	"4"	"4"	"8"
"17:15:00"	"2021-07-10"	"York"	"Ventura Express"	"18.00"	"30"	"Handicap"	"6"	"19"	"Mulrennan, Paul"	"Midgley, P T"	"6f "	"4"	"8"	"5"	"7"
"17:15:00"	"2021-07-10"	"York"	"Music Society (IRE)"	"7.50"	"10.23"	"Handicap"	"11"	"19"	"McCain, Miss Ella"	"Easterby, T D"	"6f "	"4"	"5"	"2"	"7"
"14:45:00"	"2021-07-10"	"Navan"	"Drish Hero (IRE)"	"6.50"	"9.1"	"Handicap"	"13"	"17"	"Keane, C T"	"Donovan, D"	"5f "	"0"	"8"	"1"	"12"
"14:45:00"	"2021-07-10"	"Navan"	"Bushtucker Trial (IRE)"	"66.00"	"140"	"Handicap"	"15"	"17"	"Cleary, R P"	"Breen, Leanne"	"5f "	"0"	"8"	"10"	"12"
"14:45:00"	"2021-07-10"	"Navan"	"Hodds Girl (IRE)"	"22.00"	"34.23"	"Handicap"	"17"	"17"	"MacRedmond, Cian"	"Halford, M"	"5f "	"0"	"10"	"8"	"17"
"13:35:00"	"2021-07-10"	"Navan"	"Boston Rocket (IRE)"	"200.00"	"1000"	"Maiden"	"11"	"15"	"Rutledge, Siobhan"	"Barry, D J"	"5.5f "	"0"	"3"	"16"	"17"
"19:45:00"	"2021-07-09"	"Chepstow"	"Inner Circle (IRE)"	"2.00"	"3.37"	"Handicap"	"1"	"14"	"Cherchi, Stefano"	"Loughnane, Daniel Mark"	"7f "	"6"	"10"	"3"	"13"
"19:45:00"	"2021-07-09"	"Chepstow"	"Havana Sunset"	"7.50"	"11"	"Handicap"	"3"	"14"	"Keenan, Darragh"	"Harris, Miss G"	"7f "	"6"	"10"	"6"	"12"
"19:45:00"	"2021-07-09"	"Chepstow"	"Tallys Son"	"66.00"	"100"	"Handicap"	"12"	"14"	"Hutchinson, Callum"	"Harris, Miss G"	"7f "	"6"	"9"	"9"	"11"
"18:15:00"	"2021-07-09"	"Chepstow"	"Bellevarde (IRE)"	"1.38"	"2.58"	"Handicap"	"2"	"10"	"Hutchinson, Callum"	"Price, R J"	"5f "	"6"	"2"	"3"	"7"
"18:15:00"	"2021-07-09"	"Chepstow"	"Kodiak Attack (IRE)"	"16.00"	"21.39"	"Handicap"	"3"	"10"	"Bishop, Charles"	"Kirk, S"	"5f "	"6"	"8"	"6"	"8"
"18:15:00"	"2021-07-09"	"Chepstow"	"Aquadabra (IRE)"	"14.00"	"18.69"	"Handicap"	"8"	"10"	"Cox, William"	"Mason, Christopher"	"5f "	"6"	"9"	"9"	"14"
"17:00:00"	"2021-07-09"	"York"	"Cowboy Soldier (IRE)"	"22.00"	"36.99"	"Handicap"	"11"	"15"	"Rodriguez, Callum"	"Fell, R / Murray, S"	"5f "	"4"	"6"	"10"	"10"
"17:00:00"	"2021-07-09"	"York"	"Dapper Man (IRE)"	"11.00"	"13.74"	"Handicap"	"14"	"15"	"Hart, Jason"	"Fell, R / Murray, S"	"5f "	"4"	"8"	"1"	"7"
"16:45:00"	"2021-07-09"	"Newmarket (July)"	"Saaheq"	"33.00"	"43.56"	"Handicap"	"10"	"14"	"Levey, S M"	"Perrett, Mrs A J"	"5f "	"3"	"6"	"9"	"10"
"16:35:00"	"2021-07-09"	"Ascot"	"Bucephalus (GER)"	"7.00"	"8.62"	"Handicap"	"3"	"12"	"Woods, Sebastian"	"Wall, C F"	"1m "	"4"	"9"	"3"	"8"
"20:50:00"	"2021-07-08"	"Newbury"	"Cherish (FR)"	"1.38"	"2.44"	"Handicap"	"1"	"11"	"Phillips, Mollie"	"Carroll, A W"	"6f "	"5"	"7"	"1"	"8"
"16:45:00"	"2021-07-08"	"Newmarket (July)"	"Power of Darkness"	"9.00"	"14"	"Handicap"	"9"	"14"	"Atzeni, Andrea"	"Tregoning, M P"	"1m "	"3"	"8"	"3"	"7"
"14:40:00"	"2021-07-08"	"Carlisle"	"Obee Jo (IRE)"	"2.25"	"3.54"	"Handicap"	"1"	"12"	"McCain, Miss Ella"	"Easterby, T D"	"6f "	"6"	"5"	"5"	"10"
"14:40:00"	"2021-07-08"	"Carlisle"	"Star Prize (IRE)"	"6.50"	"8"	"Handicap"	"7"	"12"	"Edmunds, Lewis"	"Tinkler, N"	"6f "	"6"	"6"	"5"	"9"
"14:05:00"	"2021-07-08"	"Carlisle"	"Penny Pot Lane"	"9.00"	"12"	"Handicap"	"6"	"7"	"Edmunds, Lewis"	"Whitaker, Simon"	"6f "	"4"	"10"	"3"	"6"
"13:40:00"	"2021-07-08"	"Doncaster"	"Somewhere Secret"	"11.00"	"12"	"Handicap"	"2"	"10"	"McManoman, Faye"	"Mullineaux, M"	"5.5f "	"5"	"7"	"7"	"7"
"13:40:00"	"2021-07-08"	"Doncaster"	"Blazing Hot"	"8.00"	"11.5"	"Handicap"	"7"	"10"	"Allan, David"	"Collins, Paul"	"5.5f "	"5"	"10"	"4"	"9"
"13:30:00"	"2021-07-08"	"Carlisle"	"Singe Anglais (IRE)"	"6.00"	"7.71"	"Handicap"	"1"	"12"	"Scott, Rowan"	"Tinkler, N"	"6f "	"6"	"8"	"5"	"15"
"16:30:00"	"2021-07-07"	"Lingfield"	"Quanah (IRE)"	"3.00"	"4"	"Handicap"	"2"	"7"	"Ryan, Rossa"	"Bailey, Liam"	"5f "	"5"	"9"	"4"	"13"
"16:30:00"	"2021-07-07"	"Lingfield"	"Firenze Rosa (IRE)"	"9.00"	"11.12"	"Handicap"	"4"	"7"	"Hutchinson, Callum"	"Bridger, J / Cook, R"	"5f "	"5"	"6"	"4"	"8"
"16:30:00"	"2021-07-07"	"Lingfield"	"Starchant"	"16.00"	"21.56"	"Handicap"	"5"	"7"	"Rooke, George"	"Bridger, J / Cook, R"	"5f "	"5"	"6"	"7"	"8"
"16:30:00"	"2021-07-07"	"Lingfield"	"Lethal Blast"	"2.00"	"3.23"	"Handicap"	"7"	"7"	"ONeill, K T"	"Bridger, J / Cook, R"	"5f "	"5"	"9"	"2"	"7"
"19:15:00"	"2021-07-05"	"Windsor"	"Thegreatestshowman"	"6.50"	"8.4"	"Handicap"	"3"	"5"	"Cherchi, Stefano"	"Murphy, Amy"	"5f "	"3"	"5"	"9"	"11"
"13:35:00"	"2021-07-05"	"Ayr"	"Oriental Lilly"	"2.00"	"3.1"	"Handicap"	"1"	"10"	"Mulrennan, Paul"	"Goldie, J S"	"6f "	"6"	"7"	"3"	"11"
"13:35:00"	"2021-07-05"	"Ayr"	"Hard Solution"	"3.33"	"4.5"	"Handicap"	"2"	"10"	"Kirrane, Sean"	"OMeara, D"	"6f "	"6"	"1"	"3"	"6"
"13:35:00"	"2021-07-05"	"Ayr"	"Sandy B"	"150.00"	"330.09"	"Handicap"	"10"	"10"	"Sullivan, James P"	"Carr, Mrs R A"	"6f "	"6"	"10"	"12"	"12"
"16:23:00"	"2021-07-04"	"Ayr"	"Tanasoq (IRE)"	"1.25"	"2.33"	"Handicap"	"2"	"6"	"Roberts, Mr B"	"Goldie, J S"	"5f "	"6"	"9"	"1"	"12"
"16:23:00"	"2021-07-04"	"Ayr"	"Hard Solution"	"6.50"	"8.38"	"Handicap"	"3"	"6"	"Ennis, Mr M"	"OMeara, D"	"5f "	"6"	"10"	"2"	"13"
"16:23:00"	"2021-07-04"	"Ayr"	"Lord Of The Glen"	"5.00"	"7.45"	"Handicap"	"4"	"6"	"Waugh, Amie"	"Goldie, J S"	"5f "	"6"	"10"	"4"	"13"
"19:20:00"	"2021-07-03"	"Carlisle"	"Gunnerside (IRE)"	"1.50"	"2.78"	"Handicap"	"1"	"7"	"James, S H"	"Tuer, Grant"	"5f "	"5"	"2"	"5"	"7"
"18:20:00"	"2021-07-03"	"Carlisle"	"Zamjar"	"12.00"	"14.07"	"Handicap"	"4"	"8"	"Kirrane, Sean"	"Morris, Patrick"	"6f "	"5"	"8"	"10"	"12"
"18:20:00"	"2021-07-03"	"Carlisle"	"Ustath"	"2.00"	"3.47"	"Handicap"	"6"	"8"	"Wheatley, Zak"	"Fell, R / Murray, S"	"6f "	"5"	"8"	"5"	"13"
"15:55:00"	"2021-07-03"	"Leicester"	"Company Minx (IRE)"	"5.50"	"8.6"	"Handicap"	"8"	"9"	"Shepherd, Callum"	"Jenkins, J R"	"6f "	"5"	"6"	"6"	"9"
"15:27:00"	"2021-07-03"	"Beverley"	"Dark Shot"	"3.33"	"4.94"	"Handicap"	"2"	"10"	"Buckell, Georgean"	"Dixon, Scott"	"5f "	"4"	"7"	"5"	"10"
"15:27:00"	"2021-07-03"	"Beverley"	"East Street Revue"	"2.50"	"3.58"	"Handicap"	"4"	"10"	"Edmunds, Lewis"	"Easterby, T D"	"5f "	"4"	"8"	"5"	"12"
"15:27:00"	"2021-07-03"	"Beverley"	"Koropick (IRE)"	"28.00"	"48"	"Handicap"	"9"	"10"	"Steward, Louis"	"Teague, C J"	"5f "	"4"	"8"	"8"	"12"
"15:20:00"	"2021-07-03"	"Leicester"	"Herculean"	"80.00"	"357.23"	"Handicap"	"8"	"8"	"Gordon, Josephine"	"Shaw, D"	"7f "	"3"	"7"	"11"	"11"
"14:30:00"	"2021-07-03"	"Naas"	"Misterio (IRE)"	"4.00"	"5.59"	"Handicap"	"2"	"7"	"Powell, J A"	"Murtagh, J P"	"6f "	"0"	"10"	"1"	"19"
"14:30:00"	"2021-07-03"	"Naas"	"Mrs Bouquet"	"2.75"	"3.95"	"Handicap"	"3"	"7"	"Whelan, R P"	"Davison, Jack W"	"6f "	"0"	"6"	"6"	"17"
"14:30:00"	"2021-07-03"	"Naas"	"Deidra (IRE)"	"4.00"	"5.3"	"Handicap"	"5"	"7"	"Keane, C T"	"Weld, D K"	"6f "	"0"	"7"	"4"	"15"
"14:30:00"	"2021-07-03"	"Naas"	"Goodnight Girl (IRE)"	"4.00"	"5.96"	"Handicap"	"6"	"7"	"Hayes, C D"	"Lynam, S"	"6f "	"0"	"6"	"2"	"17"
"13:55:00"	"2021-07-03"	"Naas"	"More Than A Prince"	"20.00"	"34"	"Handicap"	"9"	"14"	"Ewing, Sam"	"Meade, Noel"	"6f "	"0"	"10"	"8"	"9"
"13:55:00"	"2021-07-03"	"Naas"	"Glow Worm (IRE)"	"6.50"	"9.8"	"Handicap"	"11"	"14"	"McCullagh, Scott"	"Davison, Jack W"	"6f "	"0"	"3"	"7"	"17"
"13:55:00"	"2021-07-03"	"Naas"	"Hija De La Luna (IRE)"	"6.50"	"7.28"	"Handicap"	"13"	"14"	"Persse, A C"	"Flynn, Patrick J"	"6f "	"0"	"10"	"4"	"19"
"13:55:00"	"2021-07-03"	"Naas"	"Nice Child Two (IRE)"	"150.00"	"430.68"	"Handicap"	"14"	"14"	"MacRedmond, Cian"	"McCreery, Peter"	"6f "	"0"	"10"	"19"	"19"
"13:15:00"	"2021-07-03"	"Sandown"	"Lihou"	"5.00"	"6.8"	"Handicap"	"3"	"10"	"Jamin, Pierre-Louis"	"Evans, P D"	"5f "	"3"	"7"	"3"	"8"
"13:15:00"	"2021-07-03"	"Sandown"	"Spoof"	"3.00"	"4.4"	"Handicap"	"7"	"10"	"Doyle, James"	"Hills, Charles"	"5f "	"3"	"7"	"1"	"10"
"13:15:00"	"2021-07-03"	"Sandown"	"Bossipop"	"7.50"	"10"	"Handicap"	"10"	"10"	"Hornby, Rob"	"Easterby, T D"	"5f "	"3"	"7"	"4"	"8"
"19:00:00"	"2021-07-02"	"Bellewstown"	"No Speed Limit (FR)"	"7.00"	"10"	"Handicap"	"2"	"12"	"Sheridan, J M"	"McKenna, P J"	"5f "	"0"	"2"	"11"	"17"
"19:00:00"	"2021-07-02"	"Bellewstown"	"Teddy Boy (IRE)"	"3.50"	"5.36"	"Handicap"	"4"	"12"	"McMonagle, Dylan B"	"Lynam, Edward"	"5f "	"0"	"9"	"5"	"17"
"19:00:00"	"2021-07-02"	"Bellewstown"	"Pillar"	"12.00"	"21.46"	"Handicap"	"9"	"12"	"Whelan, R P"	"McGuinness, Adrian"	"5f "	"0"	"9"	"11"	"19"
"18:38:00"	"2021-07-02"	"Haydock"	"Strongbowe (FR)"	"2.25"	"3.62"	"Handicap"	"4"	"7"	"Allan, David"	"Easterby, T D"	"6f "	"4"	"8"	"2"	"7"
"18:30:00"	"2021-07-02"	"Bellewstown"	"Realtin Fantasy (IRE)"	"4.50"	"5.53"	"Maiden"	"3"	"9"	"Slattery, A J"	"Browne, W P"	"5f "	"0"	"2"	"5"	"17"
"15:20:00"	"2021-07-02"	"Doncaster"	"Mid Winster"	"3.00"	"4.06"	"Handicap"	"1"	"8"	"Robinson, Ben"	"Midgley, P T"	"5f "	"4"	"10"	"3"	"10"
"18:30:00"	"2021-07-01"	"Bellewstown"	"Jungle Jane (IRE)"	"1.63"	"2.9"	"Handicap"	"2"	"10"	"Lee, W J"	"McCreery, W"	"5f "	"0"	"4"	"3"	"17"
"17:53:00"	"2021-07-01"	"Newbury"	"Cherish (FR)"	"1.50"	"2.78"	"Handicap"	"1"	"8"	"Phillips, Mollie"	"Carroll, A W"	"5f "	"5"	"8"	"1"	"10"
"17:53:00"	"2021-07-01"	"Newbury"	"Coronation Cottage"	"6.50"	"8.6"	"Handicap"	"3"	"8"	"Stammers, Oliver"	"Saunders, M S"	"5f "	"5"	"8"	"7"	"10"
"17:53:00"	"2021-07-01"	"Newbury"	"Firenze Rosa (IRE)"	"20.00"	"24.55"	"Handicap"	"4"	"8"	"Hutchinson, Callum"	"Bridger, J / Cook, R"	"5f "	"5"	"8"	"8"	"9"
"17:10:00"	"2021-07-01"	"Yarmouth"	"Sceptred Isle"	"4.50"	"6.57"	"Handicap"	"4"	"9"	"Pearson, Laura"	"Candy, H"	"7f "	"6"	"7"	"9"	"11"
"16:40:00"	"2021-07-01"	"Yarmouth"	"Rectory Road"	"2.75"	"4.11"	"Handicap"	"1"	"9"	"ONeill, K T"	"Haynes, Alice"	"7f "	"6"	"7"	"4"	"9"
"16:40:00"	"2021-07-01"	"Yarmouth"	"Shyjack"	"16.00"	"19.77"	"Handicap"	"2"	"9"	"Howarth, Christian"	"Dunnett, Mrs C A"	"7f "	"6"	"6"	"8"	"13"
"14:55:00"	"2021-07-01"	"Yarmouth"	"Faregaan"	"40.00"	"93.98"	"Handicap"	"6"	"12"	"ONeill, K T"	"Dunnett, Mrs C A"	"5f "	"6"	"6"	"7"	"9"
"17:45:00"	"2021-06-30"	"Tipperary"	"Glow Worm (IRE)"	"6.00"	"8.06"	"Handicap"	"7"	"17"	"Woods, Sorcha"	"Davison, Jack W"	"5f "	"0"	"7"	"10"	"17"
"16:35:00"	"2021-06-30"	"Musselburgh"	"Sound Of Iona"	"9.00"	"13.08"	"Handicap"	"2"	"7"	"Mason, Joanna"	"Goldie, J S"	"5f "	"4"	"8"	"5"	"8"
"16:35:00"	"2021-06-30"	"Musselburgh"	"Never Dark"	"1.75"	"2.94"	"Handicap"	"3"	"7"	"Mullen, Andrew"	"Jardine, I"	"5f "	"4"	"8"	"3"	"8"
"16:30:00"	"2021-06-30"	"Thirsk"	"Singe Anglais (IRE)"	"3.50"	"6.4"	"Handicap"	"5"	"15"	"McManoman, Faye"	"Tinkler, N"	"6f "	"6"	"8"	"3"	"11"
"18:50:00"	"2021-06-29"	"Chepstow"	"Peachey Carnehan"	"6.00"	"8.59"	"Handicap"	"3"	"17"	"McManoman, Faye"	"Mullineaux, M"	"6f "	"6"	"8"	"7"	"11"
"18:50:00"	"2021-06-29"	"Chepstow"	"Pastfact"	"14.00"	"17.38"	"Handicap"	"4"	"17"	"Keniry, L P"	"Saunders, M S"	"6f "	"6"	"8"	"6"	"11"
"18:50:00"	"2021-06-29"	"Chepstow"	"Diamond Cottage"	"6.00"	"8.06"	"Handicap"	"6"	"17"	"Egan, John"	"Saunders, M S"	"6f "	"6"	"8"	"2"	"12"
"18:50:00"	"2021-06-29"	"Chepstow"	"Our Man In Havana"	"8.00"	"9.92"	"Handicap"	"8"	"17"	"Phillips, Mollie"	"Carroll, A W"	"6f "	"6"	"8"	"1"	"7"
"16:15:00"	"2021-06-28"	"Lingfield"	"Rubee Forty"	"33.00"	"46"	"Handicap"	"6"	"10"	"Heard, Tyler"	"Bridger, J / Cook, R"	"7f "	"6"	"9"	"4"	"9"
"19:15:00"	"2021-06-26"	"Doncaster"	"Giogiobbo"	"2.50"	"3.94"	"Handicap"	"1"	"10"	"ONeill, K T"	"Dixon, Scott"	"6f "	"4"	"1"	"1"	"13"
"17:15:00"	"2021-06-26"	"Doncaster"	"Herculean"	"100.00"	"191.74"	"Handicap"	"11"	"11"	"Mason, Joanna"	"Shaw, D"	"7f "	"4"	"10"	"11"	"11"
"17:15:00"	"2021-06-25"	"Newmarket (July)"	"Motawaafeq (FR)"	"3.00"	"4.49"	"Handicap"	"9"	"12"	"Larson, Frederick"	"Appleby, M"	"1m "	"5"	"7"	"1"	"8"
"17:15:00"	"2021-06-25"	"Newmarket (July)"	"Exmoor Beast"	"150.00"	"306.96"	"Handicap"	"12"	"12"	"Kelly, Shane"	"Allan, Miss Louise"	"1m "	"5"	"10"	"PU"	"10"
"16:20:00"	"2021-06-25"	"Yarmouth"	"Marly (FR)"	"14.00"	"22.82"	"Handicap"	"4"	"8"	"Pearson, Laura"	"Ryan, J"	"7f "	"3"	"8"	"5"	"6"
"15:45:00"	"2021-06-25"	"Yarmouth"	"Cazeva Princess"	"33.00"	"67.26"	"Non-Handicap"	"1"	"13"	"Morris, Luke"	"Appleby, M"	"6f "	"6"	"8"	"8"	"14"
"15:45:00"	"2021-06-25"	"Yarmouth"	"Eastern Star (IRE)"	"1.63"	"2.94"	"Non-Handicap"	"4"	"13"	"Phillips, Mollie"	"Carroll, A W"	"6f "	"6"	"3"	"2"	"10"
"15:45:00"	"2021-06-25"	"Yarmouth"	"Robert Frost (USA)"	"25.00"	"29"	"Non-Handicap"	"10"	"13"	"Burns, Harry"	"Kent, T J"	"6f "	"6"	"6"	"8"	"9"
"15:45:00"	"2021-06-25"	"Yarmouth"	"Effronte"	"100.00"	"372.07"	"Non-Handicap"	"13"	"13"	"Watson, Jason"	"Butler, John"	"6f "	"6"	"9"	"14"	"14"
"15:10:00"	"2021-06-25"	"Yarmouth"	"Theydon Spirit"	"25.00"	"40"	"Non-Handicap"	"5"	"12"	"Hogan, D E"	"Charalambous, P"	"6f "	"6"	"9"	"13"	"14"
"15:10:00"	"2021-06-25"	"Yarmouth"	"Jazz Music"	"50.00"	"85"	"Non-Handicap"	"11"	"12"	"Queally, T P"	"Shaw, D"	"6f "	"6"	"9"	"10"	"14"
"14:15:00"	"2021-06-25"	"Doncaster"	"Mutanaaseq (IRE)"	"5.50"	"6.36"	"Handicap"	"3"	"13"	"Gormley, Jamie"	"Carr, Mrs R A"	"6f "	"5"	"10"	"2"	"10"
"14:15:00"	"2021-06-25"	"Doncaster"	"Ustath"	"8.00"	"10.5"	"Handicap"	"5"	"13"	"Hart, Jason"	"Fell, R / Murray, S"	"6f "	"5"	"8"	"2"	"14"
"13:00:00"	"2021-06-25"	"Yarmouth"	"Hyba"	"20.00"	"32"	"Handicap"	"4"	"9"	"Morris, Luke"	"Cowell, R M H"	"5f "	"5"	"8"	"6"	"9"
"13:00:00"	"2021-06-25"	"Yarmouth"	"Faregaan"	"66.00"	"136.95"	"Handicap"	"7"	"9"	"ONeill, K T"	"Dunnett, Mrs C A"	"5f "	"5"	"8"	"4"	"9"
"21:00:00"	"2021-06-24"	"Hamilton"	"Stronsay (IRE)"	"2.75"	"3.98"	"Handicap"	"2"	"14"	"Tudhope, Daniel"	"Bailey, Liam"	"6f "	"6"	"8"	"1"	"5"
"21:00:00"	"2021-06-24"	"Hamilton"	"Gleaming Arch"	"50.00"	"75"	"Handicap"	"8"	"14"	"Mullen, Andrew"	"Watson, F"	"6f "	"6"	"10"	"9"	"11"
"19:45:00"	"2021-06-24"	"Leicester"	"Rectory Road"	"6.00"	"7.8"	"Handicap"	"4"	"9"	"Hogan, D E"	"Haynes, Alice"	"7f "	"5"	"10"	"4"	"11"
"19:00:00"	"2021-06-24"	"Hamilton"	"Hard Solution"	"2.25"	"3.59"	"Handicap Seller"	"2"	"13"	"Tudhope, Daniel"	"OMeara, D"	"5f "	"6"	"7"	"4"	"14"
"19:00:00"	"2021-06-24"	"Hamilton"	"Suwaan (IRE)"	"8.00"	"10.5"	"Handicap Seller"	"7"	"13"	"Sullivan, James P"	"Carr, Mrs R A"	"5f "	"6"	"9"	"7"	"12"
"19:00:00"	"2021-06-24"	"Hamilton"	"Grandads Best Girl"	"10.00"	"12.4"	"Handicap Seller"	"10"	"13"	"Wheatley, Zak"	"Perratt, Miss L A"	"5f "	"6"	"2"	"5"	"9"
"19:00:00"	"2021-06-24"	"Hamilton"	"Hello Girl"	"20.00"	"28.39"	"Handicap Seller"	"11"	"13"	"Scott, Rowan"	"Tinkler, N"	"5f "	"6"	"8"	"7"	"14"
"17:20:00"	"2021-06-24"	"Newmarket (July)"	"Nibras Again"	"5.00"	"6.6"	"Handicap"	"2"	"6"	"Murphy, Oisin"	"Midgley, P T"	"5f "	"4"	"10"	"2"	"9"
"15:55:00"	"2021-06-24"	"Nottingham"	"Boudica Bay (IRE)"	"3.33"	"4.4"	"Handicap"	"1"	"10"	"Heard, Tyler"	"Alston, E J"	"5f "	"6"	"9"	"3"	"12"
"13:35:00"	"2021-06-24"	"Nottingham"	"Strongbowe (FR)"	"1.10"	"2.24"	"Handicap"	"2"	"7"	"Allan, David"	"Easterby, T D"	"6f "	"4"	"9"	"1"	"10"
"18:00:00"	"2021-06-23"	"Naas"	"Pillar"	"50.00"	"90"	"Handicap"	"11"	"19"	"MacRedmond, Cian"	"McGuinness, Adrian"	"6f "	"0"	"8"	"6"	"9"
"18:00:00"	"2021-06-23"	"Naas"	"Fit For Function"	"8.50"	"14.86"	"Handicap"	"12"	"19"	"Carroll, G F"	"Murphy, Joseph G"	"6f "	"0"	"8"	"2"	"9"
"17:30:00"	"2021-06-23"	"Naas"	"Musalsal (IRE)"	"4.50"	"6.8"	"Handicap"	"4"	"17"	"McCullagh, Scott"	"OBrien, Richard John"	"6f "	"0"	"6"	"1"	"15"
"17:30:00"	"2021-06-23"	"Naas"	"Cactus Tree (IRE)"	"14.00"	"17.5"	"Handicap"	"9"	"17"	"Cullen, Annalise"	"Grassick, M C"	"6f "	"0"	"8"	"5"	"9"
"17:30:00"	"2021-06-23"	"Naas"	"Al Shomookh (IRE)"	"66.00"	"130"	"Handicap"	"15"	"17"	"Ewing, Sam"	"Farrell, W T"	"6f "	"0"	"6"	"12"	"15"
"20:05:00"	"2021-06-22"	"Newbury"	"Sweet Pursuit"	"5.50"	"6.67"	"Handicap"	"4"	"10"	"Hornby, Rob"	"Millman, B R"	"6f "	"5"	"8"	"1"	"14"
"15:10:00"	"2021-06-22"	"Ayr"	"Soul Seeker (IRE)"	"2.50"	"3.71"	"Handicap"	"2"	"8"	"Tudhope, Daniel"	"OMeara, D"	"5f "	"4"	"10"	"6"	"19"
"15:10:00"	"2021-06-22"	"Ayr"	"Eeh Bah Gum (IRE)"	"2.75"	"4.2"	"Handicap"	"6"	"8"	"Allan, David"	"Easterby, T D"	"5f "	"4"	"8"	"3"	"9"
"17:30:00"	"2021-06-21"	"Chepstow"	"Glamorous Force"	"1.75"	"2.96"	"Handicap"	"2"	"7"	"Whelan, Trevor"	"Harris, R A"	"5f "	"6"	"7"	"4"	"14"
"17:30:00"	"2021-06-21"	"Chepstow"	"Aquadabra (IRE)"	"4.50"	"6.65"	"Handicap"	"4"	"7"	"Morris, Luke"	"Mason, Christopher"	"5f "	"6"	"10"	"2"	"6"
"17:00:00"	"2021-06-21"	"Chepstow"	"Swissal (IRE)"	"18.00"	"26"	"Handicap"	"2"	"11"	"Mckee, Ciaran"	"Oshea, J G M"	"6f "	"6"	"10"	"5"	"8"
"17:00:00"	"2021-06-21"	"Chepstow"	"Im Watching You"	"7.50"	"11.79"	"Handicap"	"3"	"11"	"Whelan, Trevor"	"Harris, R A"	"6f "	"6"	"10"	"3"	"8"
"17:00:00"	"2021-06-21"	"Chepstow"	"Pastfact"	"6.00"	"7.17"	"Handicap"	"6"	"11"	"Egan, John"	"Saunders, M S"	"6f "	"6"	"10"	"6"	"8"
"16:30:00"	"2021-06-21"	"Chepstow"	"Diamond Cottage"	"3.33"	"4.89"	"Handicap"	"2"	"12"	"Egan, John"	"Saunders, M S"	"6f "	"6"	"10"	"4"	"8"
"18:35:00"	"2021-06-19"	"Haydock"	"Fox Hill"	"3.50"	"5.4"	"Handicap"	"2"	"6"	"Breslin, Andrew"	"Alston, E J"	"5f "	"4"	"9"	"3"	"7"
"18:35:00"	"2021-06-19"	"Haydock"	"Second Collection"	"1.75"	"2.86"	"Handicap"	"6"	"6"	"Hornby, Rob"	"Carroll, A W"	"5f "	"4"	"7"	"5"	"14"
"16:30:00"	"2021-06-19"	"Newmarket (July)"	"Typhoon Ten (IRE)"	"10.00"	"14.13"	"Handicap"	"2"	"10"	"Catton, Luke"	"Hannon (Jnr), Richard"	"6f "	"4"	"9"	"2"	"7"
"15:00:00"	"2021-06-19"	"Redcar"	"Young Fire (FR)"	"3.50"	"5"	"Handicap"	"3"	"5"	"Hart, Jason"	"OMeara, D"	"7f "	"3"	"9"	"3"	"6"
"15:00:00"	"2021-06-19"	"Redcar"	"Northernpowerhouse"	"3.50"	"4.58"	"Handicap"	"4"	"5"	"Lee, G"	"Smart, B"	"7f "	"3"	"8"	"11"	"16"
"13:45:00"	"2021-06-19"	"Down Royal"	"Chocquinto (IRE)"	"6.50"	"9.78"	"Handicap"	"1"	"10"	"Ewing, Sam"	"McLoughlin, Hilary"	"5f "	"0"	"10"	"5"	"10"
"17:20:00"	"2021-06-18"	"Newmarket (July)"	"Asdaa (IRE)"	"6.00"	"7.8"	"Handicap"	"4"	"8"	"Breslin, Andrew"	"Johnston, M"	"1m "	"5"	"9"	"3"	"14"
"17:20:00"	"2021-06-18"	"Newmarket (July)"	"Elegant Erin (IRE)"	"8.00"	"9.15"	"Handicap"	"5"	"8"	"Begley, Mrs K F"	"Hannon (Jnr), Richard"	"1m "	"5"	"10"	"3"	"7"
"17:20:00"	"2021-06-18"	"Newmarket (July)"	"Vasco Da Gama (FR)"	"3.50"	"5.41"	"Handicap"	"8"	"8"	"Burns, Harry"	"Kelleway, Miss Gay"	"1m "	"5"	"4"	"3"	"9"
"16:55:00"	"2021-06-18"	"Redcar"	"Hail Sezer"	"7.00"	"9.73"	"Handicap Maiden"	"3"	"7"	"James, S H"	"Harker, G A"	"5f "	"5"	"8"	"8"	"9"
"14:40:00"	"2021-06-18"	"Redcar"	"Six Strings"	"3.00"	"4.6"	"Handicap"	"2"	"7"	"James, S H"	"Tuer, Grant"	"1m "	"3"	"4"	"5"	"9"
"15:25:00"	"2021-06-17"	"Ripon"	"Hard Solution"	"5.00"	"7.2"	"Handicap"	"4"	"14"	"Kirrane, Sean"	"OMeara, D"	"6f "	"6"	"8"	"1"	"14"
"21:00:00"	"2021-06-16"	"Ripon"	"Cool Spirit"	"4.50"	"5.78"	"Handicap"	"4"	"14"	"Shaw, Harrison"	"Griffiths, D C"	"5f "	"6"	"4"	"4"	"7"
"21:00:00"	"2021-06-16"	"Ripon"	"Arnold"	"1.88"	"2.93"	"Handicap"	"5"	"14"	"Mulrennan, Paul"	"Duffield, Mrs A"	"5f "	"6"	"9"	"2"	"9"
"14:40:00"	"2021-06-16"	"Hamilton"	"Stronsay (IRE)"	"1.50"	"2.76"	"Handicap"	"1"	"5"	"Curtis, B A"	"Bailey, Liam"	"6f "	"5"	"7"	"2"	"14"
"17:10:00"	"2021-06-15"	"Thirsk"	"Pavers Pride"	"10.00"	"14"	"Handicap"	"6"	"12"	"Garritty, Jack"	"Midgley, P T"	"5f "	"6"	"7"	"4"	"5"
"19:30:00"	"2021-06-14"	"Windsor"	"Tinto"	"4.00"	"4.98"	"Handicap"	"2"	"7"	"Ghiani, Marco"	"Perrett, Mrs A J"	"6f "	"3"	"9"	"7"	"9"
"19:30:00"	"2021-06-14"	"Windsor"	"A Sure Welcome"	"2.50"	"3.9"	"Handicap"	"3"	"7"	"Tate, Ryan"	"Spearing, J L"	"6f "	"3"	"7"	"1"	"8"
"19:30:00"	"2021-06-14"	"Windsor"	"Han Solo Berger (IRE)"	"9.00"	"13.58"	"Handicap"	"7"	"7"	"Mitchell, Jack"	"Wall, C F"	"6f "	"3"	"9"	"15"	"16"
"18:50:00"	"2021-06-14"	"Nottingham"	"Saluti (IRE)"	"3.00"	"4.04"	"Handicap"	"1"	"9"	"Robinson, Ben"	"Midgley, P T"	"5f "	"5"	"7"	"7"	"9"
"18:50:00"	"2021-06-14"	"Nottingham"	"Nibras Again"	"8.50"	"13.06"	"Handicap"	"2"	"9"	"Garritty, Jack"	"Midgley, P T"	"5f "	"5"	"4"	"7"	"7"
"18:50:00"	"2021-06-14"	"Nottingham"	"Eeh Bah Gum (IRE)"	"2.50"	"3.85"	"Handicap"	"3"	"9"	"Allan, David"	"Easterby, T D"	"5f "	"5"	"9"	"4"	"6"
"18:30:00"	"2021-06-14"	"Windsor"	"Sweet Pursuit"	"6.00"	"8.2"	"Handicap"	"1"	"14"	"Hornby, Rob"	"Millman, B R"	"6f "	"6"	"5"	"5"	"5"
"18:30:00"	"2021-06-14"	"Windsor"	"Clashaniska (IRE)"	"3.00"	"4.9"	"Handicap"	"2"	"14"	"Mitchell, Jack"	"West, Adam"	"6f "	"6"	"7"	"2"	"6"
"18:30:00"	"2021-06-14"	"Windsor"	"Glamorous Force"	"6.00"	"9.4"	"Handicap"	"4"	"14"	"Watson, Jason"	"Harris, R A"	"6f "	"6"	"9"	"6"	"13"
"18:30:00"	"2021-06-14"	"Windsor"	"Amberine"	"5.50"	"7.2"	"Handicap"	"8"	"14"	"Hutchinson, Callum"	"Saunders, M S"	"6f "	"6"	"10"	"4"	"12"
"18:30:00"	"2021-06-14"	"Windsor"	"Mykindofsunshine (IRE)"	"25.00"	"39.28"	"Handicap"	"13"	"14"	"Bryan, Joshua"	"Pattinson, Mark"	"6f "	"6"	"7"	"5"	"6"
"14:30:00"	"2021-06-14"	"Carlisle"	"Shackabooah"	"2.00"	"3.48"	"Handicap"	"3"	"11"	"McDonald, P J"	"Dixon, Scott"	"6f "	"6"	"7"	"2"	"12"
"15:15:00"	"2021-06-13"	"Doncaster"	"Ginger Jam"	"4.50"	"6.2"	"Handicap"	"5"	"5"	"McManoman, Faye"	"Tinkler, N"	"5f "	"3"	"9"	"1"	"7"
"13:45:00"	"2021-06-13"	"Doncaster"	"Athollblair Boy (IRE)"	"12.00"	"18"	"Handicap"	"2"	"11"	"McManoman, Faye"	"Tinkler, N"	"7f "	"5"	"9"	"7"	"12"
"13:45:00"	"2021-06-13"	"Doncaster"	"End Zone"	"4.00"	"6.8"	"Handicap"	"7"	"11"	"Hart, Jason"	"Fell, R / Murray, S"	"7f "	"5"	"10"	"7"	"15"
"20:45:00"	"2021-06-12"	"Leicester"	"Under Curfew"	"2.75"	"4"	"Handicap"	"1"	"7"	"Phillips, Mollie"	"Carroll, A W"	"5f "	"6"	"8"	"1"	"11"
"20:45:00"	"2021-06-12"	"Leicester"	"Atyaaf"	"3.50"	"5.02"	"Handicap"	"2"	"7"	"ONeill, K T"	"Furtado, Ivan"	"5f "	"6"	"8"	"1"	"12"
"20:45:00"	"2021-06-12"	"Leicester"	"Indian Pursuit (IRE)"	"18.00"	"27"	"Handicap"	"5"	"7"	"Curtis, B A"	"Quinn, J J"	"5f "	"6"	"10"	"7"	"8"
"20:45:00"	"2021-06-12"	"Leicester"	"Davids Beauty (IRE)"	"16.00"	"20.2"	"Handicap"	"7"	"7"	"Tart, Robert"	"Mullineaux, M"	"5f "	"6"	"7"	"8"	"9"
"17:25:00"	"2021-06-12"	"York"	"Mr Wagyu (IRE)"	"6.50"	"9.4"	"Handicap"	"1"	"19"	"Hart, Jason"	"Quinn, J J"	"6f "	"4"	"5"	"1"	"12"
"17:25:00"	"2021-06-12"	"York"	"Coase"	"16.00"	"26.23"	"Handicap"	"8"	"19"	"Tudhope, Daniel"	"OMeara, D"	"6f "	"4"	"10"	"6"	"9"
"17:25:00"	"2021-06-12"	"York"	"Victory Angel (IRE)"	"28.00"	"46"	"Handicap"	"10"	"19"	"James, S H"	"Bastiman, Harvey"	"6f "	"4"	"7"	"1"	"6"
"17:25:00"	"2021-06-12"	"York"	"I Am A Dreamer"	"11.00"	"14.5"	"Handicap"	"18"	"19"	"McDonald, P J"	"Midgley, P T"	"6f "	"4"	"10"	"2"	"9"
"13:35:00"	"2021-06-12"	"Sandown"	"Saaheq"	"4.50"	"6.62"	"Handicap"	"1"	"12"	"Ghiani, Marco"	"Perrett, Mrs A J"	"5f "	"4"	"7"	"8"	"16"
"13:35:00"	"2021-06-12"	"Sandown"	"Secretfact"	"33.00"	"48"	"Handicap"	"7"	"12"	"Keniry, L P"	"Saunders, M S"	"5f "	"4"	"8"	"2"	"7"
"13:35:00"	"2021-06-12"	"Sandown"	"Shecandoo"	"3.33"	"5.2"	"Handicap"	"8"	"12"	"Rooke, George"	"Allen, C N"	"5f "	"4"	"5"	"2"	"9"
"13:35:00"	"2021-06-12"	"Sandown"	"Praxeology (IRE)"	"5.00"	"7.42"	"Handicap"	"9"	"12"	"Noble, Cameron"	"Loughnane, David"	"5f "	"4"	"8"	"3"	"8"
"15:45:00"	"2021-06-11"	"Chepstow"	"Aquadabra (IRE)"	"4.00"	"5.5"	"Handicap"	"2"	"6"	"Hansen, Thore"	"Mason, Christopher"	"5f "	"6"	"6"	"3"	"13"
"15:45:00"	"2021-06-11"	"Chepstow"	"Oh So Nice"	"5.00"	"6.6"	"Handicap"	"3"	"6"	"Phillips, Mollie"	"Carroll, A W"	"5f "	"6"	"6"	"8"	"13"
"15:10:00"	"2021-06-11"	"Chepstow"	"Gilt Edge"	"2.50"	"3.32"	"Handicap"	"1"	"8"	"Cox, William"	"Mason, Christopher"	"6f "	"5"	"10"	"1"	"12"
"15:10:00"	"2021-06-11"	"Chepstow"	"Diamond Cottage"	"10.00"	"15.5"	"Handicap"	"4"	"8"	"Hutchinson, Callum"	"Saunders, M S"	"6f "	"5"	"10"	"4"	"12"
"15:10:00"	"2021-06-11"	"Chepstow"	"Pastfact"	"7.00"	"9.6"	"Handicap"	"6"	"8"	"Keniry, L P"	"Saunders, M S"	"6f "	"5"	"10"	"3"	"12"
"14:00:00"	"2021-06-11"	"Chepstow"	"Gambon (GER)"	"0.91"	"1.98"	"Handicap"	"1"	"5"	"Probert, David"	"Houghton, Eve Johnson"	"7f "	"5"	"6"	"4"	"7"
"14:00:00"	"2021-06-11"	"Chepstow"	"King Of Tonga (IRE)"	"2.50"	"4"	"Handicap"	"2"	"5"	"Marquand, Tom"	"OMeara, D"	"7f "	"5"	"6"	"3"	"10"
"13:25:00"	"2021-06-11"	"Chepstow"	"Havana Sunset"	"40.00"	"50"	"Handicap"	"3"	"12"	"Whelan, Trevor"	"Harris, Miss G"	"1m "	"6"	"7"	"11"	"13"
"13:25:00"	"2021-06-11"	"Chepstow"	"Order Of St John"	"5.00"	"7.12"	"Handicap"	"6"	"12"	"Jary, Alex"	"Jeffreys, D J"	"1m "	"6"	"9"	"1"	"11"
"13:25:00"	"2021-06-11"	"Chepstow"	"Zulu Girl"	"2.25"	"3.57"	"Handicap"	"8"	"12"	"Currie, Nicola"	"Kubler, Daniel"	"1m "	"6"	"10"	"1"	"9"
"13:25:00"	"2021-06-11"	"Chepstow"	"Dancing Jo"	"8.50"	"11.75"	"Handicap"	"11"	"12"	"Sousa, Silvestre De"	"Channon, M R"	"1m "	"6"	"9"	"4"	"11"
"18:30:00"	"2021-06-10"	"Haydock"	"Ventura Express"	"0.83"	"1.85"	"Handicap"	"2"	"7"	"Stott, Kevin"	"Midgley, P T"	"5f "	"4"	"3"	"1"	"9"
"18:30:00"	"2021-06-10"	"Haydock"	"Fox Hill"	"6.00"	"9.03"	"Handicap"	"3"	"7"	"Osborne, Saffie"	"Alston, E J"	"5f "	"4"	"9"	"1"	"7"
"18:30:00"	"2021-06-10"	"Haydock"	"Marks Choice (IRE)"	"6.50"	"8"	"Handicap"	"5"	"7"	"Garritty, Jack"	"England, Sam"	"5f "	"4"	"8"	"4"	"9"
"17:30:00"	"2021-06-10"	"Yarmouth"	"Queen Of Burgundy"	"14.00"	"16.36"	"Handicap"	"5"	"7"	"Walsh, E J"	"Dunnett, Mrs C A"	"7f "	"6"	"9"	"12"	"12"
"14:45:00"	"2021-06-10"	"Nottingham"	"Muscika"	"4.00"	"5.61"	"Handicap"	"5"	"7"	"Hardie, Cameron"	"OMeara, D"	"6f "	"3"	"5"	"2"	"9"
"20:45:00"	"2021-06-09"	"Hamilton"	"Thrilla In Manila"	"1.63"	"2.76"	"Handicap"	"1"	"9"	"Robinson, Ben"	"Midgley, P T"	"5f "	"6"	"7"	"2"	"8"
"20:45:00"	"2021-06-09"	"Hamilton"	"Rose Bandit (IRE)"	"8.50"	"13.66"	"Handicap"	"3"	"9"	"Gormley, Jamie"	"Jardine, I"	"5f "	"6"	"7"	"8"	"8"
"20:15:00"	"2021-06-09"	"Hamilton"	"Call Me Ginger"	"2.25"	"3.57"	"Handicap"	"2"	"5"	"Mulrennan, Paul"	"Goldie, J S"	"6f "	"4"	"6"	"9"	"9"
"17:45:00"	"2021-06-09"	"Hamilton"	"Hard Solution"	"7.50"	"11"	"Handicap"	"1"	"14"	"Ennis, Mr M"	"OMeara, D"	"6f "	"6"	"8"	"1"	"17"
"17:45:00"	"2021-06-09"	"Hamilton"	"Stronsay (IRE)"	"2.75"	"4.17"	"Handicap"	"2"	"14"	"Brookes, Miss Megan"	"Bailey, Liam"	"6f "	"6"	"5"	"6"	"14"
"17:45:00"	"2021-06-09"	"Hamilton"	"Niagara (IRE)"	"5.50"	"7.38"	"Handicap"	"4"	"14"	"Smith, Sophie"	"Alston, E J"	"6f "	"6"	"8"	"5"	"17"
"17:45:00"	"2021-06-09"	"Hamilton"	"Kilconquhar"	"3.00"	"5.82"	"Handicap"	"5"	"14"	"Wood, Connor"	"Whillans, A C"	"6f "	"6"	"6"	"3"	"8"
"17:45:00"	"2021-06-09"	"Hamilton"	"War of Clans (IRE)"	"7.00"	"9.2"	"Handicap"	"6"	"14"	"Collier, Miss A"	"Tutty, Mrs K J"	"6f "	"6"	"8"	"6"	"17"
"17:45:00"	"2021-06-09"	"Hamilton"	"Bobs Oss (IRE)"	"150.00"	"479.67"	"Handicap"	"14"	"14"	"Garven, Miss Alex"	"Berry, A"	"6f "	"6"	"9"	"6"	"6"
"17:10:00"	"2021-06-09"	"Yarmouth"	"Dont Joke"	"5.00"	"7.6"	"Handicap"	"6"	"8"	"Brookes, Aiden"	"Carr, Mrs R A"	"1m "	"6"	"7"	"2"	"11"
"17:05:00"	"2021-06-09"	"Cork"	"Mary Salome (IRE)"	"3.33"	"5.14"	"Handicap"	"2"	"19"	"Weir, Nicole"	"Kinirons, A"	"7f "	"0"	"3"	"1"	"15"
"16:40:00"	"2021-06-09"	"Yarmouth"	"Foreseeable Future (FR)"	"3.00"	"4"	"Handicap"	"7"	"9"	"Spencer, Jamie"	"Carr, Mrs R A"	"1m "	"4"	"8"	"2"	"12"
"16:35:00"	"2021-06-09"	"Cork"	"Scream (IRE)"	"66.00"	"109.02"	"Handicap"	"1"	"17"	"Lordan, W M"	"Nagle, D P"	"7f "	"0"	"3"	"9"	"13"
"16:35:00"	"2021-06-09"	"Cork"	"Golden Days (IRE)"	"20.00"	"26.46"	"Handicap"	"7"	"17"	"Whelan, R P"	"Collins, Tracey"	"7f "	"0"	"7"	"21"	"30"
"14:55:00"	"2021-06-09"	"Cork"	"Roxette (GER)"	"5.00"	"7.4"	"Handicap"	"2"	"10"	"Whelan, R P"	"Halford, M"	"5f "	"0"	"7"	"22"	"30"
"14:55:00"	"2021-06-09"	"Cork"	"Chocquinto (IRE)"	"10.00"	"11.96"	"Handicap"	"5"	"10"	"Slattery, A J"	"McLoughlin, Hilary"	"5f "	"0"	"5"	"1"	"11"
"13:50:00"	"2021-06-09"	"Yarmouth"	"Rockesbury"	"11.00"	"15.5"	"Handicap"	"1"	"12"	"McEntee, Grace"	"McEntee, P S"	"6f "	"6"	"1"	"5"	"11"
"13:50:00"	"2021-06-09"	"Yarmouth"	"Twice As Likely"	"3.50"	"5.17"	"Handicap"	"4"	"12"	"Egan, David"	"Hughes, Richard"	"6f "	"6"	"9"	"6"	"12"
"13:50:00"	"2021-06-09"	"Yarmouth"	"Nibras Shadow (IRE)"	"4.00"	"6.2"	"Handicap"	"8"	"12"	"Dawson, R"	"Mohammed, Ismail"	"6f "	"6"	"9"	"4"	"11"
"13:50:00"	"2021-06-09"	"Yarmouth"	"Faregaan"	"50.00"	"48"	"Handicap"	"11"	"12"	"Walsh, E J"	"Dunnett, Mrs C A"	"6f "	"6"	"9"	"9"	"11"
"13:45:00"	"2021-06-09"	"Cork"	"Stalingrad"	"1.25"	"2.43"	"Maiden"	"2"	"12"	"Enright, M A"	"Stack, J A"	"6f "	"0"	"4"	"3"	"6"
"18:45:00"	"2021-06-08"	"Ayr"	"Tanasoq (IRE)"	"2.75"	"3.9"	"Handicap"	"2"	"5"	"Mulrennan, Paul"	"Goldie, J S"	"5f "	"5"	"6"	"3"	"8"
"17:45:00"	"2021-06-08"	"Ayr"	"Pearl Of Qatar"	"0.80"	"1.92"	"Handicap"	"1"	"6"	"Dennis, Phil"	"Davidson, Tristan"	"6f "	"5"	"4"	"4"	"8"
"17:45:00"	"2021-06-08"	"Ayr"	"Avebury (IRE)"	"8.50"	"10.5"	"Handicap"	"3"	"6"	"Tudhope, Daniel"	"OMeara, D"	"6f "	"5"	"6"	"8"	"8"
"14:45:00"	"2021-06-08"	"Salisbury"	"Elegant Erin (IRE)"	"7.00"	"9.8"	"Handicap"	"3"	"7"	"Dobbs, Pat"	"Hannon (Jnr), Richard"	"1m "	"5"	"6"	"6"	"11"
"14:45:00"	"2021-06-08"	"Salisbury"	"Marchetti (IRE)"	"25.00"	"30"	"Handicap"	"7"	"7"	"Ghiani, Marco"	"Brennan, F J"	"1m "	"5"	"6"	"9"	"11"
"20:00:00"	"2021-06-07"	"Windsor"	"Heer We Go Again"	"7.50"	"10.18"	"Handicap"	"4"	"6"	"Mangan, Gina"	"Evans, P D"	"5f "	"5"	"9"	"9"	"9"
"20:00:00"	"2021-06-07"	"Windsor"	"Mykindofsunshine (IRE)"	"14.00"	"16.33"	"Handicap"	"5"	"6"	"Francis, Isobel"	"Pattinson, Mark"	"5f "	"5"	"6"	"8"	"11"
"18:30:00"	"2021-06-07"	"Windsor"	"A Sure Welcome"	"2.00"	"3.3"	"Handicap"	"1"	"8"	"Tate, Ryan"	"Spearing, J L"	"5f "	"3"	"7"	"2"	"9"
"16:45:00"	"2021-06-07"	"Lingfield"	"Starchant"	"6.00"	"8.4"	"Handicap"	"3"	"9"	"Heard, Tyler"	"Bridger, J / Cook, R"	"5f "	"6"	"6"	"11"	"12"
"16:45:00"	"2021-06-07"	"Lingfield"	"Fairy Fast (IRE)"	"25.00"	"27.73"	"Handicap"	"5"	"9"	"Jones, Liam"	"Carter, Lee"	"5f "	"6"	"7"	"11"	"11"
"13:30:00"	"2021-06-07"	"Leicester"	"Eastern Star (IRE)"	"8.00"	"8.57"	"Seller"	"1"	"6"	"Phillips, Mollie"	"Carroll, A W"	"6f "	"5"	"7"	"9"	"12"
"16:05:00"	"2021-06-06"	"Goodwood"	"Bay Watch (IRE)"	"9.00"	"10"	"Handicap"	"7"	"7"	"Bishop, Charles"	"Ponting, J"	"6f "	"4"	"2"	"3"	"7"
"18:00:00"	"2021-06-05"	"Chepstow"	"Finvarra (IRE)"	"5.00"	"6.96"	"Handicap"	"4"	"13"	"Whelan, Trevor"	"Williams, Evan"	"5f "	"6"	"4"	"3"	"9"
"18:00:00"	"2021-06-05"	"Chepstow"	"Glamorous Force"	"3.50"	"5.2"	"Handicap"	"6"	"13"	"Jones, Liam"	"Harris, R A"	"5f "	"6"	"4"	"2"	"11"
"18:00:00"	"2021-06-05"	"Chepstow"	"Aguerooo (IRE)"	"7.50"	"9.86"	"Handicap"	"7"	"13"	"Ghiani, Marco"	"Wallis, Charlie"	"5f "	"6"	"5"	"6"	"11"
"18:00:00"	"2021-06-05"	"Chepstow"	"The Lacemaker"	"22.00"	"27.79"	"Handicap"	"12"	"13"	"Keenan, Darragh"	"Harris, M F"	"5f "	"6"	"4"	"UR"	"17"
"18:00:00"	"2021-06-05"	"Chepstow"	"The Night Watch"	"14.00"	"17.37"	"Handicap"	"13"	"13"	"Heard, Tyler"	"Wallis, Charlie"	"5f "	"6"	"5"	"10"	"12"
"19:53:00"	"2021-06-04"	"Doncaster"	"Ghathanfar (IRE)"	"6.00"	"8.58"	"Handicap"	"2"	"12"	"Eaves, Tom"	"Waggott, Miss Tracy"	"6f "	"4"	"7"	"2"	"6"
"18:30:00"	"2021-06-04"	"Goodwood"	"Be Prepared"	"1.20"	"2.34"	"Handicap"	"3"	"11"	"Clutterbuck, Rhys"	"Bridger, J / Cook, R"	"6f "	"5"	"6"	"1"	"9"
"18:30:00"	"2021-06-04"	"Goodwood"	"Madrinho (IRE)"	"6.00"	"7.9"	"Handicap"	"5"	"11"	"Fallon, Cieren"	"Carroll, A W"	"6f "	"5"	"7"	"2"	"8"
"18:30:00"	"2021-06-04"	"Goodwood"	"Sir Rodneyredblood"	"18.00"	"27.64"	"Handicap"	"10"	"11"	"Shoemark, Kieran"	"Jenkins, J R"	"6f "	"5"	"9"	"6"	"9"
"18:05:00"	"2021-06-04"	"Down Royal"	"Hodds Girl (IRE)"	"5.50"	"7.08"	"Handicap"	"2"	"11"	"Sheehy, M P"	"Halford, M"	"5f "	"0"	"5"	"6"	"21"
"18:05:00"	"2021-06-04"	"Down Royal"	"No Speed Limit (FR)"	"10.00"	"11.5"	"Handicap"	"5"	"11"	"Sheridan, J M"	"McKenna, P J"	"5f "	"0"	"5"	"18"	"21"
"17:05:00"	"2021-06-03"	"Hamilton"	"Ventura Flame (IRE)"	"3.33"	"4.8"	"Handicap"	"1"	"6"	"Rodriguez, Callum"	"Dalgleish, Keith"	"5f "	"5"	"6"	"4"	"6"
"17:05:00"	"2021-06-03"	"Hamilton"	"Lady Celia"	"2.50"	"3.55"	"Handicap"	"2"	"6"	"Hanagan, Paul"	"Fahey, R A"	"5f "	"5"	"8"	"3"	"7"
"16:30:00"	"2021-06-03"	"Hamilton"	"Ey Up Its Mick"	"3.00"	"4.31"	"Handicap"	"2"	"8"	"Stott, Kevin"	"Coyle, Tony"	"6f "	"5"	"6"	"3"	"6"
"14:10:00"	"2021-06-03"	"Hamilton"	"Miquelon"	"0.67"	"1.86"	"Novices"	"7"	"9"	"McNamara, Adam"	"Watson, Archie"	"6f "	"5"	"10"	"2"	"11"
"19:30:00"	"2021-06-02"	"Ripon"	"Bossipop"	"7.00"	"9.16"	"Handicap"	"3"	"9"	"Allan, David"	"Easterby, T D"	"6f "	"3"	"5"	"1"	"6"
"15:55:00"	"2021-06-02"	"Ayr"	"Gunnerside (IRE)"	"1.50"	"2.72"	"Handicap"	"1"	"8"	"James, S H"	"Tuer, Grant"	"5f "	"6"	"7"	"1"	"7"
"15:55:00"	"2021-06-02"	"Ayr"	"Raabeh"	"11.00"	"15.67"	"Handicap"	"4"	"8"	"Hardie, Cameron"	"Brittain, Antony"	"5f "	"6"	"9"	"2"	"10"
"15:55:00"	"2021-06-02"	"Ayr"	"Rose Bandit (IRE)"	"12.00"	"16.41"	"Handicap"	"8"	"8"	"Mullen, Andrew"	"Jardine, I"	"5f "	"6"	"7"	"5"	"7"
"14:05:00"	"2021-06-02"	"Nottingham"	"Lady Monica"	"2.75"	"3.9"	"Handicap"	"5"	"8"	"Gordon, Josephine"	"Appleby, M"	"6f "	"5"	"2"	"10"	"11"
"17:05:00"	"2021-06-01"	"Redcar"	"Hard Solution"	"8.50"	"11.01"	"Handicap"	"1"	"17"	"Ennis, Mr M"	"OMeara, D"	"6f "	"6"	"8"	"4"	"10"
"17:05:00"	"2021-06-01"	"Redcar"	"Stronsay (IRE)"	"9.00"	"10.92"	"Handicap"	"2"	"17"	"Brookes, Miss Megan"	"Bailey, Liam"	"6f "	"6"	"7"	"4"	"9"
"15:30:00"	"2021-06-01"	"Redcar"	"Fox Hill"	"2.50"	"3.65"	"Handicap"	"1"	"7"	"Cherchi, Stefano"	"Alston, E J"	"5f "	"4"	"4"	"4"	"6"
"13:15:00"	"2021-06-01"	"Redcar"	"Glengarry"	"6.50"	"11"	"Handicap"	"1"	"20"	"Lee, G"	"Brooke, Daniel"	"1m "	"6"	"7"	"3"	"9"
"13:15:00"	"2021-06-01"	"Redcar"	"Jennies Gem"	"33.00"	"43.98"	"Handicap"	"4"	"20"	"Hardie, Cameron"	"Pears, Ollie"	"1m "	"6"	"3"	"8"	"15"
"13:15:00"	"2021-06-01"	"Redcar"	"Viva Voce (IRE)"	"3.00"	"4.5"	"Handicap"	"6"	"20"	"Stott, Kevin"	"Barron, T D"	"1m "	"6"	"7"	"6"	"14"
"13:15:00"	"2021-06-01"	"Redcar"	"Top Attraction"	"9.00"	"15"	"Handicap"	"9"	"20"	"Hart, Jason"	"Fairhurst, C W"	"1m "	"6"	"7"	"UR"	"14"
"13:15:00"	"2021-06-01"	"Redcar"	"Curfewed (IRE)"	"14.00"	"24.48"	"Handicap"	"13"	"20"	"Eaves, Tom"	"Waggott, Miss Tracy"	"1m "	"6"	"4"	"5"	"9"
"13:15:00"	"2021-06-01"	"Redcar"	"Spirit Of Sahara (IRE)"	"33.00"	"50"	"Handicap"	"19"	"20"	"Nolan, D"	"Waggott, Miss Tracy"	"1m "	"6"	"4"	"9"	"9"
"17:02:00"	"2021-05-31"	"Windsor"	"Rubee Forty"	"200.00"	"698.06"	"Novices"	"14"	"15"	"ONeill, K T"	"Bridger, J / Cook, R"	"6f "	"5"	"9"	"9"	"13"
"15:20:00"	"2021-05-31"	"Windsor"	"Spoof"	"4.50"	"6.4"	"Handicap"	"2"	"8"	"Kingscote, Richard"	"Hills, Charles"	"5f "	"3"	"9"	"6"	"12"
"13:35:00"	"2021-05-31"	"Windsor"	"Zhui Feng (IRE)"	"8.00"	"11.34"	"Handicap"	"4"	"9"	"Osborne, Saffie"	"Ward, Tom"	"6f "	"4"	"10"	"6"	"7"
"14:20:00"	"2021-05-30"	"Navan"	"Conversant (IRE)"	"2.50"	"4.41"	"Handicap"	"4"	"21"	"Sheridan, J M"	"Hogan, Denis Gerard"	"5f "	"0"	"2"	"3"	"15"
"18:45:00"	"2021-05-29"	"Salisbury"	"Grey Galleon (USA)"	"50.00"	"60"	"Handicap"	"3"	"9"	"McNamara, Adam"	"Teal, R A"	"6f "	"5"	"8"	"4"	"5"
"18:45:00"	"2021-05-29"	"Salisbury"	"Sarahs Verse"	"5.50"	"7"	"Handicap"	"8"	"9"	"Pearson, Laura"	"Harris, R A"	"6f "	"5"	"8"	"1"	"7"
"14:30:00"	"2021-05-29"	"Catterick"	"Dave Dexter"	"6.50"	"9.4"	"Handicap"	"1"	"7"	"Scott, Rowan"	"Fell, R / Murray, S"	"5f "	"3"	"7"	"8"	"12"
"19:55:00"	"2021-05-28"	"Haydock"	"Dark Defender"	"8.00"	"9.6"	"Handicap"	"8"	"8"	"Steward, Louis"	"Bastiman, Harvey"	"6f "	"5"	"7"	"3"	"7"
"17:20:00"	"2021-05-28"	"Yarmouth"	"Shyjack"	"3.00"	"5"	"Handicap"	"5"	"13"	"Shepherd, Callum"	"Dunnett, Mrs C A"	"1m "	"6"	"9"	"2"	"12"
"17:20:00"	"2021-05-28"	"Yarmouth"	"Moment Of Peace"	"50.00"	"79.07"	"Handicap"	"7"	"13"	"Burns, Harry"	"Dunnett, Mrs C A"	"1m "	"6"	"10"	"6"	"15"
"17:20:00"	"2021-05-28"	"Yarmouth"	"Jazz Music"	"150.00"	"331.69"	"Handicap"	"9"	"13"	"Gordon, Josephine"	"Shaw, D"	"1m "	"6"	"8"	"9"	"11"
"16:45:00"	"2021-05-28"	"Yarmouth"	"Goddess Of Fire"	"12.00"	"16.71"	"Handicap"	"4"	"8"	"Keenan, Darragh"	"Ryan, J"	"1m "	"4"	"9"	"3"	"7"
"14:40:00"	"2021-05-28"	"Carlisle"	"Yukon Mission (IRE)"	"2.75"	"4.05"	"Handicap"	"2"	"6"	"Hart, Jason"	"Quinn, J J"	"5f "	"4"	"7"	"2"	"10"
"13:35:00"	"2021-05-28"	"Carlisle"	"Ey Up Its Mick"	"7.50"	"9.33"	"Handicap"	"3"	"6"	"Schofield, Kieran"	"Coyle, Tony"	"5f "	"5"	"7"	"4"	"7"
"17:15:00"	"2021-05-27"	"Ripon"	"Quanah (IRE)"	"1.88"	"2.97"	"Handicap"	"3"	"8"	"Nolan, D"	"Bailey, Liam"	"5f "	"6"	"6"	"7"	"10"
"16:30:00"	"2021-05-27"	"Haydock"	"Pretty Boy Floyd (IRE)"	"1.10"	"2.2"	"Handicap"	"1"	"7"	"Crowley, Jim"	"Dawson, Mrs Sarah"	"5f "	"4"	"5"	"2"	"22"
"16:30:00"	"2021-05-27"	"Haydock"	"Canford Bay (IRE)"	"6.50"	"8.41"	"Handicap"	"5"	"7"	"Russell, Harry"	"Brittain, Antony"	"5f "	"4"	"6"	"3"	"7"
"16:30:00"	"2021-05-27"	"Haydock"	"Somewhere Secret"	"8.00"	"11"	"Handicap"	"6"	"7"	"Nicholls, Miss M"	"Mullineaux, M"	"5f "	"4"	"10"	"1"	"10"
"16:30:00"	"2021-05-27"	"Haydock"	"Celerity (IRE)"	"150.00"	"462.84"	"Handicap"	"7"	"7"	"Cole, Morgan"	"Williamson, Mrs L"	"5f "	"4"	"9"	"8"	"8"
"17:10:00"	"2021-05-26"	"Hamilton"	"Rose Bandit (IRE)"	"6.00"	"7.6"	"Handicap"	"5"	"7"	"Watts, Shannon"	"Jardine, I"	"5f "	"6"	"7"	"7"	"15"
"13:45:00"	"2021-05-25"	"Musselburgh"	"Lord Of The Glen"	"4.50"	"6.4"	"Handicap"	"1"	"7"	"Russell, Harry"	"Goldie, J S"	"5f "	"6"	"6"	"6"	"15"
"13:45:00"	"2021-05-25"	"Musselburgh"	"Corton Lass"	"10.00"	"12.18"	"Handicap"	"4"	"7"	"Breslin, Andrew"	"Dalgleish, Keith"	"5f "	"6"	"6"	"9"	"15"
"16:35:00"	"2021-05-23"	"Nottingham"	"Boundless Power (IRE)"	"1.00"	"2.08"	"Handicap"	"1"	"4"	"Murphy, Oisin"	"Appleby, M"	"5f "	"4"	"8"	"2"	"9"
"19:25:00"	"2021-05-22"	"Lingfield"	"Embolden (IRE)"	"4.50"	"5.92"	"Handicap"	"4"	"13"	"ONeill, K T"	"Haynes, Alice"	"7f "	"6"	"2"	"5"	"7"
"20:50:00"	"2021-05-21"	"Catterick"	"Yukon Mission (IRE)"	"3.33"	"4.9"	"Handicap"	"2"	"10"	"Murtagh, Connor"	"Quinn, J J"	"5f "	"6"	"7"	"2"	"10"
"20:50:00"	"2021-05-21"	"Catterick"	"Harrogate (IRE)"	"2.00"	"3.51"	"Handicap"	"3"	"10"	"Garritty, Billy"	"Midgley, P T"	"5f "	"6"	"5"	"1"	"6"
"20:50:00"	"2021-05-21"	"Catterick"	"Quanah (IRE)"	"4.50"	"6.4"	"Handicap"	"7"	"10"	"Pindar, Rhonda"	"Bailey, Liam"	"5f "	"6"	"7"	"2"	"15"
"19:50:00"	"2021-05-21"	"Catterick"	"Canford Bay (IRE)"	"10.00"	"12.35"	"Handicap"	"3"	"7"	"Hardie, Cameron"	"Brittain, Antony"	"5f "	"4"	"6"	"7"	"9"
"19:50:00"	"2021-05-21"	"Catterick"	"Soul Seeker (IRE)"	"4.00"	"6.16"	"Handicap"	"4"	"7"	"Kirrane, Sean"	"OMeara, D"	"5f "	"4"	"10"	"4"	"10"
"16:55:00"	"2021-05-20"	"Lingfield"	"Lethal Blast"	"1.88"	"3.1"	"Handicap"	"1"	"9"	"ONeill, K T"	"Bridger, J / Cook, R"	"5f "	"5"	"10"	"1"	"9"
"16:55:00"	"2021-05-20"	"Lingfield"	"Starchant"	"12.00"	"18"	"Handicap"	"2"	"9"	"Heard, Tyler"	"Bridger, J / Cook, R"	"5f "	"5"	"10"	"8"	"9"
"16:55:00"	"2021-05-20"	"Lingfield"	"Hey Ho Lets Go"	"8.00"	"10.53"	"Handicap"	"4"	"9"	"Kingscote, Richard"	"Hoad, M R"	"5f "	"5"	"10"	"5"	"9"
"16:55:00"	"2021-05-20"	"Lingfield"	"Shani"	"3.50"	"5.16"	"Handicap"	"7"	"9"	"Beech, Aled J"	"Bridger, J / Cook, R"	"5f "	"5"	"3"	"4"	"8"
"15:20:00"	"2021-05-20"	"Lingfield"	"Song of The Isles (IRE)"	"2.00"	"3"	"Claimer"	"1"	"7"	"Bass, George"	"Main, Mrs H S"	"7.5f "	"6"	"9"	"6"	"7"
"16:40:00"	"2021-05-19"	"Yarmouth"	"Global Hope (IRE)"	"10.00"	"12.75"	"Handicap"	"6"	"10"	"Fallon, Cieren"	"Kelleway, Miss Gay"	"7f "	"5"	"5"	"5"	"10"
"14:45:00"	"2021-05-19"	"Ayr"	"Lord Of The Glen"	"18.00"	"26.75"	"Handicap"	"6"	"15"	"Mulrennan, Paul"	"Goldie, J S"	"6f "	"6"	"5"	"5"	"15"
"14:45:00"	"2021-05-19"	"Ayr"	"Sin E Shekells"	"5.00"	"6.16"	"Handicap"	"8"	"15"	"Beasley, Connor"	"Dods, M"	"6f "	"6"	"4"	"8"	"18"
"14:45:00"	"2021-05-19"	"Ayr"	"Grandads Best Girl"	"50.00"	"77.48"	"Handicap"	"12"	"15"	"Gormley, Jamie"	"Perratt, Miss L A"	"6f "	"6"	"5"	"8"	"10"
"14:45:00"	"2021-05-19"	"Ayr"	"Griffin Street"	"200.00"	"654.41"	"Handicap"	"15"	"15"	"Hardie, Cameron"	"Whillans, A C"	"6f "	"6"	"8"	"11"	"12"
"19:20:00"	"2021-05-17"	"Windsor"	"Punchbowl Flyer (IRE)"	"4.00"	"6.26"	"Handicap"	"1"	"5"	"Bishop, Charles"	"Houghton, Eve Johnson"	"6f "	"3"	"10"	"5"	"6"
"19:20:00"	"2021-05-17"	"Windsor"	"Endowed"	"2.50"	"3.65"	"Handicap"	"2"	"5"	"Murphy, Oisin"	"Appleby, M"	"6f "	"3"	"2"	"3"	"8"
"19:20:00"	"2021-05-17"	"Windsor"	"Typhoon Ten (IRE)"	"5.50"	"7.38"	"Handicap"	"3"	"5"	"Ryan, Rossa"	"Hannon (Jnr), Richard"	"6f "	"3"	"3"	"3"	"7"
"19:20:00"	"2021-05-17"	"Windsor"	"Marly (FR)"	"16.00"	"26"	"Handicap"	"4"	"5"	"Keenan, Darragh"	"Ryan, J"	"6f "	"3"	"10"	"10"	"18"
"19:20:00"	"2021-05-17"	"Windsor"	"Aplomb (IRE)"	"1.50"	"2.55"	"Handicap"	"F"	"5"	"Moore, Ryan"	"Chapple-Hyam, Jane"	"6f "	"3"	"3"	"2"	"7"
"19:05:00"	"2021-05-17"	"Leicester"	"Gambon (GER)"	"6.50"	"7.77"	"Handicap"	"2"	"9"	"Greatrex, Edward"	"Houghton, Eve Johnson"	"6f "	"4"	"10"	"6"	"10"
"19:05:00"	"2021-05-17"	"Leicester"	"Spanish Star (IRE)"	"8.00"	"11"	"Handicap"	"3"	"9"	"Shoemark, Kieran"	"Chamings, P R"	"6f "	"4"	"9"	"3"	"14"
"19:05:00"	"2021-05-17"	"Leicester"	"Little Boy Blue"	"7.00"	"10"	"Handicap"	"5"	"9"	"Morris, Luke"	"Turner, W G M"	"6f "	"4"	"9"	"1"	"14"
"19:05:00"	"2021-05-17"	"Leicester"	"Global Esteem (IRE)"	"3.33"	"4.83"	"Handicap"	"8"	"9"	"Sousa, Silvestre De"	"Dwyer, C A"	"6f "	"4"	"9"	"2"	"14"
"18:20:00"	"2021-05-17"	"Windsor"	"Firenze Rosa (IRE)"	"6.00"	"7.8"	"Handicap"	"1"	"8"	"Beech, Aled J"	"Bridger, J / Cook, R"	"5f "	"5"	"5"	"11"	"15"
"18:20:00"	"2021-05-17"	"Windsor"	"The Daley Express (IRE)"	"3.33"	"4.28"	"Handicap"	"6"	"8"	"Doyle, James"	"Harris, R A"	"5f "	"5"	"9"	"2"	"5"
"18:05:00"	"2021-05-17"	"Leicester"	"Eponina (IRE)"	"8.50"	"11.96"	"Handicap"	"4"	"11"	"Ladd, Theodore"	"Appleby, M"	"7f "	"5"	"10"	"8"	"17"
"16:15:00"	"2021-05-17"	"Redcar"	"Kind Review"	"3.50"	"5.09"	"Handicap"	"1"	"8"	"Eaves, Tom"	"Waggott, Miss Tracy"	"5f "	"3"	"4"	"13"	"17"
"14:10:00"	"2021-05-17"	"Carlisle"	"Hart Stopper"	"3.00"	"4.73"	"Handicap"	"3"	"8"	"James, S H"	"Tuer, Grant"	"6f "	"4"	"10"	"2"	"10"
"13:35:00"	"2021-05-17"	"Carlisle"	"Somewhere Secret"	"16.00"	"23"	"Handicap"	"1"	"10"	"McManoman, Faye"	"Mullineaux, M"	"5f "	"5"	"9"	"10"	"10"
"13:35:00"	"2021-05-17"	"Carlisle"	"Ventura Flame (IRE)"	"2.75"	"4.08"	"Handicap"	"2"	"10"	"Rodriguez, Callum"	"Dalgleish, Keith"	"5f "	"5"	"6"	"3"	"10"
"13:35:00"	"2021-05-17"	"Carlisle"	"Tomily (IRE)"	"7.50"	"12.11"	"Handicap"	"3"	"10"	"Gormley, Jamie"	"Jardine, I"	"5f "	"5"	"7"	"6"	"12"
"17:05:00"	"2021-05-16"	"Ripon"	"Yolo Again (IRE)"	"2.50"	"3.58"	"Handicap"	"3"	"6"	"Tutty, Gemma"	"Tutty, Mrs K J"	"5f "	"5"	"8"	"2"	"7"
"16:05:00"	"2021-05-16"	"Ripon"	"Zim Baby"	"2.50"	"3.66"	"Handicap"	"2"	"5"	"Marquand, Tom"	"Appleby, M"	"6f "	"3"	"8"	"8"	"11"
"16:05:00"	"2021-05-16"	"Ripon"	"Fashion Advice"	"4.50"	"5.72"	"Handicap"	"5"	"5"	"Garritty, Billy"	"Dalgleish, Keith"	"6f "	"3"	"6"	"3"	"6"
"20:05:00"	"2021-05-15"	"Doncaster"	"True Mason"	"7.50"	"9.4"	"Handicap"	"3"	"11"	"Scott, Rowan"	"Makin, Phillip"	"6f "	"4"	"8"	"5"	"10"
"16:30:00"	"2021-05-15"	"Thirsk"	"Highjacked"	"1.75"	"2.78"	"Handicap"	"1"	"18"	"Doyle, Hollie"	"Davies, J J"	"6f "	"6"	"7"	"2"	"18"
"16:30:00"	"2021-05-15"	"Thirsk"	"Leo Davinci (USA)"	"7.50"	"10.21"	"Handicap"	"2"	"18"	"Morris, Luke"	"Loughnane, Daniel Mark"	"6f "	"6"	"8"	"1"	"17"
"16:30:00"	"2021-05-15"	"Thirsk"	"Peachey Carnehan"	"8.00"	"10.55"	"Handicap"	"4"	"18"	"Mulrennan, Paul"	"Mullineaux, M"	"6f "	"6"	"7"	"5"	"18"
"16:30:00"	"2021-05-15"	"Thirsk"	"War of Clans (IRE)"	"28.00"	"46"	"Handicap"	"10"	"18"	"Tutty, Gemma"	"Tutty, Mrs K J"	"6f "	"6"	"7"	"3"	"9"
"15:55:00"	"2021-05-15"	"Thirsk"	"Rathbone"	"8.50"	"10.59"	"Handicap"	"1"	"8"	"Nicholls, Miss M"	"Ryan, K A"	"6f "	"3"	"10"	"9"	"14"
"15:55:00"	"2021-05-15"	"Thirsk"	"Shallow Hal"	"7.00"	"9.3"	"Handicap"	"5"	"8"	"Jamin, Pierre-Louis"	"Burke, K R"	"6f "	"3"	"3"	"11"	"18"
"15:55:00"	"2021-05-15"	"Thirsk"	"Intrinsic Bond"	"5.00"	"7.06"	"Handicap"	"8"	"8"	"Morris, Luke"	"Waggott, Miss Tracy"	"6f "	"3"	"8"	"4"	"6"
"15:50:00"	"2021-05-15"	"Newmarket (Rowley)"	"Theotherside (IRE)"	"14.00"	"17.45"	"Handicap"	"6"	"11"	"Hansen, Thore"	"Hannon (Jnr), Richard"	"7f "	"3"	"10"	"6"	"14"
"15:05:00"	"2021-05-15"	"Navan"	"Only Spoofing (IRE)"	"11.00"	"14.05"	"Handicap"	"1"	"11"	"Carroll, G F"	"Coleman, Kevin"	"5f "	"0"	"7"	"12"	"18"
"15:05:00"	"2021-05-15"	"Navan"	"Tide Of Time"	"4.50"	"7.6"	"Handicap"	"3"	"11"	"Hayes, C D"	"Lynam, Edward"	"5f "	"0"	"7"	"7"	"18"
"15:05:00"	"2021-05-15"	"Navan"	"Gobi Desert"	"20.00"	"31.96"	"Handicap"	"11"	"11"	"Crosse, Nathan"	"McCreery, W"	"5f "	"0"	"4"	"13"	"14"
"14:30:00"	"2021-05-15"	"Navan"	"Derugoda (IRE)"	"150.00"	"588.75"	"Maiden"	"19"	"21"	"Byrne, Willie"	"Martin, W J"	"5.5f "	"0"	"7"	"9"	"15"
"13:35:00"	"2021-05-15"	"Thirsk"	"Boundless Power (IRE)"	"1.20"	"2.27"	"Handicap"	"2"	"9"	"Hanagan, Paul"	"Appleby, M"	"5f "	"4"	"7"	"1"	"5"
"20:20:00"	"2021-05-14"	"Hamilton"	"Carlovian"	"5.50"	"7.1"	"Handicap"	"7"	"10"	"Dennis, Phil"	"Walford, Mark"	"6f "	"6"	"7"	"3"	"17"
"19:45:00"	"2021-05-14"	"Hamilton"	"Captain Jameson (IRE)"	"4.50"	"6.93"	"Handicap"	"3"	"11"	"Hart, Jason"	"Quinn, J J"	"6f "	"4"	"4"	"2"	"12"
"16:55:00"	"2021-05-14"	"Newbury"	"Espresso Freddo (IRE)"	"7.50"	"10"	"Handicap"	"4"	"13"	"Burns, Harry"	"Stephens, Robert"	"1m "	"5"	"9"	"5"	"9"
"16:20:00"	"2021-05-14"	"Newmarket (Rowley)"	"Lilkian"	"16.00"	"21.02"	"Handicap"	"10"	"10"	"Presland, Molly"	"Holland, Darryll"	"6f "	"5"	"9"	"4"	"9"
"14:45:00"	"2021-05-11"	"Beverley"	"Mr Wagyu (IRE)"	"18.00"	"24"	"Handicap"	"2"	"10"	"Hart, Jason"	"Quinn, J J"	"5f "	"5"	"10"	"13"	"16"
"14:45:00"	"2021-05-11"	"Beverley"	"Ventura Flame (IRE)"	"7.50"	"10.37"	"Handicap"	"3"	"10"	"Mulrennan, Paul"	"Dalgleish, Keith"	"5f "	"5"	"9"	"4"	"7"
"14:45:00"	"2021-05-11"	"Beverley"	"Soul Seeker (IRE)"	"2.25"	"3.52"	"Handicap"	"4"	"10"	"Kirrane, Sean"	"OMeara, D"	"5f "	"5"	"9"	"1"	"7"
"14:45:00"	"2021-05-11"	"Beverley"	"East Street Revue"	"6.00"	"8.51"	"Handicap"	"8"	"10"	"Allan, David"	"Easterby, T D"	"5f "	"5"	"10"	"15"	"16"
"13:40:00"	"2021-05-10"	"Catterick"	"Fashion Advice"	"2.25"	"3.55"	"Handicap"	"3"	"6"	"Rodriguez, Callum"	"Dalgleish, Keith"	"5f "	"4"	"10"	"4"	"7"
"20:35:00"	"2021-05-08"	"Thirsk"	"Meccas Hot Steps"	"8.00"	"11.29"	"Handicap"	"9"	"10"	"Rodriguez, Callum"	"Dods, M"	"5f "	"6"	"6"	"7"	"7"
"20:05:00"	"2021-05-08"	"Thirsk"	"Victory Rose"	"2.25"	"3.8"	"Handicap"	"3"	"7"	"Noble, Cameron"	"Pearce, Simon"	"5f "	"5"	"8"	"3"	"7"
"18:05:00"	"2021-05-08"	"Thirsk"	"Peachey Carnehan"	"18.00"	"22.36"	"Handicap"	"5"	"18"	"Hardie, Cameron"	"Mullineaux, M"	"6f "	"6"	"8"	"8"	"10"
"18:05:00"	"2021-05-08"	"Thirsk"	"Sheepscar Lad (IRE)"	"16.00"	"23"	"Handicap"	"10"	"18"	"McManoman, Faye"	"Tinkler, N"	"6f "	"6"	"10"	"4"	"6"
"18:05:00"	"2021-05-08"	"Thirsk"	"Hurstwood"	"16.00"	"25"	"Handicap"	"12"	"18"	"Sullivan, James P"	"Niven, P D"	"6f "	"6"	"8"	"6"	"13"
"17:00:00"	"2021-05-08"	"Naas"	"Kodigreen (IRE)"	"33.00"	"55.05"	"Handicap"	"9"	"18"	"Manning, K J"	"Murphy, Joseph G"	"6f "	"0"	"5"	"16"	"23"
"16:50:00"	"2021-05-08"	"Ascot"	"Batchelor Boy (IRE)"	"8.50"	"13"	"Handicap"	"8"	"14"	"Crehan, Mark"	"Boughey, George"	"6f "	"4"	"5"	"3"	"9"
"16:50:00"	"2021-05-08"	"Ascot"	"Highly Sprung (IRE)"	"14.00"	"21"	"Handicap"	"9"	"14"	"Edmunds, Lewis"	"Eyre, J L"	"6f "	"4"	"10"	"2"	"5"
"16:50:00"	"2021-05-08"	"Ascot"	"Louis Treize (IRE)"	"12.00"	"17"	"Handicap"	"13"	"14"	"Villiers, Angus"	"Spencer, Richard"	"6f "	"4"	"7"	"9"	"16"
"13:45:00"	"2021-05-08"	"Nottingham"	"Cowboy Soldier (IRE)"	"2.50"	"3.85"	"Handicap"	"5"	"5"	"Tudhope, Daniel"	"Fell, R / Murray, S"	"5f "	"4"	"7"	"2"	"10"
"13:35:00"	"2021-05-08"	"Naas"	"Celtic Manor (IRE)"	"6.50"	"9.19"	"Handicap"	"3"	"19"	"Coen, Ben M"	"Donnelly, Garvan"	"5f "	"0"	"5"	"10"	"28"
"13:35:00"	"2021-05-08"	"Naas"	"Trueba (IRE)"	"12.00"	"16.6"	"Handicap"	"4"	"19"	"Kane, Nikita"	"Linehan, Edmond Daniel"	"5f "	"0"	"5"	"15"	"28"
"13:35:00"	"2021-05-08"	"Naas"	"No Speed Limit (FR)"	"11.00"	"13.5"	"Handicap"	"7"	"19"	"McAteer, L T"	"McKenna, P J"	"5f "	"0"	"6"	"3"	"14"
"13:35:00"	"2021-05-08"	"Naas"	"Passaggi (IRE)"	"14.00"	"17.5"	"Handicap"	"14"	"19"	"Crosse, Nathan"	"ODonnell, Seamus G"	"5f "	"0"	"6"	"9"	"14"
"18:40:00"	"2021-05-07"	"Cork"	"Eacharn (IRE)"	"11.00"	"17"	"Handicap"	"12"	"17"	"Hayes, Amy Jo"	"Slattery, Andrew"	"7f "	"0"	"5"	"4"	"13"
"18:20:00"	"2021-05-07"	"Ripon"	"Hart Stopper"	"4.00"	"5.95"	"Handicap"	"2"	"10"	"James, S H"	"Tuer, Grant"	"6f "	"4"	"7"	"2"	"13"
"18:20:00"	"2021-05-07"	"Ripon"	"True Mason"	"12.00"	"12.61"	"Handicap"	"5"	"10"	"Scott, Rowan"	"Makin, Phillip"	"6f "	"4"	"6"	"12"	"16"
"15:30:00"	"2021-05-07"	"Ascot"	"Eagle Creek (IRE)"	"40.00"	"60"	"Handicap"	"17"	"18"	"Shepherd, Callum"	"Knight, W J"	"6f "	"3"	"9"	"3"	"7"
"17:25:00"	"2021-05-03"	"Curragh"	"Dee Sprinter (IRE)"	"22.00"	"30"	"Handicap"	"4"	"28"	"Madden, Tom"	"Roberts, Reginald"	"6f "	"0"	"8"	"4"	"14"
"14:31:00"	"2021-05-03"	"Windsor"	"Kick On Kick On"	"7.00"	"9.4"	"Handicap"	"6"	"9"	"Whittington, Elisha"	"Williams, Ian"	"6f "	"4"	"5"	"5"	"8"
"14:31:00"	"2021-05-03"	"Windsor"	"Heer We Go Again"	"80.00"	"125.97"	"Handicap"	"9"	"9"	"Keenan, Darragh"	"Evans, P D"	"6f "	"4"	"9"	"7"	"8"
"17:25:00"	"2021-05-02"	"Hamilton"	"Pearl Of Qatar"	"1.38"	"2.42"	"Handicap"	"1"	"6"	"Dennis, Phil"	"Davidson, Tristan"	"6f "	"5"	"5"	"1"	"5"
"17:25:00"	"2021-05-02"	"Hamilton"	"Tanasoq (IRE)"	"3.33"	"4.46"	"Handicap"	"3"	"6"	"Sullivan, James P"	"Goldie, J S"	"6f "	"5"	"9"	"3"	"5"
"17:25:00"	"2021-05-02"	"Hamilton"	"Kilconquhar"	"3.50"	"7.14"	"Handicap"	"RR"	"6"	"Stott, Kevin"	"Whillans, A C"	"6f "	"5"	"6"	"4"	"7"
"16:20:00"	"2021-05-02"	"Salisbury"	"Lucky Louie"	"4.00"	"6"	"Handicap"	"1"	"11"	"Jordan, Megan"	"Teal, R A"	"7f "	"6"	"9"	"2"	"14"
"16:20:00"	"2021-05-02"	"Salisbury"	"In The Cove (IRE)"	"3.00"	"4.68"	"Handicap"	"11"	"11"	"Brotherton, Miss S"	"Hannon (Jnr), Richard"	"7f "	"6"	"6"	"3"	"12"
"14:10:00"	"2021-05-02"	"Hamilton"	"Soul Seeker (IRE)"	"0.53"	"1.62"	"Handicap"	"1"	"7"	"Tudhope, Daniel"	"OMeara, D"	"5f "	"5"	"4"	"1"	"6"
"14:10:00"	"2021-05-02"	"Hamilton"	"Sound Of Iona"	"12.00"	"18.19"	"Handicap"	"3"	"7"	"Stott, Kevin"	"Goldie, J S"	"5f "	"5"	"9"	"8"	"8"
"14:10:00"	"2021-05-02"	"Hamilton"	"Ventura Flame (IRE)"	"4.50"	"6.2"	"Handicap"	"4"	"7"	"Rodriguez, Callum"	"Dalgleish, Keith"	"5f "	"5"	"10"	"1"	"11"
"17:00:00"	"2021-05-01"	"Doncaster"	"Mountain Brave"	"5.00"	"6.8"	"Handicap"	"1"	"7"	"Curtis, B A"	"Johnston, M"	"6f "	"3"	"9"	"4"	"6"
"15:50:00"	"2021-05-01"	"Thirsk"	"Tathmeen (IRE)"	"14.00"	"19.5"	"Handicap"	"3"	"16"	"Russell, Harry"	"Brittain, Antony"	"6f "	"4"	"5"	"5"	"11"
"15:50:00"	"2021-05-01"	"Thirsk"	"Medicine Jack"	"12.00"	"15"	"Handicap"	"7"	"16"	"Sanderson, Benjamin"	"Fell, R / Murray, S"	"6f "	"4"	"10"	"3"	"8"
"15:50:00"	"2021-05-01"	"Thirsk"	"Benefit Street (IRE)"	"8.00"	"11.93"	"Handicap"	"10"	"16"	"Stott, Kevin"	"Cowell, R M H"	"6f "	"4"	"10"	"2"	"7"
"16:00:00"	"2021-04-30"	"Chepstow"	"Vape"	"5.00"	"6.8"	"Handicap"	"6"	"10"	"Noble, Cameron"	"Carroll, A W"	"6f "	"5"	"3"	"2"	"5"
"16:00:00"	"2021-04-30"	"Chepstow"	"Peachey Carnehan"	"11.00"	"16.5"	"Handicap"	"8"	"10"	"Gordon, Josephine"	"Mullineaux, M"	"6f "	"5"	"10"	"5"	"9"
"15:25:00"	"2021-04-29"	"Musselburgh"	"Bluella"	"3.00"	"4.4"	"Handicap"	"2"	"12"	"Sanderson, Benjamin"	"Macey, Jessica"	"5f "	"6"	"8"	"1"	"8"
"15:25:00"	"2021-04-29"	"Musselburgh"	"Corton Lass"	"16.00"	"16.74"	"Handicap"	"3"	"12"	"Rodriguez, Callum"	"Dalgleish, Keith"	"5f "	"6"	"8"	"6"	"8"
"15:25:00"	"2021-04-29"	"Musselburgh"	"Boudica Bay (IRE)"	"4.00"	"5.6"	"Handicap"	"6"	"12"	"Dennis, Phil"	"Alston, E J"	"5f "	"6"	"8"	"4"	"8"
"15:25:00"	"2021-04-29"	"Musselburgh"	"De Latour"	"18.00"	"22"	"Handicap"	"9"	"12"	"James, S H"	"Bailey, Liam"	"5f "	"6"	"9"	"7"	"8"
"16:30:00"	"2021-04-28"	"Ascot"	"Saaheq"	"4.50"	"6.4"	"Handicap"	"2"	"8"	"Levey, S M"	"Perrett, Mrs A J"	"5f "	"4"	"7"	"1"	"7"
"13:00:00"	"2021-04-28"	"Ascot"	"Gin Palace"	"5.50"	"7.34"	"Handicap"	"5"	"9"	"Dobie, Georgia"	"Houghton, Eve Johnson"	"1m "	"3"	"10"	"8"	"16"
"16:25:00"	"2021-04-27"	"Yarmouth"	"Potters Question"	"18.00"	"22"	"Handicap"	"6"	"6"	"Keenan, Darragh"	"Wallis, Charlie"	"7f "	"6"	"6"	"11"	"14"
"16:50:00"	"2021-04-26"	"Windsor"	"Mykindofsunshine (IRE)"	"66.00"	"97.68"	"Handicap"	"2"	"9"	"Francis, Isobel"	"Pattinson, Mark"	"5f "	"5"	"9"	"7"	"7"
"16:50:00"	"2021-04-26"	"Windsor"	"Katherine Place"	"3.33"	"4.38"	"Handicap"	"3"	"9"	"Tate, Ryan"	"Turner, W G M"	"5f "	"5"	"9"	"3"	"7"
"16:50:00"	"2021-04-26"	"Windsor"	"Shani"	"8.00"	"8.67"	"Handicap"	"5"	"9"	"Heard, Tyler"	"Bridger, J / Cook, R"	"5f "	"5"	"7"	"7"	"10"
"16:50:00"	"2021-04-26"	"Windsor"	"Island Memory"	"22.00"	"29"	"Handicap"	"6"	"9"	"Haynes, Joey"	"Harris, Miss G"	"5f "	"5"	"9"	"6"	"9"
"16:50:00"	"2021-04-26"	"Windsor"	"Starchant"	"33.00"	"41.4"	"Handicap"	"8"	"9"	"Ingram, Rhiain B"	"Bridger, J / Cook, R"	"5f "	"5"	"7"	"9"	"10"
"16:50:00"	"2021-04-26"	"Windsor"	"Spring Bloom"	"1.88"	"3.25"	"Handicap"	"9"	"9"	"Keenan, Darragh"	"Eddery, Robert"	"5f "	"5"	"7"	"2"	"5"
"13:35:00"	"2021-04-26"	"Ayr"	"Gunnerside (IRE)"	"1.25"	"2.34"	"Handicap"	"3"	"7"	"James, S H"	"Tuer, Grant"	"6f "	"6"	"6"	"1"	"9"
"14:50:00"	"2021-04-25"	"Navan"	"Silver Service (IRE)"	"4.00"	"6.51"	"Handicap"	"3"	"9"	"McMonagle, Dylan B"	"Mulvany, Michael"	"5.5f "	"0"	"8"	"10"	"21"
"14:50:00"	"2021-04-25"	"Navan"	"Glow Worm (IRE)"	"6.50"	"8.26"	"Handicap"	"5"	"9"	"Roche, L F"	"Davison, Jack W"	"5.5f "	"0"	"8"	"3"	"25"
"14:30:00"	"2021-04-25"	"Salisbury"	"Vape"	"3.33"	"5.77"	"Handicap"	"3"	"7"	"Noble, Cameron"	"Carroll, A W"	"6f "	"5"	"8"	"2"	"6"
"14:20:00"	"2021-04-25"	"Navan"	"Dee Sprinter (IRE)"	"7.50"	"10.47"	"Handicap"	"4"	"14"	"Rutledge, Siobhan"	"Roberts, Reginald"	"5.5f "	"0"	"8"	"8"	"22"
"14:20:00"	"2021-04-25"	"Navan"	"Pretty Smart (IRE)"	"3.50"	"6"	"Handicap"	"7"	"14"	"McMonagle, Dylan B"	"Martin, Patrick"	"5.5f "	"0"	"7"	"5"	"14"
"14:20:00"	"2021-04-25"	"Navan"	"Alhajjaj"	"33.00"	"38"	"Handicap"	"9"	"14"	"Powell, J A"	"McCann, Anthony"	"5.5f "	"0"	"7"	"11"	"13"
"17:40:00"	"2021-04-24"	"Haydock"	"Ustath"	"8.50"	"9.2"	"Handicap"	"3"	"8"	"Sanderson, Benjamin"	"Fell, R / Murray, S"	"6f "	"5"	"7"	"1"	"12"
"16:45:00"	"2021-04-23"	"Cork"	"Hightimeyouwon"	"3.50"	"5.6"	"Handicap"	"4"	"15"	"Keane, C T"	"Weld, D K"	"7f "	"0"	"6"	"9"	"21"
"16:45:00"	"2021-04-23"	"Cork"	"Golden Valour"	"2.75"	"3.91"	"Handicap"	"5"	"15"	"Lee, W J"	"OBrien, Richard John"	"7f "	"0"	"9"	"2"	"17"
"16:00:00"	"2021-04-23"	"Doncaster"	"Dandys Gold (IRE)"	"2.75"	"4"	"Handicap"	"2"	"8"	"Sanderson, Benjamin"	"Fell, R / Murray, S"	"6f "	"5"	"8"	"5"	"14"
"14:10:00"	"2021-04-22"	"Beverley"	"Van Gerwen"	"12.00"	"15.99"	"Handicap"	"2"	"11"	"Hardie, Cameron"	"Midgley, P T"	"5f "	"5"	"7"	"7"	"7"
"14:10:00"	"2021-04-22"	"Beverley"	"Dapper Man (IRE)"	"2.00"	"3.15"	"Handicap"	"4"	"11"	"Curtis, B A"	"Fell, R / Murray, S"	"5f "	"5"	"3"	"2"	"6"
"14:10:00"	"2021-04-22"	"Beverley"	"Nibras Again"	"7.50"	"11.07"	"Handicap"	"8"	"11"	"Stott, Kevin"	"Midgley, P T"	"5f "	"5"	"8"	"3"	"9"
"13:45:00"	"2021-04-20"	"Epsom"	"Recon Mission (IRE)"	"5.50"	"7.36"	"Handicap"	"1"	"6"	"Dawson, R"	"Carroll, A W"	"5f "	"3"	"10"	"5"	"5"
"13:45:00"	"2021-04-20"	"Epsom"	"Green Power"	"12.00"	"14.5"	"Handicap"	"5"	"6"	"Crouch, Hector"	"Gallagher, J"	"5f "	"3"	"8"	"7"	"9"
"16:15:00"	"2021-04-19"	"Windsor"	"Twice As Likely"	"3.50"	"5.5"	"Handicap"	"2"	"10"	"Rooke, George"	"Hughes, Richard"	"6f "	"6"	"9"	"1"	"9"
"15:40:00"	"2021-04-19"	"Windsor"	"Isabella Ruby"	"33.00"	"61.19"	"Handicap"	"8"	"10"	"Whittington, Elisha"	"Williamson, Mrs L"	"6f "	"6"	"9"	"9"	"9"
"19:15:00"	"2021-04-17"	"Nottingham"	"Suwaan (IRE)"	"3.50"	"5.1"	"Handicap"	"4"	"9"	"Hogan, D E"	"Carr, Mrs R A"	"5f "	"6"	"10"	"3"	"8"
"12:40:00"	"2021-04-17"	"Thirsk"	"Ustath"	"18.00"	"21"	"Handicap"	"1"	"12"	"Sanderson, Benjamin"	"Fell, R / Murray, S"	"6f "	"6"	"10"	"8"	"8"
"12:40:00"	"2021-04-17"	"Thirsk"	"Outofthegloom"	"25.00"	"30.16"	"Handicap"	"10"	"12"	"Hardie, Cameron"	"Rothwell, B S"	"6f "	"6"	"9"	"2"	"10"
"12:10:00"	"2021-04-17"	"Thirsk"	"Carlovian"	"11.00"	"17.23"	"Handicap"	"12"	"12"	"Hart, Jason"	"Walford, Mark"	"6f "	"6"	"10"	"5"	"8"
"17:40:00"	"2021-04-15"	"Ripon"	"Canford Bay (IRE)"	"2.75"	"3.89"	"Handicap"	"3"	"7"	"Heard, Tyler"	"Brittain, Antony"	"5f "	"4"	"7"	"2"	"4"
"15:25:00"	"2021-04-15"	"Ripon"	"Mutanaaseq (IRE)"	"4.50"	"6.39"	"Handicap"	"2"	"14"	"Sullivan, James P"	"Carr, Mrs R A"	"6f "	"4"	"10"	"2"	"13"
"16:00:00"	"2021-04-14"	"Beverley"	"King Of Stars (IRE)"	"7.50"	"9.19"	"Handicap"	"2"	"9"	"Rawlinson, Ali"	"Appleby, M"	"5f "	"3"	"8"	"1"	"7"
"16:30:00"	"2021-04-13"	"Newmarket (Rowley)"	"Han Solo Berger (IRE)"	"4.50"	"7.64"	"Handicap"	"6"	"11"	"Mitchell, Jack"	"Wall, C F"	"5f "	"3"	"8"	"3"	"5"
"15:20:00"	"2021-04-12"	"Redcar"	"Hayadh"	"18.00"	"21"	"Handicap"	"4"	"11"	"James, S H"	"Bastiman, Harvey"	"1m "	"3"	"9"	"6"	"11"
"14:40:00"	"2021-04-09"	"Leicester"	"Dirty Rascal (IRE)"	"1.38"	"2.64"	"Handicap"	"1"	"13"	"Crehan, Mark"	"Boughey, George"	"7f "	"4"	"4"	"1"	"7"
"14:50:00"	"2021-04-05"	"Redcar"	"Presidential (IRE)"	"11.00"	"15.25"	"Handicap"	"8"	"10"	"Hart, Jason"	"Fell, R / Murray, S"	"7f "	"4"	"10"	"11"	"12"
"13:40:00"	"2021-04-05"	"Redcar"	"Socks Off (IRE)"	"40.00"	"66.73"	"Novices"	"8"	"11"	"Costello, Dougie"	"Keatley, Adrian Paul"	"1m "	"5"	"9"	"5"	"9"
"13:10:00"	"2021-04-05"	"Redcar"	"Ile De Brehat"	"200.00"	"371.91"	"Novices"	"10"	"11"	"James, S H"	"Tuer, Grant"	"1m "	"5"	"7"	"9"	"9"
"16:11:00"	"2021-04-03"	"Musselburgh"	"Fashion Advice"	"6.00"	"9.01"	"Handicap"	"1"	"17"	"Rodriguez, Callum"	"Dalgleish, Keith"	"5f "	"4"	"8"	"9"	"10"
"16:11:00"	"2021-04-03"	"Musselburgh"	"Dapper Man (IRE)"	"7.00"	"8.71"	"Handicap"	"6"	"17"	"Curtis, B A"	"Fell, R / Murray, S"	"5f "	"4"	"8"	"6"	"10"
"14:00:00"	"2021-04-03"	"Cork"	"Strategic Fortune (IRE)"	"50.00"	"60"	"Handicap"	"1"	"15"	"Lordan, W M"	"OShea, J F"	"7f "	"0"	"8"	"9"	"11"
"14:00:00"	"2021-04-03"	"Cork"	"Is That Love (IRE)"	"1.50"	"3.1"	"Handicap"	"4"	"15"	"MacRedmond, Cian"	"McGuinness, Adrian"	"7f "	"0"	"3"	"1"	"14"
"14:00:00"	"2021-04-03"	"Cork"	"Here She Comes (IRE)"	"80.00"	"119.1"	"Handicap"	"8"	"15"	"Heffernan, J A"	"McCreery, Peter"	"7f "	"0"	"8"	"11"	"14"
"14:00:00"	"2021-04-03"	"Cork"	"Brother In Law"	"16.00"	"26.54"	"Handicap"	"11"	"15"	"Farragher, Adam J"	"Cotter, Kieran P"	"7f "	"0"	"7"	"12"	"17"
"14:50:00"	"2021-03-28"	"Naas"	"Pretty Boy Floyd (IRE)"	"16.00"	"21"	"Handicap"	"9"	"17"	"McConville, Katie"	"Dawson, Mrs Sarah"	"6f "	"0"	"7"	"5"	"11"
"14:25:00"	"2021-03-27"	"Navan"	"Glow Worm (IRE)"	"7.00"	"8.58"	"Handicap"	"3"	"17"	"Whelan, R P"	"Davison, Jack W"	"5f "	"0"	"6"	"9"	"20"
"14:25:00"	"2021-03-27"	"Navan"	"Celtic Manor (IRE)"	"5.50"	"7.2"	"Handicap"	"5"	"17"	"Crosse, S M"	"Donnelly, Garvan"	"5f "	"0"	"6"	"6"	"20"
"13:50:00"	"2021-03-27"	"Navan"	"Hero Of The Hour"	"50.00"	"109.69"	"Maiden"	"7"	"14"	"Maxwell, C D"	"McAuley, James"	"5f "	"0"	"6"	"11"	"20"
"17:10:00"	"2021-03-21"	"Curragh"	"Sunset Nova (IRE)"	"11.00"	"12"	"Handicap"	"4"	"20"	"Slattery, A J"	"Slattery, Andrew"	"6f "	"0"	"9"	"4"	"14"
"17:10:00"	"2021-03-21"	"Curragh"	"Intervention"	"25.00"	"42.58"	"Handicap"	"8"	"20"	"Lee, W J"	"OBrien, Charles"	"6f "	"0"	"9"	"11"	"14"
"14:00:00"	"2021-03-21"	"Curragh"	"Ecclesiastical"	"4.00"	"5.7"	"Handicap"	"3"	"11"	"Keane, C T"	"McCourt, T G"	"5f "	"0"	"9"	"5"	"9"
"14:00:00"	"2021-03-21"	"Curragh"	"Big Gossey (IRE)"	"4.50"	"5.17"	"Handicap"	"9"	"11"	"Sheehy, Danny"	"OBrien, Charles"	"5f "	"0"	"9"	"2"	"9"
"15:45:00"	"2020-11-07"	"Doncaster"	"Masked Identity"	"5.50"	"8.49"	"Handicap"	"5"	"19"	"Presland, Molly"	"Keightley, S L"	"7f "	"3"	"7"	"2"	"10"
"15:45:00"	"2020-11-07"	"Doncaster"	"War Glory (IRE)"	"11.00"	"16.24"	"Handicap"	"6"	"19"	"Hansen, Thore"	"Hannon (Jnr), Richard"	"7f "	"3"	"9"	"7"	"9"
"15:45:00"	"2020-11-07"	"Doncaster"	"Markazi (FR)"	"16.00"	"22.53"	"Handicap"	"8"	"19"	"Russell, Harry"	"OMeara, D"	"7f "	"3"	"9"	"6"	"11"
"15:45:00"	"2020-11-07"	"Doncaster"	"Get Knotted (IRE)"	"9.00"	"12.42"	"Handicap"	"12"	"19"	"Redpath, Aidan"	"Dods, M"	"7f "	"3"	"7"	"3"	"10"
"15:45:00"	"2020-11-07"	"Doncaster"	"Melburnian"	"66.00"	"140"	"Handicap"	"18"	"19"	"Mackay, Jay"	"Chapple-Hyam, Jane"	"7f "	"3"	"9"	"8"	"11"
"14:45:00"	"2020-11-07"	"Doncaster"	"Saw The Sea"	"250.00"	"559.35"	"Novices"	"7"	"8"	"Lee, G"	"Ellam, Clare"	"1m "	"5"	"10"	"12"	"12"
"12:15:00"	"2020-11-07"	"Naas"	"Fugacious (IRE)"	"1.88"	"2.96"	"Maiden"	"5"	"11"	"Ryan, Gavin"	"Feane, John James"	"6f "	"0"	"1"	"4"	"17"
"16:10:00"	"2020-11-06"	"Curragh"	"Teddy Boy (IRE)"	"12.00"	"18.34"	"Handicap"	"3"	"18"	"Hayes, C D"	"Lynam, Edward"	"6f "	"0"	"4"	"14"	"17"
"16:10:00"	"2020-11-06"	"Curragh"	"Pretty Boy Floyd (IRE)"	"2.25"	"3.8"	"Handicap"	"4"	"18"	"Hoban, Connor"	"Dawson, Mrs Sarah"	"6f "	"0"	"4"	"1"	"17"
"16:10:00"	"2020-11-06"	"Curragh"	"Jensons Joy (IRE)"	"16.00"	"22"	"Handicap"	"10"	"18"	"Curran, D N"	"OLeary, Gerard"	"6f "	"0"	"4"	"5"	"17"
"15:40:00"	"2020-11-04"	"Nottingham"	"Tomahawk Ridge (IRE)"	"12.00"	"15.5"	"Handicap"	"2"	"12"	"Heard, Tyler"	"Gallagher, J"	"5f "	"6"	"9"	"9"	"16"
"15:40:00"	"2020-11-04"	"Nottingham"	"Sheepscar Lad (IRE)"	"6.00"	"8.55"	"Handicap"	"6"	"12"	"Smithies, Aiden"	"Tinkler, N"	"5f "	"6"	"9"	"2"	"16"
"15:10:00"	"2020-11-04"	"Nottingham"	"Show Palace"	"7.50"	"9"	"Handicap"	"4"	"8"	"Norton, Francis"	"Candlish, Jennie"	"5f "	"4"	"7"	"6"	"8"
"15:10:00"	"2020-11-04"	"Nottingham"	"Teruntum Star (FR)"	"18.00"	"22"	"Handicap"	"8"	"8"	"Dennis, Phil"	"Griffiths, D C"	"5f "	"4"	"8"	"4"	"10"
"14:40:00"	"2020-11-03"	"Redcar"	"Song of The Isles (IRE)"	"4.50"	"6.4"	"Handicap"	"1"	"12"	"MacKenzie, Ellie"	"Main, Mrs H S"	"7f "	"4"	"8"	"1"	"8"
"14:40:00"	"2020-11-03"	"Redcar"	"Bobby Shaft"	"4.50"	"6.8"	"Handicap"	"6"	"12"	"Nolan, D"	"Wainwright, J S"	"7f "	"4"	"10"	"1"	"14"
"14:40:00"	"2020-11-03"	"Redcar"	"Eligible (IRE)"	"66.00"	"133.55"	"Handicap"	"7"	"12"	"Egan, John"	"Easterby, M W"	"7f "	"4"	"10"	"10"	"14"
"14:40:00"	"2020-11-03"	"Redcar"	"Kendergarten Kop (IRE)"	"28.00"	"49.23"	"Handicap"	"9"	"12"	"Probert, David"	"Flood, D"	"7f "	"4"	"10"	"4"	"15"
"13:40:00"	"2020-11-03"	"Redcar"	"Josiebond"	"4.50"	"6"	"Handicap"	"1"	"9"	"Fallon, Cieren"	"Bastiman, Rebecca"	"1m "	"6"	"3"	"4"	"11"
"13:10:00"	"2020-11-03"	"Redcar"	"Highlight Reel (IRE)"	"5.50"	"8.3"	"Handicap"	"3"	"10"	"Payton, Owen"	"Bastiman, Rebecca"	"1m "	"6"	"8"	"1"	"16"
"13:10:00"	"2020-11-03"	"Redcar"	"Be Bold"	"7.50"	"9"	"Handicap"	"5"	"10"	"Probert, David"	"Bastiman, Rebecca"	"1m "	"6"	"3"	"9"	"13"
"13:10:00"	"2020-11-03"	"Redcar"	"Real Smooth (IRE)"	"4.50"	"5.5"	"Handicap"	"6"	"10"	"McDonald, P J"	"Smith, R Michael"	"1m "	"6"	"8"	"4"	"16"
"12:40:00"	"2020-11-03"	"Redcar"	"Straight Ash (IRE)"	"4.50"	"6.76"	"Seller"	"2"	"6"	"Nolan, D"	"Menzies, Rebecca"	"1m "	"5"	"8"	"2"	"9"
"12:40:00"	"2020-11-03"	"Redcar"	"Mount Ararat (IRE)"	"14.00"	"18.35"	"Seller"	"5"	"6"	"Curtis, B A"	"Burke, K R"	"1m "	"5"	"8"	"4"	"9"
"12:40:00"	"2020-11-03"	"Redcar"	"Dawry (IRE)"	"28.00"	"34"	"Seller"	"6"	"6"	"Queally, T P"	"Main, Mrs H S"	"1m "	"5"	"8"	"8"	"9"
"15:50:00"	"2020-10-31"	"Newmarket (Rowley)"	"Get Knotted (IRE)"	"4.50"	"6.6"	"Handicap"	"3"	"10"	"Rodriguez, Callum"	"Dods, M"	"7f "	"4"	"7"	"4"	"15"
"13:10:00"	"2020-10-27"	"Catterick"	"Rockley Point"	"8.50"	"11"	"Handicap"	"1"	"9"	"Dennis, Phil"	"Scott, Miss Katie"	"5f "	"6"	"7"	"6"	"13"
"13:10:00"	"2020-10-27"	"Catterick"	"Highjacked"	"1.10"	"2.13"	"Handicap"	"3"	"9"	"James, S H"	"Davies, J J"	"5f "	"6"	"1"	"3"	"16"
"13:10:00"	"2020-10-27"	"Catterick"	"Trulove"	"66.00"	"133.34"	"Handicap"	"4"	"9"	"Shaw, Harrison"	"Riches, John"	"5f "	"6"	"5"	"11"	"11"
"13:10:00"	"2020-10-27"	"Catterick"	"Amelia R (IRE)"	"6.50"	"10.23"	"Handicap"	"6"	"9"	"Lee, G"	"Craggs, R"	"5f "	"6"	"7"	"1"	"14"
"16:20:00"	"2020-10-26"	"Leicester"	"Inner Circle (IRE)"	"1.38"	"2.49"	"Handicap"	"2"	"9"	"Hillhouse, Cameron"	"Loughnane, Daniel Mark"	"7f "	"5"	"10"	"2"	"12"
"16:10:00"	"2020-10-26"	"Redcar"	"Real Smooth (IRE)"	"8.50"	"11.82"	"Handicap"	"4"	"16"	"Dobie, Georgia"	"Smith, R Michael"	"6f "	"6"	"10"	"6"	"13"
"16:10:00"	"2020-10-26"	"Redcar"	"Round The Island"	"4.50"	"8"	"Handicap"	"6"	"16"	"Carver, William"	"Whitaker, R M"	"6f "	"6"	"7"	"1"	"10"
"16:10:00"	"2020-10-26"	"Redcar"	"Tomahawk Ridge (IRE)"	"7.00"	"9.26"	"Handicap"	"9"	"16"	"Heard, Tyler"	"Gallagher, J"	"6f "	"6"	"7"	"2"	"11"
"15:45:00"	"2020-10-26"	"Leicester"	"Sir Plato (IRE)"	"10.00"	"12.62"	"Handicap"	"8"	"9"	"Millman, Mr P"	"Millman, B R"	"7f "	"5"	"7"	"3"	"13"
"15:10:00"	"2020-10-26"	"Leicester"	"Calonne (IRE)"	"8.00"	"13.4"	"Claimer"	"4"	"8"	"Sousa, Silvestre De"	"Harker, G A"	"7f "	"5"	"6"	"5"	"14"
"17:10:00"	"2020-10-24"	"Doncaster"	"Dawn Breaking"	"8.00"	"11.77"	"Handicap"	"8"	"14"	"Dennis, Phil"	"Whitaker, R M"	"7f "	"4"	"7"	"6"	"13"
"17:10:00"	"2020-10-24"	"Doncaster"	"The Great Heir (FR)"	"3.50"	"5.46"	"Handicap"	"11"	"14"	"Stott, Kevin"	"Ryan, K A"	"7f "	"4"	"7"	"5"	"13"
"16:40:00"	"2020-10-24"	"Doncaster"	"Erich Bloch (IRE)"	"5.00"	"7.06"	"Handicap"	"3"	"12"	"Rodriguez, Callum"	"Fell, R / Murray, S"	"7f "	"4"	"7"	"1"	"13"
"16:35:00"	"2020-10-23"	"Newbury"	"Teruntum Star (FR)"	"6.50"	"7.5"	"Handicap"	"6"	"10"	"Dennis, Phil"	"Griffiths, D C"	"6f "	"3"	"6"	"5"	"10"
"15:40:00"	"2020-10-22"	"Navan"	"Jensons Joy (IRE)"	"2.25"	"3.55"	"Handicap"	"11"	"14"	"Foley, Shane"	"OLeary, Gerard"	"5f "	"0"	"2"	"2"	"12"
"15:05:00"	"2020-10-22"	"Navan"	"Miacomet (IRE)"	"4.00"	"5.8"	"Handicap"	"6"	"7"	"McAteer, L T"	"Davison, Jack W"	"5f "	"0"	"7"	"11"	"11"
"16:50:00"	"2020-10-20"	"Yarmouth"	"Leo Davinci (USA)"	"4.00"	"5.7"	"Handicap"	"3"	"14"	"Doyle, Hollie"	"Loughnane, Daniel Mark"	"7f "	"6"	"8"	"3"	"11"
"16:50:00"	"2020-10-20"	"Yarmouth"	"Run After Genesis (IRE)"	"4.00"	"5.7"	"Handicap"	"4"	"14"	"Carson, William"	"Johnson, B R"	"7f "	"6"	"8"	"5"	"13"
"16:50:00"	"2020-10-20"	"Yarmouth"	"Field of Vision (IRE)"	"6.50"	"8.61"	"Handicap"	"8"	"14"	"Marquand, Tom"	"Flint, J L"	"7f "	"6"	"8"	"3"	"12"
"16:50:00"	"2020-10-20"	"Yarmouth"	"Socru (IRE)"	"10.00"	"14"	"Handicap"	"9"	"14"	"Greatrex, Thomas"	"West, Adam"	"7f "	"6"	"8"	"5"	"12"
"16:20:00"	"2020-10-20"	"Yarmouth"	"True Belief (IRE)"	"3.33"	"5.27"	"Handicap"	"2"	"15"	"Carson, William"	"Johnson, B R"	"6f "	"6"	"8"	"1"	"11"
"16:20:00"	"2020-10-20"	"Yarmouth"	"Stallone (IRE)"	"5.00"	"7.2"	"Handicap"	"3"	"15"	"Turner, Hayley"	"Spiller, Henry"	"6f "	"6"	"8"	"4"	"11"
"14:00:00"	"2020-10-19"	"Windsor"	"Voltaic"	"6.50"	"5.33"	"Claimer"	"4"	"8"	"Bryan, Joshua"	"Llewellyn, B J"	"6f "	"5"	"6"	"3"	"13"
"13:00:00"	"2020-10-19"	"Windsor"	"Firenze Rosa (IRE)"	"10.00"	"13"	"Handicap"	"7"	"11"	"Osborne, Saffie"	"Bridger, J / Cook, R"	"5f "	"6"	"7"	"8"	"11"
"13:00:00"	"2020-10-19"	"Windsor"	"Tilsworth Emerald"	"125.00"	"172.76"	"Handicap"	"11"	"11"	"Ghiani, Marco"	"Jenkins, J R"	"5f "	"6"	"5"	"12"	"12"
"15:05:00"	"2020-10-16"	"Redcar"	"Sassoon"	"6.50"	"9.2"	"Handicap"	"1"	"12"	"Rodriguez, Callum"	"Haslam, B M R"	"7f "	"6"	"8"	"1"	"11"
"15:05:00"	"2020-10-16"	"Redcar"	"Inner Circle (IRE)"	"4.50"	"6.18"	"Handicap"	"2"	"12"	"Greatrex, Edward"	"Loughnane, Daniel Mark"	"7f "	"6"	"10"	"2"	"10"
"15:05:00"	"2020-10-16"	"Redcar"	"God Of Dreams"	"6.00"	"7.69"	"Handicap"	"5"	"12"	"Breslin, Andrew"	"Dalgleish, Keith"	"7f "	"6"	"8"	"2"	"11"
"14:35:00"	"2020-10-16"	"Redcar"	"Real Smooth (IRE)"	"5.50"	"7.2"	"Handicap"	"6"	"13"	"Dawson, R"	"Smith, R Michael"	"7f "	"6"	"8"	"2"	"7"
"13:45:00"	"2020-10-16"	"Haydock"	"Extrodinair"	"28.00"	"44.12"	"Handicap"	"12"	"14"	"Crowley, Jim"	"Chapple-Hyam, Jane"	"6f "	"3"	"6"	"2"	"12"
"14:05:00"	"2020-10-15"	"Curragh"	"Pretty Boy Floyd (IRE)"	"5.50"	"7.8"	"Handicap"	"1"	"18"	"Keane, C T"	"Dawson, Mrs Sarah"	"6f "	"0"	"8"	"3"	"17"
"17:20:00"	"2020-10-14"	"Nottingham"	"Lydiate Lady"	"12.00"	"17"	"Handicap"	"3"	"12"	"Tutty, Gemma"	"Tutty, Mrs K J"	"5f "	"6"	"8"	"2"	"11"
"17:20:00"	"2020-10-14"	"Nottingham"	"Sheepscar Lad (IRE)"	"7.00"	"9.56"	"Handicap"	"4"	"12"	"McManoman, Faye"	"Tinkler, N"	"5f "	"6"	"8"	"4"	"10"
"17:20:00"	"2020-10-14"	"Nottingham"	"Lordsbridge Boy"	"4.50"	"6.06"	"Handicap"	"8"	"12"	"Downing, George"	"Ivory, D K"	"5f "	"6"	"8"	"4"	"9"
"16:50:00"	"2020-10-14"	"Nottingham"	"Oriental Splendour (IRE)"	"25.00"	"27.56"	"Handicap"	"7"	"10"	"Sullivan, James P"	"Carr, Mrs R A"	"5f "	"6"	"8"	"9"	"11"
"16:50:00"	"2020-10-14"	"Nottingham"	"Harrogate (IRE)"	"5.50"	"7.47"	"Handicap"	"10"	"10"	"Kirby, Adam"	"Boyle, J R"	"5f "	"6"	"8"	"8"	"9"
"16:00:00"	"2020-10-12"	"Musselburgh"	"Red Allure"	"5.50"	"8.2"	"Handicap"	"5"	"12"	"Rodriguez, Callum"	"Mullineaux, M"	"5f "	"6"	"7"	"9"	"11"
"15:53:00"	"2020-10-12"	"Yarmouth"	"James Park Woods (IRE)"	"2.00"	"3.04"	"Handicap"	"3"	"13"	"McDonald, P J"	"Davis, D J S Ffrench"	"1m "	"5"	"7"	"2"	"13"
"15:30:00"	"2020-10-12"	"Musselburgh"	"Afandem (IRE)"	"4.00"	"5.1"	"Handicap"	"5"	"9"	"Fentiman, Duran"	"Easterby, T D"	"5f "	"4"	"9"	"8"	"13"
"15:23:00"	"2020-10-12"	"Yarmouth"	"Defence Treaty (IRE)"	"4.00"	"5.15"	"Handicap"	"2"	"11"	"Nicholls, Miss M"	"Fahey, R A"	"7f "	"5"	"10"	"4"	"12"
"15:23:00"	"2020-10-12"	"Yarmouth"	"Stallone (IRE)"	"4.00"	"5.25"	"Handicap"	"4"	"11"	"Murphy, Oisin"	"Spiller, Henry"	"7f "	"5"	"6"	"3"	"8"
"15:00:00"	"2020-10-12"	"Musselburgh"	"Black Friday"	"2.00"	"3.21"	"Handicap"	"1"	"10"	"Dawson, R"	"Smith, R Michael"	"5f "	"4"	"4"	"1"	"9"
"15:25:00"	"2020-10-11"	"Goodwood"	"Eye Of The Water (IRE)"	"5.50"	"7.8"	"Handicap"	"2"	"14"	"Buick, William"	"Harris, R A"	"6f "	"3"	"10"	"2"	"12"
"13:40:00"	"2020-10-11"	"Curragh"	"Time Stands Still"	"22.00"	"32.53"	"Handicap"	"12"	"15"	"Farragher, Adam J"	"Martin, W J"	"6f "	"0"	"10"	"2"	"14"
"13:40:00"	"2020-10-11"	"Curragh"	"Miacomet (IRE)"	"8.00"	"12"	"Handicap"	"14"	"15"	"Sheridan, J M"	"Davison, Jack W"	"6f "	"0"	"4"	"5"	"8"
"14:10:00"	"2020-10-08"	"Ayr"	"Black Friday"	"3.50"	"5.45"	"Handicap"	"1"	"9"	"Mathers, Patrick"	"Smith, R Michael"	"6f "	"4"	"9"	"3"	"8"
"14:10:00"	"2020-10-08"	"Ayr"	"John Kirkup"	"3.00"	"4"	"Handicap"	"3"	"9"	"Beasley, Connor"	"Dods, M"	"6f "	"4"	"9"	"8"	"11"
"14:10:00"	"2020-10-08"	"Ayr"	"Quanah (IRE)"	"18.00"	"26.49"	"Handicap"	"5"	"9"	"Dennis, Phil"	"Bailey, Liam"	"6f "	"4"	"10"	"6"	"8"
"15:50:00"	"2020-10-07"	"Navan"	"Inflection Point (IRE)"	"5.00"	"7.6"	"Handicap"	"1"	"8"	"Foley, Shane"	"Cotter, Kieran P"	"5f "	"0"	"10"	"10"	"15"
"15:50:00"	"2020-10-07"	"Navan"	"Stanhope"	"18.00"	"23"	"Handicap"	"7"	"8"	"Cleary, R P"	"McConnell, John C"	"5f "	"0"	"5"	"8"	"11"
"15:15:00"	"2020-10-07"	"Navan"	"Pretty Smart (IRE)"	"4.00"	"6.97"	"Handicap"	"1"	"17"	"Ewing, Sam"	"Martin, Patrick"	"5f "	"0"	"8"	"4"	"14"
"15:15:00"	"2020-10-07"	"Navan"	"Pillar"	"5.00"	"6.45"	"Handicap"	"7"	"17"	"Powell, J A"	"McGuinness, Adrian"	"5f "	"0"	"8"	"4"	"11"
"13:30:00"	"2020-10-07"	"Nottingham"	"Independence Day (IRE)"	"10.00"	"15.26"	"Handicap"	"13"	"14"	"Haynes, Joey"	"Banham, Chelsea"	"6f "	"6"	"6"	"3"	"11"
"13:30:00"	"2020-10-07"	"Nottingham"	"Highlight Reel (IRE)"	"12.00"	"14.33"	"Handicap"	"14"	"14"	"Ladd, Theodore"	"Bastiman, Rebecca"	"6f "	"6"	"9"	"9"	"13"
"16:30:00"	"2020-10-06"	"Catterick"	"Hard Solution"	"7.50"	"11"	"Handicap"	"8"	"11"	"Ennis, Mr M"	"OMeara, D"	"5f "	"6"	"8"	"1"	"11"
"15:50:00"	"2020-10-06"	"Leicester"	"Dodgy Bob"	"33.00"	"47.99"	"Handicap"	"5"	"8"	"Wheatley, Zak"	"Mullineaux, M"	"6f "	"5"	"8"	"7"	"11"
"15:20:00"	"2020-10-06"	"Leicester"	"Spanish Star (IRE)"	"3.00"	"5.23"	"Handicap"	"1"	"8"	"Muscutt, D"	"Chamings, P R"	"6f "	"5"	"9"	"2"	"14"
"17:05:00"	"2020-10-03"	"Redcar"	"Ey Up Its Mick"	"6.00"	"9.06"	"Handicap"	"4"	"13"	"Mathers, Patrick"	"Coyle, Tony"	"5f "	"4"	"7"	"3"	"6"
"17:05:00"	"2020-10-03"	"Redcar"	"Abate"	"5.50"	"7.6"	"Handicap"	"5"	"13"	"McHugh, B"	"Nicholls, Adrian"	"5f "	"4"	"9"	"3"	"6"
"17:05:00"	"2020-10-03"	"Redcar"	"Fantasy Keeper"	"6.00"	"7.46"	"Handicap"	"7"	"13"	"Marquand, Tom"	"Appleby, M"	"5f "	"4"	"7"	"3"	"11"
"17:05:00"	"2020-10-03"	"Redcar"	"Afandem (IRE)"	"11.00"	"15.55"	"Handicap"	"8"	"13"	"Allan, David"	"Easterby, T D"	"5f "	"4"	"7"	"2"	"6"
"17:05:00"	"2020-10-03"	"Redcar"	"Van Gerwen"	"28.00"	"34"	"Handicap"	"11"	"13"	"Mullen, Andrew"	"Midgley, P T"	"5f "	"4"	"7"	"6"	"6"
"16:35:00"	"2020-10-03"	"Redcar"	"Mikmak"	"18.00"	"25.22"	"Handicap"	"5"	"16"	"Allan, David"	"Easterby, T D"	"1m "	"4"	"8"	"11"	"12"
"16:35:00"	"2020-10-03"	"Redcar"	"Archaeology"	"7.50"	"9.2"	"Handicap"	"12"	"16"	"Garritty, Jack"	"OKeeffe, Jedd"	"1m "	"4"	"5"	"5"	"7"
"13:55:00"	"2020-10-02"	"Ascot"	"Prejudice"	"5.00"	"7.62"	"Non-Handicap"	"4"	"6"	"Spencer, Jamie"	"Simcock, D M"	"1m "	"3"	"6"	"4"	"6"
"13:55:00"	"2020-10-02"	"Ascot"	"Tulfarris"	"2.75"	"3.95"	"Non-Handicap"	"5"	"6"	"Turner, Hayley"	"Fellowes, Charlie"	"1m "	"3"	"6"	"14"	"27"
"15:40:00"	"2020-10-01"	"Salisbury"	"Mini Milk"	"1.25"	"2.51"	"Handicap"	"6"	"14"	"Dwyer, Martin"	"Meehan, B J"	"7f "	"6"	"8"	"1"	"13"
"16:05:00"	"2020-09-30"	"Nottingham"	"The Daley Express (IRE)"	"9.00"	"11.53"	"Handicap"	"1"	"15"	"Bryan, Joshua"	"Harris, R A"	"5f "	"5"	"9"	"4"	"9"
"16:05:00"	"2020-09-30"	"Nottingham"	"Dapper Man (IRE)"	"5.50"	"6.8"	"Handicap"	"2"	"15"	"Curtis, B A"	"Fell, R / Murray, S"	"5f "	"5"	"7"	"1"	"8"
"16:05:00"	"2020-09-30"	"Nottingham"	"Thrilla In Manila"	"8.00"	"13"	"Handicap"	"13"	"15"	"Doyle, Hollie"	"Spencer, Richard"	"5f "	"5"	"8"	"4"	"10"
"14:55:00"	"2020-09-30"	"Nottingham"	"Case Key"	"50.00"	"69.1"	"Handicap"	"4"	"16"	"Mullen, Andrew"	"Appleby, M"	"6f "	"3"	"3"	"14"	"14"
"16:00:00"	"2020-09-29"	"Cork"	"Pillar"	"7.00"	"9.62"	"Handicap"	"4"	"11"	"Foley, Shane"	"McGuinness, Adrian"	"6f "	"0"	"8"	"3"	"11"
"16:00:00"	"2020-09-29"	"Cork"	"Fascinating Spirit (IRE)"	"4.00"	"5.8"	"Handicap"	"7"	"11"	"Farragher, Adam J"	"McCarthy, Eoin Christopher"	"6f "	"0"	"7"	"5"	"13"
"14:20:00"	"2020-09-29"	"Cork"	"Dee Sprinter (IRE)"	"6.50"	"8.8"	"Handicap"	"8"	"14"	"Farragher, Adam J"	"Roberts, Reginald"	"5f "	"0"	"8"	"8"	"12"
"16:00:00"	"2020-09-28"	"Hamilton"	"Hard Solution"	"8.00"	"12"	"Handicap"	"1"	"11"	"Ennis, Mr M"	"OMeara, D"	"6f "	"6"	"8"	"6"	"12"
"16:00:00"	"2020-09-28"	"Hamilton"	"Laoise (USA)"	"6.00"	"8.2"	"Handicap"	"5"	"11"	"Blakemore, Aiden"	"Perratt, Miss L A"	"6f "	"6"	"7"	"4"	"12"
"16:00:00"	"2020-09-28"	"Hamilton"	"Indiaro"	"20.00"	"25.57"	"Handicap"	"10"	"11"	"Collier, Miss A"	"Perratt, Miss L A"	"6f "	"6"	"7"	"7"	"12"
"13:30:00"	"2020-09-28"	"Hamilton"	"Shesadabber"	"9.00"	"10.5"	"Handicap"	"2"	"8"	"Mullen, Andrew"	"Mullineaux, M"	"5f "	"5"	"8"	"1"	"12"
"13:30:00"	"2020-09-28"	"Hamilton"	"Major Pusey"	"10.00"	"13"	"Handicap"	"4"	"8"	"Mathers, Patrick"	"Harrison, Gary"	"5f "	"5"	"7"	"4"	"6"
"13:30:00"	"2020-09-28"	"Hamilton"	"Montalvan (IRE)"	"2.75"	"4"	"Handicap"	"5"	"8"	"Curtis, B A"	"Fell, R / Murray, S"	"5f "	"5"	"5"	"1"	"17"
"17:00:00"	"2020-09-27"	"Nottingham"	"Spanish Star (IRE)"	"14.00"	"18.53"	"Handicap"	"2"	"14"	"Keniry, L P"	"Chamings, P R"	"6f "	"5"	"9"	"6"	"12"
"15:25:00"	"2020-09-27"	"Musselburgh"	"Mansfield"	"6.00"	"7.33"	"Handicap"	"3"	"13"	"Hardie, Cameron"	"Barclay, Stella"	"5f "	"6"	"8"	"1"	"9"
"14:50:00"	"2020-09-27"	"Musselburgh"	"Victory Angel (IRE)"	"9.00"	"11.67"	"Handicap"	"1"	"13"	"James, S H"	"Bastiman, Rebecca"	"5f "	"3"	"10"	"6"	"11"
"14:50:00"	"2020-09-27"	"Musselburgh"	"Primos Comet"	"7.50"	"10.47"	"Handicap"	"3"	"13"	"McManoman, Faye"	"Goldie, J S"	"5f "	"3"	"10"	"7"	"11"
"14:50:00"	"2020-09-27"	"Musselburgh"	"Sound Of Iona"	"16.00"	"19"	"Handicap"	"6"	"13"	"Mathers, Patrick"	"Goldie, J S"	"5f "	"3"	"9"	"22"	"23"
"17:40:00"	"2020-09-26"	"Ripon"	"Marks Choice (IRE)"	"7.00"	"7"	"Handicap"	"1"	"9"	"MacRedmond, Cian"	"England, Sam"	"6f "	"5"	"3"	"4"	"8"
"17:40:00"	"2020-09-26"	"Ripon"	"Penny Pot Lane"	"5.00"	"6.99"	"Handicap"	"2"	"9"	"Lyons, Joseph"	"Whitaker, R M"	"6f "	"5"	"9"	"2"	"9"
"15:30:00"	"2020-09-26"	"Ripon"	"Pavers Pride"	"4.00"	"5.72"	"Handicap"	"1"	"6"	"McDonald, P J"	"Midgley, P T"	"5f "	"4"	"9"	"5"	"11"
"15:30:00"	"2020-09-26"	"Ripon"	"Afandem (IRE)"	"7.50"	"10.41"	"Handicap"	"2"	"6"	"Fentiman, Duran"	"Easterby, T D"	"5f "	"4"	"9"	"3"	"11"
"15:30:00"	"2020-09-26"	"Ripon"	"Ey Up Its Mick"	"1.88"	"3"	"Handicap"	"3"	"6"	"Mathers, Patrick"	"Coyle, Tony"	"5f "	"4"	"2"	"3"	"8"
"15:30:00"	"2020-09-26"	"Ripon"	"Autumn Flight (IRE)"	"6.50"	"8.93"	"Handicap"	"5"	"6"	"Eaves, Tom"	"Easterby, T D"	"5f "	"4"	"9"	"10"	"11"
"15:10:00"	"2020-09-26"	"Haydock"	"Music Society (IRE)"	"4.00"	"6.2"	"Handicap"	"2"	"11"	"Allan, David"	"Easterby, T D"	"6f "	"3"	"8"	"UR"	"23"
"15:10:00"	"2020-09-26"	"Haydock"	"Call Me Ginger"	"7.00"	"8"	"Handicap"	"6"	"11"	"Dawson, R"	"Goldie, J S"	"6f "	"3"	"8"	"15"	"23"
"15:10:00"	"2020-09-26"	"Haydock"	"Medicine Jack"	"22.00"	"27.66"	"Handicap"	"9"	"11"	"Muir, Paula"	"Fell, R / Murray, S"	"6f "	"3"	"8"	"14"	"23"
"16:55:00"	"2020-09-23"	"Redcar"	"Obee Jo (IRE)"	"6.00"	"8.43"	"Handicap"	"1"	"13"	"Allan, David"	"Easterby, T D"	"6f "	"6"	"8"	"5"	"10"
"16:55:00"	"2020-09-23"	"Redcar"	"Point Of Woods"	"20.00"	"26.22"	"Handicap"	"5"	"13"	"Rodriguez, Callum"	"Jackson, Miss T"	"6f "	"6"	"5"	"5"	"11"
"16:55:00"	"2020-09-23"	"Redcar"	"Herringswell (FR)"	"3.50"	"5.88"	"Handicap"	"9"	"13"	"Pearson, Laura"	"Smith, Martin"	"6f "	"6"	"8"	"2"	"10"
"16:20:00"	"2020-09-23"	"Redcar"	"Someone Exciting"	"25.00"	"43.18"	"Handicap"	"4"	"17"	"Shaw, Harrison"	"Thompson, D W"	"6f "	"6"	"2"	"10"	"12"
"16:20:00"	"2020-09-23"	"Redcar"	"Harrys Ridge (IRE)"	"1.25"	"2.44"	"Handicap"	"6"	"17"	"Hart, Jason"	"Alston, E J"	"6f "	"6"	"2"	"1"	"12"
"16:20:00"	"2020-09-23"	"Redcar"	"Decision Maker (IRE)"	"14.00"	"19"	"Handicap"	"13"	"17"	"Edmunds, Lewis"	"Bowring, S R"	"6f "	"6"	"5"	"6"	"11"
"15:15:00"	"2020-09-23"	"Redcar"	"Dapper Man (IRE)"	"4.50"	"6.17"	"Handicap"	"1"	"8"	"Curtis, B A"	"Fell, R / Murray, S"	"5f "	"5"	"1"	"12"	"17"
"14:40:00"	"2020-09-23"	"Redcar"	"Tukhoom (IRE)"	"3.33"	"4.9"	"Seller"	"1"	"7"	"Villiers, Angus"	"OMeara, D"	"1m "	"5"	"1"	"2"	"9"
"14:40:00"	"2020-09-23"	"Redcar"	"Bibbidibobbidiboo (IRE)"	"2.00"	"3.15"	"Seller"	"3"	"7"	"Norton, Francis"	"Duffield, Mrs A"	"1m "	"5"	"9"	"8"	"14"
"15:15:00"	"2020-09-22"	"Beverley"	"Dapper Man (IRE)"	"4.50"	"7.4"	"Handicap"	"12"	"17"	"Rodriguez, Callum"	"Fell, R / Murray, S"	"5f "	"6"	"6"	"5"	"11"
"15:25:00"	"2020-09-21"	"Hamilton"	"Major Pusey"	"4.50"	"6"	"Handicap"	"4"	"6"	"Mathers, Patrick"	"Harrison, Gary"	"5f "	"5"	"9"	"2"	"10"
"15:05:00"	"2020-09-21"	"Leicester"	"Tathmeen (IRE)"	"20.00"	"25"	"Handicap"	"4"	"7"	"McDonald, P J"	"Brittain, Antony"	"5f "	"3"	"9"	"11"	"11"
"15:05:00"	"2020-09-21"	"Leicester"	"Indian Sounds (IRE)"	"1.10"	"2.18"	"Handicap"	"5"	"7"	"Murphy, Oisin"	"Midgley, P T"	"5f "	"3"	"5"	"1"	"11"
"15:05:00"	"2020-09-21"	"Leicester"	"North Wind (IRE)"	"5.00"	"7.53"	"Handicap"	"6"	"7"	"Carver, William"	"Barron, T D"	"5f "	"3"	"5"	"2"	"11"
"14:55:00"	"2020-09-21"	"Hamilton"	"Laoise (USA)"	"10.00"	"13.33"	"Handicap"	"4"	"12"	"Lee, G"	"Perratt, Miss L A"	"6f "	"6"	"1"	"2"	"12"
"14:55:00"	"2020-09-21"	"Hamilton"	"Josiebond"	"6.50"	"8.37"	"Handicap"	"5"	"12"	"James, S H"	"Bastiman, Rebecca"	"6f "	"6"	"9"	"1"	"11"
"14:35:00"	"2020-09-21"	"Leicester"	"Rio Ronaldo (IRE)"	"20.00"	"32"	"Handicap"	"8"	"8"	"Marquand, Tom"	"Meehan, B J"	"6f "	"5"	"10"	"7"	"8"
"14:05:00"	"2020-09-20"	"Hamilton"	"Laoise (USA)"	"50.00"	"110"	"Handicap"	"2"	"12"	"Eaves, Tom"	"Perratt, Miss L A"	"5f "	"6"	"8"	"9"	"10"
"14:05:00"	"2020-09-20"	"Hamilton"	"Hard Solution"	"2.25"	"3.6"	"Handicap"	"6"	"12"	"Tudhope, Daniel"	"OMeara, D"	"5f "	"6"	"6"	"2"	"11"
"17:35:00"	"2020-09-19"	"Newmarket (Rowley)"	"Geranium"	"3.00"	"4.3"	"Handicap"	"3"	"12"	"Brotherton, Miss S"	"Morrison, H"	"1m1f "	"4"	"8"	"3"	"14"
"17:35:00"	"2020-09-19"	"Newmarket (Rowley)"	"Stringybark Creek"	"16.00"	"22.18"	"Handicap"	"12"	"12"	"Roberts, Mr B"	"Loughnane, David"	"1m1f "	"4"	"8"	"1"	"13"
"17:00:00"	"2020-09-19"	"Newmarket (Rowley)"	"Breanski"	"2.75"	"3.62"	"Handicap"	"3"	"8"	"Spencer, Jamie"	"OKeeffe, Jedd"	"6f "	"4"	"9"	"3"	"14"
"16:30:00"	"2020-09-19"	"Newbury"	"Marshal Dan (IRE)"	"6.00"	"8.31"	"Handicap"	"3"	"17"	"Dwyer, Martin"	"Main, Mrs H S"	"7f "	"3"	"9"	"1"	"12"
"16:30:00"	"2020-09-19"	"Newbury"	"Diocles Of Rome (IRE)"	"5.50"	"7.73"	"Handicap"	"9"	"17"	"Bentley, Harry"	"Beckett, R M"	"7f "	"3"	"7"	"3"	"12"
"16:30:00"	"2020-09-19"	"Newbury"	"Major Valentine"	"150.00"	"564.96"	"Handicap"	"14"	"17"	"Mckee, Ciaran"	"Oshea, J G M"	"7f "	"3"	"9"	"14"	"14"
"17:40:00"	"2020-09-17"	"Yarmouth"	"Swell Song"	"4.50"	"7.5"	"Handicap"	"2"	"10"	"Walsh, E J"	"Cowell, R M H"	"5f "	"6"	"3"	"4"	"9"
"17:40:00"	"2020-09-17"	"Yarmouth"	"Tilsworth Rose"	"4.50"	"6.31"	"Handicap"	"5"	"10"	"Bentley, Harry"	"Jenkins, J R"	"5f "	"6"	"8"	"4"	"10"
"17:40:00"	"2020-09-17"	"Yarmouth"	"Dollywaggon Pike"	"33.00"	"44.16"	"Handicap"	"8"	"10"	"Heard, Tyler"	"Jenkins, J R"	"5f "	"6"	"7"	"12"	"12"
"17:10:00"	"2020-09-17"	"Yarmouth"	"Woven"	"2.25"	"3.28"	"Handicap"	"6"	"6"	"Bentley, Harry"	"Simcock, D M"	"6f "	"3"	"4"	"5"	"7"
"17:00:00"	"2020-09-17"	"Ayr"	"Mid Winster"	"8.00"	"11.57"	"Handicap"	"1"	"11"	"Lee, G"	"Midgley, P T"	"5f "	"5"	"8"	"4"	"11"
"17:00:00"	"2020-09-17"	"Ayr"	"Primos Comet"	"7.00"	"9.58"	"Handicap"	"7"	"11"	"Fanning, Joe"	"Goldie, J S"	"5f "	"5"	"8"	"2"	"11"
"16:35:00"	"2020-09-16"	"Beverley"	"Dapper Man (IRE)"	"11.00"	"12.19"	"Handicap"	"5"	"11"	"Curtis, B A"	"Fell, R / Murray, S"	"5f "	"4"	"4"	"7"	"10"
"14:15:00"	"2020-09-16"	"Sandown"	"Pink Flamingo"	"9.00"	"12.89"	"Handicap"	"2"	"7"	"Shoemark, Kieran"	"Attwater, M J"	"5f "	"5"	"5"	"5"	"8"
"14:00:00"	"2020-09-16"	"Yarmouth"	"Lethal Angel"	"4.00"	"5.49"	"Handicap"	"2"	"8"	"Atzeni, Andrea"	"Williams, S C"	"6f "	"5"	"9"	"3"	"11"
"15:00:00"	"2020-09-15"	"Yarmouth"	"Grandfather Tom"	"4.50"	"5.88"	"Handicap"	"1"	"7"	"Dawson, R"	"Cowell, R M H"	"5f "	"4"	"8"	"5"	"9"
"14:20:00"	"2020-09-15"	"Redcar"	"Zap"	"2.25"	"3.52"	"Handicap"	"2"	"11"	"Garritty, Billy"	"Fahey, R A"	"7f "	"4"	"4"	"5"	"10"
"17:30:00"	"2020-09-14"	"Tipperary"	"Seanjohnsilver (IRE)"	"150.00"	"322.86"	"Handicap"	"1"	"14"	"Carroll, G F"	"McConnell, John C"	"5f "	"0"	"9"	"18"	"18"
"17:30:00"	"2020-09-14"	"Tipperary"	"Teddy Boy (IRE)"	"2.50"	"4.3"	"Handicap"	"3"	"14"	"Hayes, C D"	"Lynam, Edward"	"5f "	"0"	"9"	"3"	"18"
"17:30:00"	"2020-09-14"	"Tipperary"	"Ticks The Boxes (IRE)"	"16.00"	"22.28"	"Handicap"	"9"	"14"	"Orr, Oisin"	"Breen, Leanne"	"5f "	"0"	"9"	"9"	"18"
"17:30:00"	"2020-09-14"	"Tipperary"	"Pillar"	"4.50"	"7.76"	"Handicap"	"10"	"14"	"Lee, W J"	"McGuinness, Adrian"	"5f "	"0"	"9"	"6"	"18"
"15:55:00"	"2020-09-14"	"Lingfield"	"Thegreyvtrain"	"3.33"	"4.77"	"Handicap"	"2"	"9"	"ONeill, K T"	"Harris, R A"	"5f "	"6"	"5"	"2"	"10"
"15:55:00"	"2020-09-14"	"Lingfield"	"Swell Song"	"7.00"	"10"	"Handicap"	"4"	"9"	"Gordon, Josephine"	"Cowell, R M H"	"5f "	"6"	"5"	"5"	"10"
"15:55:00"	"2020-09-14"	"Lingfield"	"Celerity (IRE)"	"50.00"	"95"	"Handicap"	"5"	"9"	"Whittington, Elisha"	"Williamson, Mrs L"	"5f "	"6"	"4"	"11"	"12"
"15:15:00"	"2020-09-14"	"Thirsk"	"Highlight Reel (IRE)"	"5.50"	"7.09"	"Handicap Seller"	"5"	"16"	"Sullivan, James P"	"Bastiman, Rebecca"	"6f "	"6"	"7"	"8"	"9"
"14:55:00"	"2020-09-14"	"Lingfield"	"Field of Vision (IRE)"	"6.50"	"8.99"	"Handicap"	"11"	"13"	"Rooke, George"	"Flint, J L"	"7f "	"6"	"7"	"3"	"12"
"13:50:00"	"2020-09-14"	"Lingfield"	"Mr Millarcky"	"2.25"	"3.55"	"Handicap"	"1"	"10"	"Kelly, Shane"	"Guest, Rae"	"7.5f "	"5"	"7"	"1"	"11"
"13:50:00"	"2020-09-14"	"Lingfield"	"Black Medick"	"11.00"	"14.5"	"Handicap"	"5"	"10"	"Bennett, Charlie"	"Mongan, Mrs L J"	"7.5f "	"5"	"7"	"2"	"12"
"18:00:00"	"2020-09-12"	"Lingfield"	"Keepers Choice (IRE)"	"7.00"	"9.5"	"Handicap"	"4"	"11"	"Heard, Tyler"	"Wintle, A"	"7.5f "	"5"	"10"	"1"	"9"
"17:00:00"	"2020-09-12"	"Lingfield"	"Royal Dynasty"	"6.50"	"7.27"	"Handicap"	"3"	"11"	"Levey, S M"	"Moubarak, Mohamed"	"7f "	"4"	"9"	"6"	"11"
"16:35:00"	"2020-09-12"	"Musselburgh"	"Northern Society (IRE)"	"11.00"	"16"	"Handicap"	"5"	"10"	"Mullen, Andrew"	"Dalgleish, Keith"	"5f "	"5"	"6"	"3"	"13"
"16:35:00"	"2020-09-12"	"Musselburgh"	"Dapper Man (IRE)"	"3.33"	"4.76"	"Handicap"	"7"	"10"	"Scott, Rowan"	"Fell, R / Murray, S"	"5f "	"5"	"9"	"6"	"14"
"16:35:00"	"2020-09-12"	"Musselburgh"	"Amazing Alba"	"3.00"	"4.35"	"Handicap"	"8"	"10"	"Nolan, D"	"Whillans, A C"	"5f "	"5"	"6"	"1"	"13"
"17:05:00"	"2020-09-10"	"Chepstow"	"Bluebell Time (IRE)"	"7.00"	"9.04"	"Handicap"	"3"	"12"	"Keniry, L P"	"Saunders, M S"	"5f "	"6"	"7"	"6"	"13"
"17:05:00"	"2020-09-10"	"Chepstow"	"Davids Beauty (IRE)"	"5.50"	"8.2"	"Handicap"	"7"	"12"	"Queally, T P"	"Mullineaux, M"	"5f "	"6"	"8"	"5"	"13"
"17:05:00"	"2020-09-10"	"Chepstow"	"Celerity (IRE)"	"66.00"	"82.66"	"Handicap"	"11"	"12"	"Fahy, J P"	"Williamson, Mrs L"	"5f "	"6"	"6"	"11"	"12"
"15:55:00"	"2020-09-10"	"Chepstow"	"Zapper Cass (FR)"	"6.50"	"8.48"	"Handicap"	"4"	"8"	"Rawlinson, Ali"	"Appleby, M"	"6f "	"4"	"10"	"3"	"13"
"15:25:00"	"2020-09-10"	"Chepstow"	"Requinto Dawn (IRE)"	"16.00"	"18.72"	"Handicap"	"2"	"14"	"Hamilton, Tony"	"Fahey, R A"	"6f "	"6"	"8"	"7"	"10"
"15:25:00"	"2020-09-10"	"Chepstow"	"Under Curfew"	"4.50"	"6.13"	"Handicap"	"3"	"14"	"Phillips, Mollie"	"Carroll, A W"	"6f "	"6"	"8"	"1"	"13"
"15:25:00"	"2020-09-10"	"Chepstow"	"Glamorous Crescent"	"5.00"	"6.13"	"Handicap"	"5"	"14"	"Quinn, Jimmy"	"Mason, Christopher"	"6f "	"6"	"8"	"1"	"12"
"14:50:00"	"2020-09-10"	"Chepstow"	"Our Man In Havana"	"4.50"	"6.8"	"Handicap"	"3"	"13"	"Crouch, Hector"	"Carroll, A W"	"6f "	"6"	"8"	"4"	"13"
"13:45:00"	"2020-09-10"	"Navan"	"Caesars Comet (IRE)"	"5.00"	"7.06"	"Handicap"	"10"	"13"	"Doyle, Joe"	"Hogan, Denis Gerard"	"5.5f "	"0"	"5"	"5"	"18"
"13:30:00"	"2020-09-10"	"Haydock"	"Madrinho (IRE)"	"20.00"	"22.15"	"Handicap"	"9"	"14"	"Whittington, Elisha"	"Carroll, A W"	"6f "	"5"	"10"	"8"	"11"
"19:00:00"	"2020-09-09"	"Cork"	"Tio Esteban (FR)"	"4.50"	"7.01"	"Handicap"	"12"	"14"	"Byrne, Willie"	"Martin, W J"	"7f "	"0"	"7"	"2"	"14"
"16:15:00"	"2020-09-09"	"Doncaster"	"Sound Of Iona"	"12.00"	"17"	"Handicap"	"1"	"11"	"Robinson, Ben"	"Goldie, J S"	"5f "	"4"	"3"	"5"	"12"
"16:15:00"	"2020-09-09"	"Doncaster"	"Primos Comet"	"3.33"	"4.73"	"Handicap"	"2"	"11"	"Stott, Kevin"	"Goldie, J S"	"5f "	"4"	"3"	"7"	"12"
"16:15:00"	"2020-09-09"	"Doncaster"	"Tanasoq (IRE)"	"25.00"	"35.73"	"Handicap"	"8"	"11"	"Eaves, Tom"	"Midgley, P T"	"5f "	"4"	"8"	"14"	"15"
"16:15:00"	"2020-09-09"	"Doncaster"	"Eeh Bah Gum (IRE)"	"4.50"	"6.73"	"Handicap"	"10"	"11"	"Gormley, Jamie"	"Easterby, T D"	"5f "	"4"	"5"	"4"	"13"
"14:40:00"	"2020-09-09"	"Doncaster"	"The Throstles"	"33.00"	"50"	"Non-Handicap"	"3"	"20"	"Dawson, R"	"Frost, Kevin"	"1m "	"5"	"6"	"9"	"13"
"14:40:00"	"2020-09-09"	"Doncaster"	"Tommy G"	"18.00"	"24.16"	"Non-Handicap"	"4"	"20"	"Stott, Kevin"	"Goldie, J S"	"1m "	"5"	"8"	"8"	"9"
"14:40:00"	"2020-09-09"	"Doncaster"	"Vive La Difference (IRE)"	"20.00"	"30"	"Non-Handicap"	"9"	"20"	"Allan, David"	"Easterby, T D"	"1m "	"5"	"4"	"10"	"15"
"14:40:00"	"2020-09-09"	"Doncaster"	"Flying Dragon (FR)"	"5.00"	"7.6"	"Non-Handicap"	"13"	"20"	"Dobbs, Pat"	"Hannon (Jnr), Richard"	"1m "	"5"	"6"	"2"	"9"
"14:40:00"	"2020-09-09"	"Doncaster"	"Stoney Lane"	"66.00"	"133.86"	"Non-Handicap"	"13"	"20"	"Dennis, Phil"	"Whitaker, R M"	"1m "	"5"	"7"	"10"	"11"
"14:40:00"	"2020-09-09"	"Doncaster"	"Hammer Gun (USA)"	"20.00"	"31.9"	"Non-Handicap"	"20"	"20"	"Kingscote, Richard"	"Shaw, D"	"1m "	"5"	"7"	"9"	"11"
"17:10:00"	"2020-09-08"	"Goodwood"	"Abel Handy (IRE)"	"2.75"	"4.39"	"Handicap"	"6"	"9"	"Kirrane, Sean"	"OMeara, D"	"6f "	"4"	"7"	"1"	"15"
"16:30:00"	"2020-09-08"	"Catterick"	"Fox Hill"	"1.25"	"2.27"	"Handicap"	"1"	"6"	"Richardson, Rachel"	"Alston, E J"	"5f "	"4"	"4"	"3"	"12"
"16:30:00"	"2020-09-08"	"Catterick"	"Dark Shot"	"3.33"	"5.04"	"Handicap"	"2"	"6"	"Fallon, Cieren"	"Dixon, Scott"	"5f "	"4"	"8"	"1"	"13"
"16:30:00"	"2020-09-07"	"Windsor"	"Doc Sportello (IRE)"	"8.50"	"11"	"Handicap"	"2"	"9"	"Marquand, Tom"	"Carroll, A W"	"5f "	"4"	"7"	"5"	"13"
"16:30:00"	"2020-09-07"	"Windsor"	"Bellevarde (IRE)"	"8.50"	"9.83"	"Handicap"	"4"	"9"	"Doyle, Hollie"	"Price, R J"	"5f "	"4"	"9"	"2"	"5"
"16:30:00"	"2020-09-07"	"Windsor"	"Grandfather Tom"	"5.00"	"6.2"	"Handicap"	"5"	"9"	"Ryan, Rossa"	"Cowell, R M H"	"5f "	"4"	"10"	"6"	"11"
"15:20:00"	"2020-09-07"	"Leicester"	"Wild Hope"	"9.00"	"10.19"	"Handicap"	"5"	"12"	"Stott, Kevin"	"Ryan, K A"	"7f "	"3"	"4"	"11"	"11"
"15:20:00"	"2020-09-07"	"Leicester"	"Nefarious (IRE)"	"6.00"	"8.46"	"Handicap"	"10"	"12"	"Bentley, Harry"	"Candy, H"	"7f "	"3"	"9"	"6"	"11"
"15:00:00"	"2020-09-07"	"Lingfield"	"Field of Vision (IRE)"	"6.00"	"8.07"	"Handicap"	"3"	"12"	"Rooke, George"	"Flint, J L"	"7f "	"6"	"5"	"6"	"13"
"15:00:00"	"2020-09-07"	"Lingfield"	"De Bruyne Horse"	"11.00"	"12.04"	"Handicap"	"4"	"12"	"Fallon, Cieren"	"Griffiths, D C"	"7f "	"6"	"7"	"7"	"11"
"15:00:00"	"2020-09-07"	"Lingfield"	"Seprani"	"6.50"	"8.29"	"Handicap"	"6"	"12"	"Osborne, Saffie"	"Murphy, Amy"	"7f "	"6"	"5"	"10"	"13"
"15:00:00"	"2020-09-07"	"Lingfield"	"Arctic Flower (IRE)"	"20.00"	"19.2"	"Handicap"	"7"	"12"	"Hansen, Thore"	"Bridger, J / Cook, R"	"7f "	"6"	"5"	"11"	"12"
"13:50:00"	"2020-09-07"	"Leicester"	"Sorbonne"	"2.00"	"3.19"	"Handicap"	"1"	"9"	"Carver, William"	"Barron, T D"	"7f "	"6"	"9"	"2"	"8"
"13:15:00"	"2020-09-07"	"Leicester"	"Mr Millarcky"	"3.00"	"4.9"	"Handicap"	"1"	"11"	"Woods, Sebastian"	"Guest, Rae"	"7f "	"6"	"5"	"1"	"11"
"13:15:00"	"2020-09-07"	"Leicester"	"Tadaawol"	"5.00"	"6.23"	"Handicap"	"2"	"11"	"Muir, Paula"	"Fell, R / Murray, S"	"7f "	"6"	"4"	"4"	"13"
"15:30:00"	"2020-09-06"	"Musselburgh"	"Victory Angel (IRE)"	"16.00"	"20"	"Handicap"	"1"	"12"	"Downey, R P"	"Bastiman, Rebecca"	"5f "	"5"	"10"	"7"	"16"
"16:05:00"	"2020-09-05"	"Navan"	"A Step Too Far (IRE)"	"4.00"	"6"	"Handicap"	"1"	"11"	"Farragher, Adam J"	"Cotter, Kieran P"	"5f "	"0"	"9"	"1"	"12"
"16:05:00"	"2020-09-05"	"Navan"	"Miacomet (IRE)"	"7.50"	"10.5"	"Handicap"	"2"	"11"	"Madden, Tom"	"Davison, Jack W"	"5f "	"0"	"8"	"4"	"12"
"16:05:00"	"2020-09-05"	"Navan"	"Master Matt"	"8.50"	"10.12"	"Handicap"	"4"	"11"	"Roche, L F"	"Smith, Matthew J"	"5f "	"0"	"8"	"7"	"12"
"16:05:00"	"2020-09-05"	"Navan"	"Celtic Manor (IRE)"	"12.00"	"15.21"	"Handicap"	"10"	"11"	"Hayes, C D"	"Donnelly, Garvan"	"5f "	"0"	"8"	"10"	"12"
"14:55:00"	"2020-09-05"	"Navan"	"Teddy Boy (IRE)"	"6.50"	"9.85"	"Handicap"	"3"	"18"	"Hayes, C D"	"Lynam, Edward"	"5.5f "	"0"	"9"	"2"	"12"
"14:55:00"	"2020-09-05"	"Navan"	"Pillar"	"28.00"	"43.94"	"Handicap"	"6"	"18"	"Whelan, R P"	"McGuinness, Adrian"	"5.5f "	"0"	"9"	"4"	"12"
"14:20:00"	"2020-09-05"	"Navan"	"Thats Mad"	"4.50"	"6.4"	"Handicap"	"3"	"18"	"Sheehy, M P"	"Breen, Leanne"	"5.5f "	"0"	"10"	"2"	"14"
"14:20:00"	"2020-09-05"	"Navan"	"Cactus Tree (IRE)"	"33.00"	"46.13"	"Handicap"	"7"	"18"	"Colgan, R C"	"Grassick, M C"	"5.5f "	"0"	"7"	"4"	"11"
"14:20:00"	"2020-09-05"	"Navan"	"Its All A Joke (IRE)"	"12.00"	"19.26"	"Handicap"	"8"	"18"	"Whelan, R P"	"McGuinness, Adrian"	"5.5f "	"0"	"10"	"6"	"14"
"16:35:00"	"2020-09-04"	"Thirsk"	"Mutabaahy (IRE)"	"18.00"	"20.18"	"Handicap"	"10"	"13"	"Hardie, Cameron"	"Brittain, Antony"	"5f "	"4"	"9"	"8"	"10"
"15:50:00"	"2020-09-04"	"Haydock"	"Red Stripes (USA)"	"25.00"	"37.48"	"Handicap"	"12"	"12"	"Quinn, Jimmy"	"Williamson, Mrs L"	"5f "	"4"	"4"	"10"	"13"
"16:15:00"	"2020-09-03"	"Salisbury"	"Secret Potion"	"10.00"	"11.22"	"Handicap"	"2"	"13"	"ONeill, K T"	"Harris, R A"	"5f "	"6"	"6"	"3"	"9"
"16:15:00"	"2020-09-03"	"Salisbury"	"Firenze Rosa (IRE)"	"25.00"	"28.95"	"Handicap"	"7"	"13"	"Beech, Aled J"	"Bridger, J / Cook, R"	"5f "	"6"	"6"	"8"	"9"
"13:00:00"	"2020-09-03"	"Salisbury"	"Tanqeeb"	"22.00"	"25.95"	"Handicap"	"5"	"9"	"Ashton, Gavin"	"Williams, Ian"	"1m "	"5"	"7"	"7"	"12"
"17:45:00"	"2020-09-02"	"Lingfield"	"Haraz (IRE)"	"20.00"	"27.88"	"Handicap"	"9"	"12"	"McEntee, Grace"	"Butler, P"	"7f "	"6"	"3"	"8"	"9"
"17:15:00"	"2020-09-02"	"Lingfield"	"Kraka (IRE)"	"3.50"	"5.3"	"Handicap"	"4"	"13"	"Pilley, Mr P"	"Dunnett, Mrs C A"	"7f "	"6"	"7"	"2"	"8"
"17:15:00"	"2020-09-02"	"Lingfield"	"Ubla (IRE)"	"11.00"	"15.55"	"Handicap"	"8"	"13"	"Cox, William"	"Kelleway, Miss Gay"	"7f "	"6"	"8"	"6"	"14"
"16:45:00"	"2020-09-02"	"Lingfield"	"Redemptive"	"1.00"	"2.25"	"Handicap"	"1"	"11"	"Buick, William"	"Boughey, George"	"7f "	"5"	"8"	"1"	"11"
"17:45:00"	"2020-09-01"	"Hamilton"	"Quanah (IRE)"	"1.88"	"3.05"	"Handicap"	"2"	"9"	"Stott, Kevin"	"Bailey, Liam"	"6f "	"5"	"6"	"4"	"10"
"17:10:00"	"2020-08-30"	"Yarmouth"	"Good Answer"	"12.00"	"15.5"	"Handicap"	"11"	"11"	"Dawson, R"	"Cowell, R M H"	"6f "	"5"	"8"	"11"	"15"
"15:25:00"	"2020-08-30"	"Yarmouth"	"Oud Metha Bridge (IRE)"	"8.00"	"11.66"	"Handicap"	"4"	"8"	"Kirrane, Sean"	"Feilden, Miss J"	"1m "	"5"	"9"	"12"	"12"
"18:15:00"	"2020-08-29"	"Redcar"	"Boston George (IRE)"	"6.50"	"7.95"	"Handicap"	"8"	"8"	"Gray, S A"	"Dalgleish, Keith"	"1m "	"3"	"5"	"8"	"11"
"16:05:00"	"2020-08-29"	"Redcar"	"Chookie Dunedin"	"14.00"	"20"	"Handicap"	"5"	"15"	"Sanderson, Benjamin"	"Dalgleish, Keith"	"6f "	"5"	"5"	"5"	"15"
"16:05:00"	"2020-08-29"	"Redcar"	"Sommer Katze (FR)"	"20.00"	"27.68"	"Handicap"	"8"	"15"	"Nolan, D"	"Carroll, D"	"6f "	"5"	"9"	"11"	"11"
"16:05:00"	"2020-08-29"	"Redcar"	"Mr Wagyu (IRE)"	"5.50"	"8.36"	"Handicap"	"9"	"15"	"Redmond, D M"	"Quinn, J J"	"6f "	"5"	"5"	"2"	"15"
"16:05:00"	"2020-08-29"	"Redcar"	"Kapono"	"11.00"	"16.21"	"Handicap"	"10"	"15"	"Rodriguez, Callum"	"Fell, R / Murray, S"	"6f "	"5"	"7"	"2"	"11"
"14:15:00"	"2020-08-29"	"Navan"	"Cactus Tree (IRE)"	"14.00"	"18"	"Maiden"	"4"	"11"	"Sheehy, M P"	"Grassick, M C"	"5f "	"0"	"6"	"13"	"19"
"12:55:00"	"2020-08-29"	"Newmarket (July)"	"Dream World (IRE)"	"5.00"	"7.4"	"Handicap"	"1"	"9"	"Rawlinson, Ali"	"Appleby, M"	"7f "	"4"	"7"	"2"	"11"
"12:55:00"	"2020-08-29"	"Newmarket (July)"	"Quarry Beach"	"8.50"	"11.16"	"Handicap"	"7"	"9"	"ONeill, Dane"	"Candy, H"	"7f "	"4"	"6"	"3"	"12"
"17:20:00"	"2020-08-28"	"Newmarket (July)"	"Han Solo Berger (IRE)"	"4.50"	"6.2"	"Handicap"	"3"	"11"	"Wood, George"	"Wall, C F"	"5f "	"4"	"9"	"8"	"21"
"17:20:00"	"2020-08-28"	"Newmarket (July)"	"Grandfather Tom"	"14.00"	"18"	"Handicap"	"6"	"11"	"Dawson, R"	"Cowell, R M H"	"5f "	"4"	"9"	"4"	"7"
"16:40:00"	"2020-08-28"	"Curragh"	"Miacomet (IRE)"	"5.50"	"7.2"	"Handicap"	"4"	"12"	"Slattery, A J"	"Davison, Jack W"	"6f "	"0"	"6"	"2"	"16"
"16:40:00"	"2020-08-28"	"Curragh"	"Mandolin Wind (FR)"	"16.00"	"19.69"	"Handicap"	"6"	"12"	"Sheehy, Danny"	"Breen, Leanne"	"6f "	"0"	"6"	"5"	"16"
"16:40:00"	"2020-08-28"	"Curragh"	"Blyton"	"33.00"	"40.03"	"Handicap"	"11"	"12"	"McMonagle, Dylan B"	"Comer, Luke"	"6f "	"0"	"10"	"4"	"6"
"16:05:00"	"2020-08-28"	"Goodwood"	"Alba Del Sole (IRE)"	"9.00"	"13.5"	"Handicap"	"7"	"11"	"Jamin, Pierre-Louis"	"Brisland, Robyn"	"6f "	"5"	"1"	"8"	"8"
"15:30:00"	"2020-08-28"	"Goodwood"	"Equipped"	"4.00"	"5.5"	"Handicap"	"7"	"9"	"Bass, George"	"Channon, M R"	"5f "	"5"	"7"	"2"	"12"
"16:10:00"	"2020-08-27"	"Bellewstown"	"A Step Too Far (IRE)"	"1.25"	"2.54"	"Handicap"	"1"	"12"	"Keane, C T"	"Cotter, Kieran P"	"5f "	"0"	"1"	"1"	"14"
"16:10:00"	"2020-08-27"	"Bellewstown"	"Teddy Boy (IRE)"	"2.75"	"4.4"	"Handicap"	"2"	"12"	"McMonagle, Dylan B"	"Lynam, Edward"	"5f "	"0"	"4"	"2"	"19"
"16:10:00"	"2020-08-27"	"Bellewstown"	"Pillar"	"5.00"	"8.76"	"Handicap"	"4"	"12"	"Farragher, Adam J"	"McGuinness, Adrian"	"5f "	"0"	"1"	"3"	"14"
"16:10:00"	"2020-08-27"	"Bellewstown"	"Polly Douglas (IRE)"	"12.00"	"19.5"	"Handicap"	"7"	"12"	"Kelly, S B"	"Cotter, Kieran P"	"5f "	"0"	"1"	"11"	"14"
"15:00:00"	"2020-08-27"	"Beverley"	"Dapper Man (IRE)"	"8.00"	"11.23"	"Handicap"	"8"	"16"	"Curtis, B A"	"Fell, R / Murray, S"	"5f "	"5"	"1"	"3"	"10"
"19:30:00"	"2020-08-26"	"Lingfield"	"Kraka (IRE)"	"7.50"	"10.35"	"Handicap"	"2"	"8"	"ONeill, K T"	"Dunnett, Mrs C A"	"6f "	"6"	"5"	"6"	"12"
"17:45:00"	"2020-08-26"	"Bellewstown"	"Its All A Joke (IRE)"	"5.00"	"6.99"	"Handicap"	"6"	"14"	"Whelan, R P"	"McGuinness, Adrian"	"5f "	"0"	"3"	"1"	"19"
"15:30:00"	"2020-08-26"	"Musselburgh"	"Canford Bay (IRE)"	"14.00"	"16.88"	"Handicap"	"7"	"10"	"Hardie, Cameron"	"Brittain, Antony"	"5f "	"4"	"6"	"4"	"12"
"15:30:00"	"2020-08-26"	"Musselburgh"	"Mutabaahy (IRE)"	"9.00"	"10.54"	"Handicap"	"8"	"10"	"Sullivan, James P"	"Brittain, Antony"	"5f "	"4"	"6"	"5"	"12"
"15:00:00"	"2020-08-26"	"Musselburgh"	"Indian Pursuit (IRE)"	"2.75"	"4"	"Handicap"	"2"	"9"	"Hart, Jason"	"Quinn, J J"	"5f "	"6"	"7"	"2"	"10"
"15:00:00"	"2020-08-26"	"Musselburgh"	"Qaaraat"	"6.50"	"8.34"	"Handicap"	"3"	"9"	"Hardie, Cameron"	"Brittain, Antony"	"5f "	"6"	"5"	"10"	"11"
"15:00:00"	"2020-08-26"	"Musselburgh"	"One One Seven (IRE)"	"9.00"	"12"	"Handicap"	"7"	"9"	"Russell, Harry"	"Brittain, Antony"	"5f "	"6"	"5"	"8"	"11"
"19:00:00"	"2020-08-25"	"Yarmouth"	"Act Of Magic (IRE)"	"3.50"	"6"	"Handicap"	"2"	"14"	"ONeill, K T"	"McJannet, Luke"	"1m "	"6"	"7"	"2"	"12"
"19:00:00"	"2020-08-25"	"Yarmouth"	"Rockesbury"	"80.00"	"114.19"	"Handicap"	"9"	"14"	"McEntee, Grace"	"McEntee, P S"	"1m "	"6"	"2"	"11"	"11"
"17:30:00"	"2020-08-25"	"Yarmouth"	"Native Silver"	"40.00"	"47.55"	"Handicap"	"8"	"11"	"Cherchi, Stefano"	"Eddery, Robert"	"7f "	"5"	"6"	"7"	"11"
"17:30:00"	"2020-08-25"	"Yarmouth"	"Dutch Story"	"5.50"	"7.13"	"Handicap"	"9"	"11"	"Dwyer, Martin"	"Perrett, Mrs A J"	"7f "	"5"	"10"	"7"	"16"
"17:00:00"	"2020-08-25"	"Yarmouth"	"Hi Ho Silver"	"10.00"	"14.06"	"Handicap"	"5"	"9"	"Du Crocq, Pam"	"Wall, C F"	"7f "	"5"	"10"	"11"	"16"
"14:45:00"	"2020-08-25"	"Cork"	"Independent Missy (IRE)"	"2.25"	"4.1"	"Non-Handicap"	"2"	"5"	"Whelan, R P"	"Collins, Tracey"	"6f "	"0"	"10"	"4"	"14"
"13:45:00"	"2020-08-25"	"Cork"	"Fugacious (IRE)"	"1.10"	"2.18"	"Handicap"	"3"	"14"	"Ryan, Gavin"	"Feane, John James"	"7f "	"0"	"4"	"2"	"11"
"13:45:00"	"2020-08-25"	"Cork"	"Tio Esteban (FR)"	"8.50"	"12.5"	"Handicap"	"7"	"14"	"Byrne, Willie"	"Martin, W J"	"7f "	"0"	"9"	"9"	"17"
"17:00:00"	"2020-08-23"	"Naas"	"Its All A Joke (IRE)"	"22.00"	"27.1"	"Handicap"	"1"	"19"	"Whelan, R P"	"McGuinness, Adrian"	"6f "	"0"	"9"	"10"	"17"
"17:00:00"	"2020-08-23"	"Naas"	"Anythingyouwantobe"	"18.00"	"26"	"Handicap"	"11"	"19"	"McDonogh, D P"	"Browne, W P"	"6f "	"0"	"8"	"8"	"14"
"17:45:00"	"2020-08-22"	"Curragh"	"Rock On Seamie (IRE)"	"4.50"	"6.4"	"Handicap"	"7"	"16"	"McMonagle, Dylan B"	"Hackett, Ray"	"6f "	"0"	"5"	"2"	"14"
"17:45:00"	"2020-08-22"	"Curragh"	"Sunset Nova (IRE)"	"12.00"	"14.7"	"Handicap"	"8"	"16"	"Slattery, A J"	"Slattery, Andrew"	"6f "	"0"	"6"	"5"	"12"
"17:45:00"	"2020-08-22"	"Curragh"	"Calonne (IRE)"	"25.00"	"38"	"Handicap"	"10"	"16"	"Carroll, G F"	"Levins, J F"	"6f "	"0"	"6"	"9"	"12"
"17:45:00"	"2020-08-22"	"Curragh"	"Juyush"	"33.00"	"47.71"	"Handicap"	"12"	"16"	"Sexton, Ryan"	"Fahey, Peter"	"6f "	"0"	"4"	"9"	"11"
"17:45:00"	"2020-08-22"	"Curragh"	"Time Stands Still"	"10.00"	"13.23"	"Handicap"	"14"	"16"	"Byrne, Willie"	"Martin, W J"	"6f "	"0"	"6"	"1"	"12"
"17:15:00"	"2020-08-22"	"Curragh"	"Rosie Jo (IRE)"	"150.00"	"598.71"	"Maiden"	"16"	"18"	"Kelly, S B"	"Cotter, Kieran P"	"6f "	"0"	"7"	"12"	"14"
"13:30:00"	"2020-08-22"	"Sandown"	"Spoof"	"3.50"	"4.97"	"Handicap"	"1"	"10"	"Shoemark, Kieran"	"Hills, Charles"	"5f "	"5"	"5"	"1"	"7"
"13:30:00"	"2020-08-22"	"Sandown"	"Zapper Cass (FR)"	"18.00"	"24.89"	"Handicap"	"3"	"10"	"Rawlinson, Ali"	"Appleby, M"	"5f "	"5"	"8"	"1"	"5"
"13:30:00"	"2020-08-22"	"Sandown"	"Doc Sportello (IRE)"	"6.00"	"7.85"	"Handicap"	"4"	"10"	"Doyle, James"	"Carroll, A W"	"5f "	"5"	"8"	"1"	"5"
"16:25:00"	"2020-08-21"	"Salisbury"	"Burguillos"	"2.25"	"3.55"	"Handicap"	"2"	"12"	"Haynes, Alice"	"McJannet, Luke"	"1m "	"5"	"8"	"1"	"3"
"15:25:00"	"2020-08-21"	"Salisbury"	"Secretfact"	"7.00"	"12"	"Handicap"	"5"	"8"	"Doyle, Hollie"	"Saunders, M S"	"5f "	"4"	"7"	"2"	"5"
"15:25:00"	"2020-08-21"	"Salisbury"	"Airshow"	"22.00"	"37.6"	"Handicap"	"7"	"8"	"Rawlinson, Ali"	"Appleby, M"	"5f "	"4"	"9"	"12"	"14"
"15:25:00"	"2020-08-21"	"Salisbury"	"Burford Brown"	"25.00"	"38.86"	"Handicap"	"8"	"8"	"Levey, S M"	"Loughnane, David"	"5f "	"4"	"9"	"11"	"11"
"14:00:00"	"2020-08-18"	"Beverley"	"Princess Power (IRE)"	"3.33"	"4.51"	"Handicap"	"8"	"8"	"Redmond, D M"	"Tinkler, N"	"5f "	"4"	"10"	"2"	"10"
"16:20:00"	"2020-08-17"	"Catterick"	"Pilgrims Pursuit"	"50.00"	"73.41"	"Handicap"	"4"	"11"	"Fisher, Jonathan"	"Dixon, Scott"	"5f "	"6"	"5"	"8"	"11"
"15:20:00"	"2020-08-16"	"Cork"	"Sunset Nova (IRE)"	"22.00"	"27.26"	"Handicap"	"5"	"12"	"Slattery, A J"	"Slattery, Andrew"	"6.5f "	"0"	"7"	"13"	"17"
"15:20:00"	"2020-08-16"	"Cork"	"Fugacious (IRE)"	"6.50"	"8.2"	"Handicap"	"7"	"12"	"Crosse, Nathan"	"Feane, John James"	"6.5f "	"0"	"8"	"5"	"18"
"15:20:00"	"2020-08-16"	"Cork"	"Bay Of Skaill"	"10.00"	"14"	"Handicap"	"11"	"12"	"Carroll, G F"	"Murphy, Joseph G"	"6.5f "	"0"	"10"	"7"	"16"
"13:30:00"	"2020-08-16"	"Ripon"	"Hard Solution"	"14.00"	"19.36"	"Handicap"	"1"	"16"	"Kirrane, Sean"	"OMeara, D"	"6f "	"6"	"5"	"5"	"10"
"16:35:00"	"2020-08-15"	"Doncaster"	"Young Tiger"	"12.00"	"16.82"	"Handicap"	"1"	"13"	"Mullen, Andrew"	"Tate, T P"	"5f "	"3"	"4"	"8"	"10"
"16:35:00"	"2020-08-15"	"Doncaster"	"Fairy Stories"	"50.00"	"96.96"	"Handicap"	"12"	"13"	"Hamilton, Tony"	"Fahey, R A"	"5f "	"3"	"9"	"11"	"11"
"15:15:00"	"2020-08-15"	"Newmarket (July)"	"My Style (IRE)"	"4.00"	"5.66"	"Handicap"	"1"	"12"	"Dobie, Georgia"	"Houghton, Eve Johnson"	"6f "	"4"	"9"	"2"	"7"
"15:15:00"	"2020-08-15"	"Newmarket (July)"	"Lethal Angel"	"14.00"	"19.41"	"Handicap"	"7"	"12"	"Ghiani, Marco"	"Williams, S C"	"6f "	"4"	"10"	"5"	"10"
"15:15:00"	"2020-08-15"	"Newmarket (July)"	"Split Down South"	"11.00"	"15.09"	"Handicap"	"8"	"12"	"McEntee, Grace"	"McEntee, P S"	"6f "	"4"	"3"	"4"	"11"
"14:50:00"	"2020-08-15"	"Doncaster"	"Daafr (IRE)"	"9.00"	"11"	"Handicap"	"7"	"15"	"Hardie, Cameron"	"Brittain, Antony"	"7f "	"6"	"7"	"1"	"9"
"19:55:00"	"2020-08-14"	"Lingfield"	"Under Curfew"	"2.50"	"3.84"	"Handicap"	"6"	"15"	"Havlin, Robert"	"Carroll, A W"	"5f "	"6"	"5"	"2"	"12"
"19:55:00"	"2020-08-14"	"Lingfield"	"Terri Rules (IRE)"	"14.00"	"22"	"Handicap"	"8"	"15"	"Muscutt, D"	"Mongan, Mrs L J"	"5f "	"6"	"7"	"4"	"10"
"19:55:00"	"2020-08-14"	"Lingfield"	"Impart"	"66.00"	"90.14"	"Handicap"	"12"	"15"	"Carson, William"	"Mongan, Mrs L J"	"5f "	"6"	"5"	"12"	"12"
"19:05:00"	"2020-08-14"	"Chepstow"	"Secretfact"	"4.00"	"5.89"	"Handicap"	"2"	"5"	"Crouch, Hector"	"Saunders, M S"	"5f "	"5"	"8"	"6"	"7"
"18:05:00"	"2020-08-14"	"Chepstow"	"Princely"	"2.25"	"3.73"	"Handicap"	"3"	"5"	"Rooke, George"	"Newcombe, A G"	"6f "	"4"	"8"	"1"	"7"
"17:35:00"	"2020-08-14"	"Chepstow"	"Jaganory (IRE)"	"10.00"	"14.52"	"Non-Handicap"	"7"	"10"	"Heard, Tyler"	"Mason, Christopher"	"6f "	"6"	"8"	"6"	"8"
"16:30:00"	"2020-08-14"	"Curragh"	"Snow Patch (IRE)"	"14.00"	"19.14"	"Handicap"	"2"	"17"	"Bennett, Miss N"	"Bunyan, Darren / OLeary, G"	"5f "	"0"	"5"	"14"	"17"
"15:10:00"	"2020-08-13"	"Hamilton"	"Autumn Flight (IRE)"	"5.00"	"6.55"	"Handicap"	"3"	"10"	"Allan, David"	"Easterby, T D"	"6f "	"4"	"4"	"3"	"8"
"15:10:00"	"2020-08-12"	"Beverley"	"Rangefield Express (IRE)"	"6.50"	"9.14"	"Non-Handicap"	"2"	"12"	"James, S H"	"Harker, G A"	"5f "	"6"	"6"	"6"	"10"
"15:10:00"	"2020-08-12"	"Beverley"	"Independence Day (IRE)"	"2.50"	"4.1"	"Non-Handicap"	"3"	"12"	"Haynes, Joey"	"Banham, Chelsea"	"5f "	"6"	"5"	"6"	"10"
"15:10:00"	"2020-08-12"	"Beverley"	"Mightaswellsmile"	"40.00"	"58.43"	"Non-Handicap"	"4"	"12"	"Hardie, Cameron"	"Barr, R E"	"5f "	"6"	"8"	"8"	"15"
"15:10:00"	"2020-08-12"	"Beverley"	"Chillon Castle"	"10.00"	"15.5"	"Non-Handicap"	"7"	"12"	"Eaves, Tom"	"Herrington,M "	"5f "	"6"	"8"	"3"	"15"
"15:10:00"	"2020-08-12"	"Beverley"	"De Latour"	"8.50"	"12.86"	"Non-Handicap"	"8"	"12"	"Richardson, Rachel"	"Ward, Jason"	"5f "	"6"	"8"	"4"	"15"
"15:10:00"	"2020-08-12"	"Beverley"	"Oriental Splendour (IRE)"	"33.00"	"42.53"	"Non-Handicap"	"9"	"12"	"Sullivan, James P"	"Carr, Mrs R A"	"5f "	"6"	"8"	"9"	"15"
"13:55:00"	"2020-08-11"	"Haydock"	"Redrosezorro"	"7.00"	"9.64"	"Handicap"	"3"	"12"	"Hart, Jason"	"Alston, E J"	"6f "	"5"	"7"	"2"	"11"
"13:55:00"	"2020-08-11"	"Haydock"	"Iconic Knight (IRE)"	"3.33"	"4.79"	"Handicap"	"6"	"12"	"Atzeni, Andrea"	"Walker, Ed"	"6f "	"5"	"10"	"1"	"9"
"13:55:00"	"2020-08-11"	"Haydock"	"Galloway Hills"	"16.00"	"18"	"Handicap"	"8"	"12"	"Nicholls, Miss M"	"Makin, Phillip"	"6f "	"5"	"10"	"12"	"12"
"15:30:00"	"2020-08-10"	"Leicester"	"Lofty"	"25.00"	"30"	"Handicap"	"7"	"9"	"Downey, R P"	"Barron, T D"	"6f "	"5"	"10"	"11"	"12"
"15:00:00"	"2020-08-10"	"Leicester"	"Grandstand (IRE)"	"6.00"	"8.56"	"Non-Handicap"	"2"	"13"	"Heard, Tyler"	"Price, R J"	"6f "	"6"	"8"	"1"	"8"
"15:00:00"	"2020-08-10"	"Leicester"	"Dreamboat Annie"	"6.50"	"10.17"	"Non-Handicap"	"4"	"13"	"Francis, Isobel"	"Usher, M D I"	"6f "	"6"	"8"	"1"	"14"
"15:00:00"	"2020-08-10"	"Leicester"	"Dahik (IRE)"	"40.00"	"65.37"	"Non-Handicap"	"6"	"13"	"Gordon, Josephine"	"Evans, Mrs N S"	"6f "	"6"	"8"	"10"	"13"
"16:50:00"	"2020-08-09"	"Curragh"	"Teddy Boy (IRE)"	"3.50"	"5.4"	"Handicap"	"4"	"17"	"Hayes, C D"	"Lynam, Edward"	"5f "	"0"	"6"	"3"	"16"
"16:50:00"	"2020-08-09"	"Curragh"	"Cactus Tree (IRE)"	"28.00"	"50"	"Handicap"	"6"	"17"	"Colgan, R C"	"Grassick, M C"	"5f "	"0"	"6"	"3"	"18"
"16:50:00"	"2020-08-09"	"Curragh"	"Hell Left Loose"	"4.00"	"5.4"	"Handicap"	"8"	"17"	"Doyle, Joe"	"Hogan, Denis Gerard"	"5f "	"0"	"6"	"1"	"16"
"14:30:00"	"2020-08-09"	"Thirsk"	"Bossipop"	"10.00"	"10.56"	"Handicap"	"2"	"10"	"Allan, David"	"Easterby, T D"	"6f "	"3"	"3"	"5"	"11"
"13:55:00"	"2020-08-09"	"Thirsk"	"Tanasoq (IRE)"	"7.00"	"9.74"	"Handicap"	"4"	"8"	"Lee, G"	"Midgley, P T"	"5f "	"3"	"6"	"5"	"6"
"13:55:00"	"2020-08-09"	"Thirsk"	"Venturous (IRE)"	"12.00"	"13.29"	"Handicap"	"6"	"8"	"Downey, R P"	"Barron, T D"	"5f "	"3"	"8"	"24"	"27"
"13:30:00"	"2020-08-09"	"Windsor"	"Cool Strutter (IRE)"	"7.50"	"11"	"Handicap"	"1"	"12"	"Tate, Ryan"	"Spearing, J L"	"6f "	"6"	"7"	"6"	"13"
"13:10:00"	"2020-08-09"	"Salisbury"	"Alfie Solomons (IRE)"	"10.00"	"12.02"	"Handicap"	"9"	"11"	"Keenan, Darragh"	"Perrett, Mrs A J"	"7f "	"5"	"7"	"5"	"11"
"13:10:00"	"2020-08-09"	"Salisbury"	"Kodiac Pride"	"1.38"	"2.73"	"Handicap"	"11"	"11"	"Ingolfsland, K"	"Prescott, Sir Mark"	"7f "	"5"	"5"	"1"	"11"
"16:55:00"	"2020-08-08"	"Haydock"	"Glory Fighter"	"3.50"	"5.28"	"Handicap"	"1"	"7"	"Rodriguez, Callum"	"Jardine, I"	"5f "	"4"	"10"	"4"	"8"
"16:55:00"	"2020-08-08"	"Haydock"	"Primos Comet"	"6.50"	"7.6"	"Handicap"	"3"	"7"	"Mathers, Patrick"	"Goldie, J S"	"5f "	"4"	"7"	"11"	"16"
"16:25:00"	"2020-08-08"	"Haydock"	"Wedding Date"	"2.50"	"3.8"	"Handicap"	"2"	"8"	"Curtis, B A"	"Hannon (Jnr), Richard"	"6f "	"3"	"7"	"8"	"27"
"16:25:00"	"2020-08-08"	"Haydock"	"Sound Of Iona"	"20.00"	"29.28"	"Handicap"	"3"	"8"	"Mathers, Patrick"	"Goldie, J S"	"6f "	"3"	"9"	"4"	"7"
"16:15:00"	"2020-08-08"	"Cork"	"Miacomet (IRE)"	"20.00"	"31.66"	"Handicap"	"4"	"16"	"Kelly, S B"	"Davison, Jack W"	"7f "	"0"	"5"	"10"	"18"
"13:45:00"	"2020-08-06"	"Ripon"	"Awsaaf"	"6.00"	"8"	"Handicap Seller"	"2"	"10"	"Hamilton, Tony"	"Wigham, M"	"5f "	"6"	"6"	"3"	"13"
"13:45:00"	"2020-08-06"	"Ripon"	"Rangefield Express (IRE)"	"12.00"	"17.92"	"Handicap Seller"	"6"	"10"	"Hardie, Cameron"	"Harker, G A"	"5f "	"6"	"7"	"3"	"14"
"13:45:00"	"2020-08-06"	"Ripon"	"Kibaar"	"33.00"	"55"	"Handicap Seller"	"8"	"10"	"Sullivan, James P"	"Carr, Mrs R A"	"5f "	"6"	"9"	"8"	"10"
"13:45:00"	"2020-08-06"	"Ripon"	"The Grey Zebedee"	"2.75"	"4.05"	"Handicap Seller"	"10"	"10"	"Allan, David"	"Easterby, T D"	"5f "	"6"	"9"	"4"	"10"
"14:40:00"	"2020-08-05"	"Ayr"	"Chookie Dunedin"	"11.00"	"14.36"	"Handicap"	"4"	"11"	"Sanderson, Benjamin"	"Dalgleish, Keith"	"6f "	"4"	"10"	"8"	"12"
"14:40:00"	"2020-08-05"	"Ayr"	"Tommy G"	"7.00"	"9"	"Handicap"	"6"	"11"	"Dennis, Phil"	"Goldie, J S"	"6f "	"4"	"4"	"9"	"16"
"14:30:00"	"2020-08-04"	"Beverley"	"Chillon Castle"	"7.50"	"10"	"Handicap"	"3"	"15"	"Stott, Kevin"	"Herrington,M "	"5f "	"6"	"8"	"6"	"12"
"14:30:00"	"2020-08-04"	"Beverley"	"Point Of Woods"	"33.00"	"34"	"Handicap"	"13"	"15"	"Ralston, Sophie"	"Jackson, Miss T"	"5f "	"6"	"8"	"7"	"12"
"14:15:00"	"2020-08-04"	"Catterick"	"Mutabaahy (IRE)"	"8.50"	"12.27"	"Handicap"	"2"	"7"	"Hardie, Cameron"	"Brittain, Antony"	"5f "	"5"	"10"	"5"	"14"
"15:35:00"	"2020-08-03"	"Naas"	"Pulsating (IRE)"	"8.00"	"11.64"	"Handicap"	"7"	"18"	"Roche, L F"	"ODwyer, Conor"	"6f "	"0"	"7"	"6"	"13"
"14:35:00"	"2020-08-03"	"Naas"	"Mid Winster"	"22.00"	"22.24"	"Handicap"	"6"	"18"	"Coen, Ben M"	"Slattery, Andrew"	"6f "	"0"	"6"	"8"	"12"
"14:35:00"	"2020-08-03"	"Naas"	"Royal Canford (IRE)"	"12.00"	"16.21"	"Handicap"	"8"	"18"	"Crosse, Nathan"	"McCreery, W"	"6f "	"0"	"7"	"1"	"13"
"14:35:00"	"2020-08-03"	"Naas"	"Master Matt"	"12.00"	"17"	"Handicap"	"11"	"18"	"Colgan, R C"	"Smith, Matthew J"	"6f "	"0"	"8"	"3"	"9"
"14:35:00"	"2020-08-03"	"Naas"	"Twenty Minutes"	"25.00"	"33.93"	"Handicap"	"16"	"18"	"Sheridan, J M"	"English, Damian Joseph"	"6f "	"0"	"8"	"13"	"18"
"14:10:00"	"2020-08-02"	"Leicester"	"Great Colaci"	"0.91"	"2.12"	"Handicap"	"2"	"14"	"Stammers, Oliver"	"Boanas, Miss G"	"7f "	"6"	"6"	"8"	"16"
"19:30:00"	"2020-08-01"	"Chepstow"	"Gambon (GER)"	"3.00"	"4.3"	"Handicap"	"3"	"9"	"Keniry, L P"	"Houghton, Eve Johnson"	"6f "	"4"	"6"	"11"	"12"
"17:30:00"	"2020-08-01"	"Hamilton"	"Quick Look"	"12.00"	"19.11"	"Handicap"	"6"	"12"	"Sullivan, James P"	"Easterby, M W"	"6f "	"4"	"8"	"10"	"12"
"17:30:00"	"2020-08-01"	"Hamilton"	"Medicine Jack"	"9.00"	"13"	"Handicap"	"7"	"12"	"Rodriguez, Callum"	"Fell, R / Murray, S"	"6f "	"4"	"7"	"2"	"13"
"17:30:00"	"2020-08-01"	"Hamilton"	"Lucky Lucky Man (IRE)"	"16.00"	"20.38"	"Handicap"	"10"	"12"	"McHugh, B"	"Fahey, R A"	"6f "	"4"	"7"	"11"	"13"
"12:55:00"	"2020-08-01"	"Newmarket (July)"	"Oasis Prince"	"4.00"	"6"	"Handicap"	"9"	"11"	"Atzeni, Andrea"	"Johnston, M"	"1m "	"4"	"8"	"3"	"10"
"18:00:00"	"2020-07-30"	"Musselburgh"	"Naples Bay"	"16.00"	"21.19"	"Non-Handicap"	"10"	"14"	"Stammers, Oliver"	"Scott, Miss Katie"	"5f "	"6"	"10"	"7"	"8"
"17:30:00"	"2020-07-30"	"Musselburgh"	"True Hero"	"16.00"	"23"	"Handicap"	"10"	"11"	"Ffrench, Royston"	"Tinkler, N"	"5f "	"6"	"6"	"8"	"10"
"17:00:00"	"2020-07-29"	"Thirsk"	"East Street Revue"	"7.00"	"8.71"	"Handicap"	"3"	"8"	"Fentiman, Duran"	"Easterby, T D"	"5f "	"4"	"5"	"10"	"10"
"17:00:00"	"2020-07-29"	"Thirsk"	"Airshow"	"28.00"	"31.79"	"Handicap"	"5"	"8"	"Rawlinson, Ali"	"Appleby, M"	"5f "	"4"	"7"	"6"	"7"
"20:30:00"	"2020-07-28"	"Yarmouth"	"Thegreatestshowman"	"2.00"	"3.39"	"Handicap"	"3"	"7"	"Cherchi, Stefano"	"Murphy, Amy"	"5f "	"4"	"3"	"3"	"8"
"19:00:00"	"2020-07-28"	"Yarmouth"	"Napping"	"2.50"	"3.95"	"Handicap"	"4"	"9"	"Hogan, D E"	"Murphy, Amy"	"6f "	"5"	"3"	"5"	"11"
"13:30:00"	"2020-07-28"	"Ayr"	"Star Cracker (IRE)"	"16.00"	"21"	"Handicap"	"5"	"10"	"Allan, David"	"Goldie, J S"	"6f "	"6"	"8"	"3"	"10"
"18:30:00"	"2020-07-27"	"Windsor"	"Tenax (IRE)"	"5.00"	"8.6"	"Handicap"	"5"	"10"	"Sousa, Silvestre De"	"Tinkler, N"	"6f "	"4"	"10"	"2"	"9"
"16:25:00"	"2020-07-27"	"Windsor"	"Knockabout Queen"	"12.00"	"16"	"Handicap"	"8"	"10"	"Doyle, Brett"	"Carroll, A W"	"5f "	"5"	"9"	"3"	"12"
"15:50:00"	"2020-07-27"	"Redcar"	"Dreamseller (IRE)"	"4.50"	"5.27"	"Handicap"	"1"	"18"	"Allan, David"	"Easterby, T D"	"1m "	"5"	"7"	"2"	"8"
"15:50:00"	"2020-07-27"	"Redcar"	"Catch My Breath"	"9.00"	"12.79"	"Handicap"	"4"	"18"	"Keenan, Darragh"	"Ryan, J"	"1m "	"5"	"7"	"1"	"8"
"15:50:00"	"2020-07-27"	"Redcar"	"Jupiter Road"	"66.00"	"130"	"Handicap"	"7"	"18"	"Scott, Rowan"	"Tinkler, N"	"1m "	"5"	"10"	"13"	"15"
"15:50:00"	"2020-07-27"	"Redcar"	"Chosen World"	"14.00"	"19.5"	"Handicap"	"9"	"18"	"Rodriguez, Callum"	"Camacho, Miss J A"	"1m "	"5"	"10"	"6"	"14"
"15:50:00"	"2020-07-27"	"Redcar"	"Mr Strutter (IRE)"	"7.00"	"8.24"	"Handicap"	"11"	"18"	"Elliott, Andrew"	"Thompson, Ronald"	"1m "	"5"	"5"	"4"	"14"
"15:20:00"	"2020-07-27"	"Redcar"	"Insurplus (IRE)"	"11.00"	"15.64"	"Handicap"	"9"	"16"	"Mathers, Patrick"	"Goldie, J S"	"7f "	"6"	"7"	"4"	"8"
"13:40:00"	"2020-07-27"	"Redcar"	"Chillon Castle"	"25.00"	"37.06"	"Handicap"	"6"	"12"	"Eaves, Tom"	"Herrington,M "	"6f "	"6"	"10"	"4"	"15"
"13:40:00"	"2020-07-27"	"Redcar"	"Empty Promises"	"80.00"	"111.55"	"Handicap"	"12"	"12"	"McDonald, P J"	"Bishop, Frank"	"6f "	"6"	"10"	"12"	"15"
"17:45:00"	"2020-07-26"	"Curragh"	"Boughtinthedark (IRE)"	"3.50"	"4.62"	"Handicap"	"2"	"9"	"Sheridan, J M"	"Hogan, Denis Gerard"	"5f "	"0"	"7"	"2"	"14"
"17:45:00"	"2020-07-26"	"Curragh"	"Master Matt"	"4.50"	"5.5"	"Handicap"	"3"	"9"	"Roche, L F"	"Smith, Matthew J"	"5f "	"0"	"8"	"4"	"16"
"17:45:00"	"2020-07-26"	"Curragh"	"Powersville (IRE)"	"10.00"	"13.62"	"Handicap"	"4"	"9"	"Foley, Shane"	"Mullins, Thomas"	"5f "	"0"	"7"	"9"	"14"
"16:50:00"	"2020-07-26"	"Ascot"	"Star Shield"	"6.50"	"10.1"	"Handicap"	"4"	"9"	"Crowley, Jim"	"OMeara, D"	"1m "	"4"	"7"	"5"	"17"
"16:15:00"	"2020-07-26"	"Ascot"	"War Glory (IRE)"	"16.00"	"20.18"	"Handicap"	"4"	"12"	"Hansen, Thore"	"Hannon (Jnr), Richard"	"7f "	"3"	"8"	"7"	"12"
"13:20:00"	"2020-07-26"	"Ascot"	"She Can Boogie (IRE)"	"7.00"	"9.93"	"Handicap"	"3"	"7"	"Elliott, Jane"	"Dascombe, Tom"	"5f "	"4"	"3"	"5"	"8"
"19:00:00"	"2020-07-25"	"Doncaster"	"Saisons Dor (IRE)"	"8.00"	"12.5"	"Handicap"	"4"	"10"	"Payton, Owen"	"OKeeffe, Jedd"	"1m "	"4"	"8"	"10"	"10"
"17:30:00"	"2020-07-25"	"Doncaster"	"Bay Watch (IRE)"	"3.50"	"4.6"	"Handicap"	"1"	"11"	"Heard, Tyler"	"Barfoot-Saunt, Mrs Tracey"	"6f "	"5"	"7"	"1"	"9"
"17:30:00"	"2020-07-25"	"Doncaster"	"Gullane One (IRE)"	"12.00"	"18"	"Handicap"	"11"	"11"	"Richardson, Rachel"	"Easterby, T D"	"6f "	"5"	"9"	"5"	"6"
"16:25:00"	"2020-07-25"	"York"	"Roundhay Park"	"4.00"	"7"	"Handicap"	"1"	"13"	"Ffrench, Royston"	"Tinkler, N"	"6f "	"4"	"7"	"5"	"18"
"16:25:00"	"2020-07-25"	"York"	"Look Out Louis"	"8.00"	"9.46"	"Handicap"	"7"	"13"	"Hardie, Cameron"	"Easterby, T D"	"6f "	"4"	"10"	"4"	"12"
"16:25:00"	"2020-07-25"	"York"	"Tabaahy"	"5.00"	"6.73"	"Handicap"	"10"	"13"	"Tudhope, Daniel"	"OMeara, D"	"6f "	"4"	"4"	"6"	"8"
"15:50:00"	"2020-07-25"	"York"	"Autumn Flight (IRE)"	"8.00"	"9.52"	"Handicap"	"6"	"14"	"Allan, David"	"Easterby, T D"	"6f "	"4"	"7"	"4"	"12"
"15:50:00"	"2020-07-25"	"York"	"Tukhoom (IRE)"	"4.00"	"6.2"	"Handicap"	"7"	"14"	"Tudhope, Daniel"	"OMeara, D"	"6f "	"4"	"7"	"1"	"18"
"15:50:00"	"2020-07-25"	"York"	"Victory Angel (IRE)"	"12.00"	"17.14"	"Handicap"	"8"	"14"	"James, S H"	"Bastiman, Rebecca"	"6f "	"4"	"10"	"8"	"12"
"12:30:00"	"2020-07-25"	"Newmarket (July)"	"Outrage"	"12.00"	"12.5"	"Handicap"	"4"	"8"	"Kingscote, Richard"	"Kubler, Daniel"	"5f "	"4"	"9"	"6"	"9"
"18:25:00"	"2020-07-24"	"Ripon"	"Citron Major"	"5.00"	"5.82"	"Handicap"	"1"	"12"	"Scott, Rowan"	"Tinkler, N"	"6f "	"3"	"6"	"10"	"18"
"18:25:00"	"2020-07-24"	"Ripon"	"Muscika"	"2.50"	"3.6"	"Handicap"	"5"	"12"	"Nolan, D"	"OMeara, D"	"6f "	"3"	"6"	"2"	"18"
"13:10:00"	"2020-07-24"	"Newmarket (July)"	"Swift Approval (IRE)"	"25.00"	"31.49"	"Handicap"	"2"	"11"	"McEntee, Grace"	"McEntee, P S"	"7f "	"4"	"5"	"6"	"15"
"12:50:00"	"2020-07-24"	"Beverley"	"Nibras Again"	"1.63"	"2.82"	"Handicap"	"1"	"10"	"Tudhope, Daniel"	"Midgley, P T"	"5f "	"5"	"6"	"2"	"9"
"12:35:00"	"2020-07-24"	"Newmarket (July)"	"Turn To Rock (IRE)"	"9.00"	"13"	"Handicap"	"1"	"11"	"Murphy, Oisin"	"OKeeffe, Jedd"	"6f "	"5"	"9"	"2"	"10"
"12:35:00"	"2020-07-24"	"Newmarket (July)"	"Global Hope (IRE)"	"8.00"	"11"	"Handicap"	"6"	"11"	"Doyle, James"	"Kelleway, Miss Gay"	"6f "	"5"	"9"	"3"	"10"
"20:00:00"	"2020-07-22"	"Catterick"	"Canford Bay (IRE)"	"3.33"	"4.78"	"Handicap"	"1"	"7"	"Hardie, Cameron"	"Brittain, Antony"	"5f "	"4"	"4"	"3"	"12"
"20:00:00"	"2020-07-22"	"Catterick"	"Abel Handy (IRE)"	"1.20"	"2.27"	"Handicap"	"3"	"7"	"Nolan, D"	"OMeara, D"	"5f "	"4"	"7"	"2"	"12"
"20:00:00"	"2020-07-22"	"Catterick"	"Alsvinder"	"18.00"	"24"	"Handicap"	"5"	"7"	"Curtis, B A"	"Kirby, P A"	"5f "	"4"	"7"	"11"	"12"
"19:30:00"	"2020-07-22"	"Catterick"	"De Latour"	"250.00"	"525.14"	"Maiden"	"7"	"10"	"Eaves, Tom"	"Ward, Jason"	"5f "	"5"	"9"	"8"	"8"
"17:15:00"	"2020-07-22"	"Naas"	"Pillar"	"14.00"	"16"	"Handicap"	"3"	"18"	"Foley, Shane"	"McGuinness, Adrian"	"5f "	"0"	"10"	"4"	"11"
"17:15:00"	"2020-07-22"	"Naas"	"Its All A Joke (IRE)"	"33.00"	"59.97"	"Handicap"	"13"	"18"	"Mooney, Stephen"	"McGuinness, Adrian"	"5f "	"0"	"10"	"10"	"14"
"15:20:00"	"2020-07-22"	"Yarmouth"	"Independence Day (IRE)"	"2.00"	"3.57"	"Non-Handicap"	"2"	"13"	"Haynes, Joey"	"Banham, Chelsea"	"6f "	"6"	"7"	"3"	"10"
"15:20:00"	"2020-07-22"	"Yarmouth"	"Bold Decision"	"1.50"	"3.2"	"Non-Handicap"	"3"	"13"	"Marquand, Tom"	"Carroll, A W"	"6f "	"6"	"4"	"1"	"13"
"15:20:00"	"2020-07-22"	"Yarmouth"	"Wild Flower (IRE)"	"8.00"	"12.45"	"Non-Handicap"	"5"	"13"	"Cherchi, Stefano"	"McJannet, Luke"	"6f "	"6"	"8"	"1"	"10"
"17:00:00"	"2020-07-21"	"Sandown"	"Our Oystercatcher"	"1.50"	"2.51"	"Handicap"	"4"	"6"	"Crouch, Hector"	"Pattinson, Mark"	"5f "	"4"	"5"	"3"	"8"
"15:15:00"	"2020-07-21"	"Chepstow"	"Gilt Edge"	"6.50"	"8.78"	"Handicap"	"3"	"7"	"Ingram, Rhiain B"	"Mason, Christopher"	"7f "	"5"	"10"	"2"	"12"
"13:05:00"	"2020-07-21"	"Chepstow"	"Alba Del Sole (IRE)"	"4.00"	"5.23"	"Handicap"	"3"	"8"	"Carson, William"	"Brisland, Robyn"	"5f "	"5"	"7"	"2"	"10"
"13:05:00"	"2020-07-21"	"Chepstow"	"Tabaahy"	"3.50"	"6.5"	"Handicap"	"6"	"8"	"Tudhope, Daniel"	"OMeara, D"	"5f "	"5"	"10"	"3"	"12"
"19:00:00"	"2020-07-20"	"Windsor"	"A Sure Welcome"	"3.33"	"4.71"	"Handicap"	"6"	"7"	"Tate, Ryan"	"Spearing, J L"	"5f "	"3"	"7"	"3"	"12"
"14:20:00"	"2020-07-20"	"Ayr"	"Jordan Electrics"	"5.00"	"6.2"	"Handicap"	"1"	"10"	"Robinson, Ben"	"Whillans, A C"	"6f "	"6"	"8"	"3"	"9"
"14:20:00"	"2020-07-20"	"Ayr"	"Star Cracker (IRE)"	"9.00"	"10"	"Handicap"	"3"	"10"	"Mulrennan, Paul"	"Goldie, J S"	"6f "	"6"	"7"	"5"	"8"
"14:20:00"	"2020-07-20"	"Ayr"	"Laoise (USA)"	"28.00"	"32"	"Handicap"	"8"	"10"	"Mullen, Andrew"	"Perratt, Miss L A"	"6f "	"6"	"7"	"4"	"8"
"13:50:00"	"2020-07-20"	"Ayr"	"Pearl Of Qatar"	"3.33"	"4.58"	"Handicap"	"3"	"8"	"Dennis, Phil"	"Davidson, Tristan"	"6f "	"6"	"8"	"2"	"9"
"13:50:00"	"2020-07-20"	"Ayr"	"Naples Bay"	"50.00"	"70"	"Handicap"	"7"	"8"	"Gray, S A"	"Scott, Miss Katie"	"6f "	"6"	"10"	"5"	"12"
"17:45:00"	"2020-07-19"	"Curragh"	"Juyush"	"50.00"	"75"	"Handicap"	"12"	"14"	"Sexton, Ryan"	"Fahey, Peter"	"5f "	"0"	"10"	"17"	"18"
"17:00:00"	"2020-07-19"	"Newbury"	"Ragstone View (IRE)"	"80.00"	"117.89"	"Handicap"	"7"	"15"	"Shepherd, Callum"	"Millman, B R"	"7f "	"5"	"10"	"8"	"8"
"17:55:00"	"2020-07-18"	"Haydock"	"Red Stripes (USA)"	"11.00"	"15.5"	"Handicap"	"2"	"12"	"Shaw, Harrison"	"Williamson, Mrs L"	"5f "	"4"	"6"	"4"	"9"
"17:55:00"	"2020-07-18"	"Haydock"	"Iconic Knight (IRE)"	"5.50"	"7.15"	"Handicap"	"6"	"12"	"Morris, Luke"	"Walker, Ed"	"5f "	"4"	"8"	"3"	"11"
"17:55:00"	"2020-07-18"	"Haydock"	"Dapper Man (IRE)"	"10.00"	"13.42"	"Handicap"	"9"	"12"	"Sullivan, James P"	"Fell, R / Murray, S"	"5f "	"4"	"7"	"10"	"12"
"17:20:00"	"2020-07-18"	"Haydock"	"Liamba"	"3.50"	"4.85"	"Handicap"	"5"	"11"	"Nolan, D"	"OMeara, D"	"5f "	"5"	"6"	"3"	"9"
"17:20:00"	"2020-07-18"	"Haydock"	"Boudica Bay (IRE)"	"9.00"	"13.37"	"Handicap"	"6"	"11"	"Richardson, Rachel"	"Alston, E J"	"5f "	"5"	"8"	"10"	"11"
"17:00:00"	"2020-07-18"	"Newbury"	"Tell William"	"2.50"	"3.8"	"Handicap"	"1"	"11"	"Atzeni, Andrea"	"Tregoning, M P"	"1m "	"5"	"8"	"2"	"9"
"17:00:00"	"2020-07-18"	"Newbury"	"Kingston Kurrajong"	"10.00"	"13"	"Handicap"	"2"	"11"	"Murphy, Oisin"	"Knight, W J"	"1m "	"5"	"8"	"8"	"9"
"17:00:00"	"2020-07-18"	"Newbury"	"Isomer (USA)"	"8.00"	"11.31"	"Handicap"	"7"	"11"	"Hutchinson, Callum"	"Balding, A M"	"1m "	"5"	"10"	"3"	"11"
"16:30:00"	"2020-07-18"	"Newbury"	"Puerto Banus"	"3.00"	"4.5"	"Handicap"	"9"	"11"	"Moore, Ryan"	"Williams, Ian"	"1m "	"5"	"10"	"2"	"11"
"16:10:00"	"2020-07-18"	"York"	"Tukhoom (IRE)"	"25.00"	"34"	"Handicap"	"1"	"18"	"Mitchell, Jack"	"OMeara, D"	"6f "	"3"	"10"	"8"	"13"
"16:10:00"	"2020-07-18"	"York"	"Athollblair Boy (IRE)"	"14.00"	"17.89"	"Handicap"	"7"	"18"	"McManoman, Faye"	"Tinkler, N"	"6f "	"3"	"7"	"5"	"11"
"16:10:00"	"2020-07-18"	"York"	"Only Spoofing (IRE)"	"22.00"	"29.75"	"Handicap"	"9"	"18"	"Garritty, Jack"	"OKeeffe, Jedd"	"6f "	"3"	"7"	"5"	"12"
"16:10:00"	"2020-07-18"	"York"	"Broken Spear"	"4.50"	"5.8"	"Handicap"	"12"	"18"	"Stott, Kevin"	"Coyle, Tony"	"6f "	"3"	"3"	"6"	"12"
"16:10:00"	"2020-07-18"	"York"	"Edraak (IRE)"	"7.50"	"10"	"Handicap"	"15"	"18"	"Gray, S A"	"Appleby, M"	"6f "	"3"	"7"	"3"	"11"
"17:25:00"	"2020-07-17"	"Haydock"	"Buccaneers Vault (IRE)"	"9.00"	"15"	"Handicap"	"4"	"9"	"Murphy, Oisin"	"Midgley, P T"	"6f "	"4"	"9"	"3"	"10"
"17:05:00"	"2020-07-17"	"Leicester"	"Rock Warbler (IRE)"	"9.00"	"10.25"	"Handicap"	"7"	"15"	"Sullivan, James P"	"Mullineaux, M"	"7f "	"6"	"4"	"7"	"12"
"13:50:00"	"2020-07-17"	"Chepstow"	"In The Cove (IRE)"	"1.00"	"2.02"	"Handicap"	"4"	"9"	"Hansen, Thore"	"Hannon (Jnr), Richard"	"7f "	"6"	"8"	"1"	"8"
"12:15:00"	"2020-07-17"	"Chepstow"	"Cool Strutter (IRE)"	"3.33"	"4.77"	"Handicap"	"2"	"9"	"Tate, Ryan"	"Spearing, J L"	"5f "	"6"	"10"	"2"	"6"
"13:30:00"	"2020-07-16"	"Hamilton"	"Ey Up Its Mick"	"1.10"	"2.08"	"Handicap"	"4"	"6"	"Stott, Kevin"	"Coyle, Tony"	"6f "	"5"	"4"	"1"	"9"
"13:30:00"	"2020-07-16"	"Hamilton"	"Indiaro"	"125.00"	"156.94"	"Handicap"	"6"	"6"	"Hardie, Cameron"	"Perratt, Miss L A"	"6f "	"5"	"4"	"9"	"9"
"13:00:00"	"2020-07-16"	"Hamilton"	"Lydiate Lady"	"10.00"	"13.5"	"Handicap"	"2"	"7"	"Tutty, Gemma"	"Tutty, Mrs K J"	"5f "	"6"	"10"	"6"	"9"
"13:00:00"	"2020-07-16"	"Hamilton"	"Somewhere Secret"	"2.75"	"3.85"	"Handicap"	"3"	"7"	"Garritty, Jack"	"Mullineaux, M"	"5f "	"6"	"10"	"2"	"9"
"13:00:00"	"2020-07-16"	"Hamilton"	"Northern Society (IRE)"	"6.50"	"9.31"	"Handicap"	"5"	"7"	"Sanderson, Benjamin"	"Dalgleish, Keith"	"5f "	"6"	"10"	"5"	"9"
"15:10:00"	"2020-07-15"	"Yarmouth"	"Independence Day (IRE)"	"4.00"	"5.8"	"Handicap"	"3"	"10"	"Haynes, Joey"	"Banham, Chelsea"	"6f "	"6"	"9"	"2"	"10"
"14:40:00"	"2020-07-15"	"Yarmouth"	"Queen Of Burgundy"	"7.00"	"8.95"	"Handicap"	"7"	"10"	"Lundie, K"	"Dunnett, Mrs C A"	"6f "	"4"	"4"	"3"	"12"
"14:40:00"	"2020-07-15"	"Yarmouth"	"Rasheeq (IRE)"	"16.00"	"22.65"	"Handicap"	"10"	"10"	"Cherchi, Stefano"	"Moubarak, Mohamed"	"6f "	"4"	"7"	"7"	"10"
"12:45:00"	"2020-07-15"	"Catterick"	"Longroom"	"3.33"	"4.57"	"Handicap"	"1"	"10"	"Fanning, Joe"	"Midgley, P T"	"5f "	"5"	"5"	"3"	"11"
"18:50:00"	"2020-07-14"	"Ayr"	"Comptons Finale"	"22.00"	"23"	"Handicap"	"10"	"12"	"Morris, Luke"	"Keatley, Adrian Paul"	"6f "	"5"	"8"	"4"	"9"
"18:20:00"	"2020-07-14"	"Ayr"	"Sound Of Iona"	"4.00"	"5.7"	"Novices"	"1"	"5"	"Mathers, Patrick"	"Goldie, J S"	"5f "	"5"	"4"	"2"	"11"
"18:05:00"	"2020-07-14"	"Ripon"	"Round The Island"	"1.75"	"3.09"	"Handicap"	"1"	"10"	"Dennis, Phil"	"Whitaker, R M"	"6f "	"6"	"7"	"2"	"9"
"17:00:00"	"2020-07-14"	"Ripon"	"Alba Del Sole (IRE)"	"2.50"	"3.67"	"Handicap"	"2"	"10"	"Bradley, Paddy"	"Brisland, Robyn"	"5f "	"6"	"7"	"1"	"6"
"13:35:00"	"2020-07-13"	"Windsor"	"Dirty Rascal (IRE)"	"40.00"	"50.38"	"Handicap"	"9"	"12"	"Shoemark, Kieran"	"Ward, Tom"	"6f "	"3"	"9"	"13"	"14"
"12:40:00"	"2020-07-13"	"Ayr"	"Laoise (USA)"	"25.00"	"30.12"	"Handicap"	"4"	"8"	"Lee, G"	"Perratt, Miss L A"	"6f "	"6"	"10"	"3"	"5"
"12:40:00"	"2020-07-13"	"Ayr"	"Star Cracker (IRE)"	"12.00"	"14.13"	"Handicap"	"5"	"8"	"Mulrennan, Paul"	"Goldie, J S"	"6f "	"6"	"7"	"5"	"6"
"12:40:00"	"2020-07-13"	"Ayr"	"Dodgy Bob"	"3.00"	"4.31"	"Handicap"	"6"	"8"	"Dennis, Phil"	"Mullineaux, M"	"6f "	"6"	"7"	"3"	"6"
"12:40:00"	"2020-07-13"	"Ayr"	"Burmese Blazer (IRE)"	"16.00"	"19.8"	"Handicap"	"7"	"8"	"Shaw, Harrison"	"Scott, Miss Katie"	"6f "	"6"	"10"	"5"	"5"
"12:05:00"	"2020-07-13"	"Ayr"	"Shesadabber"	"7.50"	"10.5"	"Handicap"	"3"	"9"	"Dennis, Phil"	"Mullineaux, M"	"5f "	"6"	"10"	"1"	"5"
"12:05:00"	"2020-07-13"	"Ayr"	"Star Citizen"	"2.25"	"3.64"	"Handicap"	"6"	"9"	"Stott, Kevin"	"Watson, F"	"5f "	"6"	"7"	"1"	"9"
"12:05:00"	"2020-07-13"	"Ayr"	"Corton Lass"	"25.00"	"36"	"Handicap"	"7"	"9"	"Fanning, Joe"	"Dalgleish, Keith"	"5f "	"6"	"10"	"2"	"5"
"15:10:00"	"2020-07-12"	"Cork"	"Maggie Thunder (IRE)"	"6.00"	"9.04"	"Handicap"	"2"	"11"	"McDonogh, D P"	"Hassett, P J"	"6f "	"0"	"7"	"9"	"17"
"15:10:00"	"2020-07-12"	"Cork"	"Pillar"	"33.00"	"47.51"	"Handicap"	"4"	"11"	"Whelan, R P"	"McGuinness, Adrian"	"6f "	"0"	"8"	"12"	"15"
"13:55:00"	"2020-07-12"	"Hamilton"	"Ey Up Its Mick"	"2.50"	"3.73"	"Handicap"	"1"	"9"	"Stott, Kevin"	"Coyle, Tony"	"6f "	"5"	"8"	"1"	"14"
"13:55:00"	"2020-07-12"	"Hamilton"	"Canfords Joy (IRE)"	"3.50"	"4.87"	"Handicap"	"4"	"9"	"Tudhope, Daniel"	"Bailey, Liam"	"6f "	"5"	"9"	"2"	"11"
"13:55:00"	"2020-07-12"	"Hamilton"	"Shortbackandsides (IRE)"	"40.00"	"47.44"	"Handicap"	"8"	"9"	"Sullivan, James P"	"Williamson, Mrs L"	"6f "	"5"	"8"	"7"	"14"
"12:45:00"	"2020-07-12"	"Hamilton"	"Marietta Robusti (IRE)"	"18.00"	"22"	"Handicap"	"1"	"9"	"Hardie, Cameron"	"Barclay, Stella"	"5f "	"5"	"9"	"4"	"6"
"12:45:00"	"2020-07-12"	"Hamilton"	"Astrophysics"	"6.00"	"8.22"	"Handicap"	"2"	"9"	"Mulrennan, Paul"	"Siddall, Miss L C"	"5f "	"5"	"9"	"2"	"5"
"12:45:00"	"2020-07-12"	"Hamilton"	"Airglow (IRE)"	"4.50"	"7.37"	"Handicap"	"7"	"9"	"Evans, Nathan"	"Easterby, M W"	"5f "	"5"	"8"	"2"	"14"
"16:35:00"	"2020-07-11"	"Salisbury"	"Gilt Edge"	"11.00"	"13.88"	"Handicap"	"2"	"12"	"Ingram, Rhiain B"	"Mason, Christopher"	"6f "	"5"	"8"	"3"	"8"
"16:35:00"	"2020-07-11"	"Salisbury"	"My Style (IRE)"	"10.00"	"12"	"Handicap"	"7"	"12"	"Dobie, Georgia"	"Houghton, Eve Johnson"	"6f "	"5"	"10"	"5"	"8"
"16:35:00"	"2020-07-11"	"Salisbury"	"Little Palaver"	"25.00"	"34.07"	"Handicap"	"8"	"12"	"Carter, Imogen"	"Cox, C G"	"6f "	"5"	"10"	"1"	"8"
"18:45:00"	"2020-07-10"	"Curragh"	"Aurora Eclipse (IRE)"	"50.00"	"140"	"Handicap"	"12"	"18"	"Halpin, G P"	"Coleman, Kevin"	"6f "	"0"	"7"	"8"	"10"
"18:45:00"	"2020-07-10"	"Curragh"	"Master Matt"	"6.50"	"9.52"	"Handicap"	"18"	"18"	"Crosse, S M"	"Smith, Matthew J"	"6f "	"0"	"1"	"5"	"9"
"15:25:00"	"2020-07-10"	"Musselburgh"	"Sound Of Iona"	"40.00"	"83.04"	"Handicap"	"2"	"11"	"Stott, Kevin"	"Goldie, J S"	"5f "	"5"	"10"	"4"	"5"
"19:00:00"	"2020-07-09"	"Chepstow"	"Barrington (IRE)"	"4.00"	"6.2"	"Handicap"	"3"	"8"	"Rooke, George"	"Appleby, M"	"7f "	"5"	"8"	"2"	"8"
"19:00:00"	"2020-07-09"	"Chepstow"	"Hawafez (IRE)"	"12.00"	"16.3"	"Handicap"	"8"	"8"	"Shoemark, Kieran"	"Watson, Archie"	"7f "	"5"	"6"	"9"	"11"
"17:30:00"	"2020-07-09"	"Chepstow"	"The Daley Express (IRE)"	"8.00"	"9.84"	"Handicap"	"7"	"7"	"Probert, David"	"Harris, R A"	"5f "	"4"	"7"	"10"	"10"
"16:25:00"	"2020-07-09"	"Navan"	"Pretty Smart (IRE)"	"5.00"	"6.89"	"Handicap"	"1"	"14"	"Hoban, Connor"	"Martin, Patrick"	"5f "	"0"	"7"	"8"	"10"
"16:25:00"	"2020-07-09"	"Navan"	"Ever Rock (IRE)"	"20.00"	"28.85"	"Handicap"	"7"	"14"	"Lordan, W M"	"Lambe, J J"	"5f "	"0"	"6"	"7"	"10"
"15:55:00"	"2020-07-09"	"Navan"	"Tide Of Time"	"10.00"	"12.5"	"Handicap"	"1"	"9"	"Orr, Oisin"	"Lynam, Edward"	"5f "	"0"	"6"	"5"	"10"
"15:55:00"	"2020-07-09"	"Navan"	"Celtic Manor (IRE)"	"16.00"	"20.39"	"Handicap"	"3"	"9"	"Hayes, C D"	"Donnelly, Garvan"	"5f "	"0"	"6"	"3"	"10"
"15:55:00"	"2020-07-09"	"Navan"	"Stanhope"	"6.00"	"7.96"	"Handicap"	"8"	"9"	"Sheridan, J M"	"McConnell, John C"	"5f "	"0"	"6"	"1"	"10"
"20:15:00"	"2020-07-07"	"Leicester"	"Alba Del Sole (IRE)"	"2.25"	"3.37"	"Handicap"	"1"	"6"	"Carson, William"	"Brisland, Robyn"	"5f "	"6"	"4"	"3"	"9"
"20:15:00"	"2020-07-07"	"Leicester"	"Cool Strutter (IRE)"	"3.33"	"3.88"	"Handicap"	"2"	"6"	"Tate, Ryan"	"Spearing, J L"	"5f "	"6"	"7"	"1"	"5"
"20:15:00"	"2020-07-07"	"Leicester"	"Celerity (IRE)"	"50.00"	"63.44"	"Handicap"	"3"	"6"	"Garbutt, Noel"	"Williamson, Mrs L"	"5f "	"6"	"4"	"6"	"6"
"20:15:00"	"2020-07-07"	"Leicester"	"Teepee Time"	"3.50"	"5.3"	"Handicap"	"4"	"6"	"Quinn, Jimmy"	"Mullineaux, M"	"5f "	"6"	"7"	"2"	"9"
"20:15:00"	"2020-07-07"	"Leicester"	"Zeebad (IRE)"	"14.00"	"17.5"	"Handicap"	"6"	"6"	"Egan, John"	"DArcy, P W"	"5f "	"6"	"7"	"5"	"9"
"18:15:00"	"2020-07-06"	"Windsor"	"Holdenhurst"	"12.00"	"14.57"	"Handicap"	"7"	"12"	"Walsh, E J"	"Turner, W G M"	"6f "	"6"	"4"	"9"	"10"
"17:15:00"	"2020-07-06"	"Windsor"	"Second Collection"	"5.00"	"6.79"	"Handicap"	"2"	"9"	"Doyle, Hollie"	"Carroll, A W"	"5f "	"3"	"10"	"8"	"10"
"17:15:00"	"2020-07-06"	"Windsor"	"Amplify (IRE)"	"5.50"	"7.8"	"Handicap"	"4"	"9"	"Watson, Jason"	"Meehan, B J"	"5f "	"3"	"8"	"6"	"9"
"16:55:00"	"2020-07-06"	"Thirsk"	"Lyons Lane"	"2.00"	"3.09"	"Non-Handicap"	"1"	"10"	"Mulrennan, Paul"	"Camacho, Miss J A"	"5f "	"6"	"7"	"3"	"10"
"16:55:00"	"2020-07-06"	"Thirsk"	"Newgate Angel"	"4.50"	"6.8"	"Non-Handicap"	"3"	"10"	"McHugh, B"	"Coyle, Tony"	"5f "	"6"	"9"	"2"	"10"
"16:55:00"	"2020-07-06"	"Thirsk"	"Chillon Castle"	"25.00"	"36"	"Non-Handicap"	"4"	"10"	"Eaves, Tom"	"Herrington,M "	"5f "	"6"	"3"	"6"	"9"
"15:15:00"	"2020-07-06"	"Ayr"	"Star Citizen"	"22.00"	"27.45"	"Handicap"	"1"	"9"	"Stott, Kevin"	"Watson, F"	"5f "	"6"	"7"	"8"	"10"
"13:40:00"	"2020-07-06"	"Ayr"	"Muscika"	"4.00"	"5.76"	"Handicap"	"8"	"11"	"Nolan, D"	"OMeara, D"	"6f "	"3"	"6"	"2"	"13"
"16:30:00"	"2020-07-05"	"Doncaster"	"Absolute Dream (IRE)"	"7.00"	"9.71"	"Handicap"	"5"	"19"	"Hamilton, Tony"	"Fahey, R A"	"1m "	"5"	"10"	"6"	"8"
"16:30:00"	"2020-07-05"	"Doncaster"	"Mountain Rescue (IRE)"	"6.00"	"8.4"	"Handicap"	"6"	"19"	"Dennis, Phil"	"Fife, Mrs Marjorie"	"1m "	"5"	"9"	"4"	"14"
"16:10:00"	"2020-07-05"	"Cork"	"Maggie Thunder (IRE)"	"22.00"	"26.51"	"Handicap"	"9"	"17"	"Sheehy, Danny"	"Hassett, P J"	"7f "	"0"	"10"	"3"	"10"
"16:10:00"	"2020-07-05"	"Cork"	"Swiss Army Officer (IRE)"	"11.00"	"14.5"	"Handicap"	"14"	"17"	"Kennedy, B P"	"Coleman, Kevin"	"7f "	"0"	"10"	"7"	"14"
"16:00:00"	"2020-07-05"	"Doncaster"	"Giogiobbo"	"25.00"	"35.88"	"Handicap"	"10"	"11"	"Quinn, Jimmy"	"Dixon, Scott"	"5f "	"3"	"8"	"10"	"13"
"15:25:00"	"2020-07-05"	"Doncaster"	"Free Love"	"3.50"	"5"	"Handicap"	"4"	"7"	"Ladd, Theodore"	"Appleby, M"	"5f "	"4"	"9"	"3"	"9"
"14:15:00"	"2020-07-05"	"Doncaster"	"Dream World (IRE)"	"18.00"	"22.89"	"Handicap"	"4"	"15"	"Gray, S A"	"Appleby, M"	"7f "	"5"	"9"	"12"	"14"
"15:05:00"	"2020-07-04"	"Naas"	"Teddy Boy (IRE)"	"5.00"	"6.4"	"Handicap"	"3"	"15"	"Crosse, S M"	"Lynam, Edward"	"6f "	"0"	"10"	"3"	"15"
"15:05:00"	"2020-07-04"	"Naas"	"Bay Of Skaill"	"4.50"	"6"	"Handicap"	"6"	"15"	"Slattery, A J"	"Murphy, Joseph G"	"6f "	"0"	"5"	"2"	"14"
"15:05:00"	"2020-07-04"	"Naas"	"Bellick"	"8.50"	"12.5"	"Handicap"	"8"	"15"	"Rutledge, Siobhan"	"McConnell, John C"	"6f "	"0"	"9"	"4"	"14"
"13:00:00"	"2020-07-04"	"Haydock"	"Ey Up Its Mick"	"2.50"	"4.2"	"Handicap"	"1"	"14"	"Stott, Kevin"	"Coyle, Tony"	"6f "	"5"	"6"	"3"	"11"
"13:00:00"	"2020-07-04"	"Haydock"	"Airglow (IRE)"	"10.00"	"14"	"Handicap"	"2"	"14"	"Evans, Nathan"	"Easterby, M W"	"6f "	"5"	"5"	"9"	"12"
"13:00:00"	"2020-07-04"	"Haydock"	"Redrosezorro"	"5.50"	"8.54"	"Handicap"	"3"	"14"	"Eaves, Tom"	"Alston, E J"	"6f "	"5"	"4"	"2"	"9"
"13:00:00"	"2020-07-04"	"Haydock"	"Bevsboy (IRE)"	"100.00"	"191.53"	"Handicap"	"8"	"14"	"Muir, Paula"	"Siddall, Miss L C"	"6f "	"5"	"5"	"10"	"10"
"13:00:00"	"2020-07-04"	"Haydock"	"Sharrabang"	"66.00"	"110"	"Handicap"	"10"	"14"	"Hardie, Cameron"	"Barclay, Stella"	"6f "	"5"	"10"	"7"	"7"
"17:40:00"	"2020-07-03"	"Navan"	"Stanhope"	"7.00"	"17"	"Handicap"	"1"	"10"	"Cleary, R P"	"McConnell, John C"	"5f "	"0"	"5"	"7"	"14"
"17:40:00"	"2020-07-03"	"Navan"	"Miacomet (IRE)"	"5.50"	"7.6"	"Handicap"	"2"	"10"	"Whelan, R P"	"Davison, Jack W"	"5f "	"0"	"5"	"13"	"14"
"17:40:00"	"2020-07-03"	"Navan"	"Limit Long"	"9.00"	"15.25"	"Handicap"	"6"	"10"	"Roche, L F"	"Bunyan, Darren / OLeary, G"	"5f "	"0"	"10"	"2"	"9"
"17:40:00"	"2020-07-03"	"Navan"	"Face Off (CAN)"	"2.75"	"2.98"	"Handicap"	"9"	"10"	"McDonogh, D P"	"OBrien, Charles"	"5f "	"0"	"10"	"2"	"15"
"14:40:00"	"2020-07-03"	"Hamilton"	"Shesadabber"	"0.83"	"1.89"	"Handicap"	"1"	"5"	"Dennis, Phil"	"Mullineaux, M"	"5f "	"6"	"9"	"1"	"10"
"14:40:00"	"2020-07-03"	"Hamilton"	"Laoise (USA)"	"12.00"	"17.83"	"Handicap"	"3"	"5"	"Lee, G"	"Perratt, Miss L A"	"5f "	"6"	"9"	"7"	"7"
"14:40:00"	"2020-07-03"	"Hamilton"	"Popping Corks (IRE)"	"6.00"	"8"	"Handicap"	"5"	"5"	"Robinson, Ben"	"Perratt, Miss L A"	"5f "	"6"	"9"	"10"	"10"
"14:20:00"	"2020-07-03"	"Chepstow"	"Sir Plato (IRE)"	"1.00"	"2.13"	"Handicap"	"1"	"8"	"Marquand, Tom"	"Millman, B R"	"7f "	"5"	"10"	"1"	"10"
"14:20:00"	"2020-07-03"	"Chepstow"	"Stringybark Creek"	"14.00"	"18.95"	"Handicap"	"4"	"8"	"Ryan, Rossa"	"Loughnane, David"	"7f "	"5"	"8"	"6"	"7"
"14:20:00"	"2020-07-03"	"Chepstow"	"Fieldsman (USA)"	"4.00"	"6.2"	"Handicap"	"5"	"8"	"Whittington, Elisha"	"Carroll, A W"	"7f "	"5"	"7"	"1"	"7"
"14:20:00"	"2020-07-03"	"Chepstow"	"Incentive"	"4.00"	"5.2"	"Handicap"	"6"	"8"	"Hornby, Rob"	"Kittow, W S"	"7f "	"5"	"10"	"2"	"10"
"14:10:00"	"2020-07-03"	"Hamilton"	"Montalvan (IRE)"	"1.50"	"2.89"	"Handicap"	"1"	"5"	"Rodriguez, Callum"	"Fell, R / Murray, S"	"5f "	"6"	"4"	"4"	"10"
"14:10:00"	"2020-07-03"	"Hamilton"	"Davids Beauty (IRE)"	"2.50"	"3.53"	"Handicap"	"4"	"5"	"Dennis, Phil"	"Mullineaux, M"	"5f "	"6"	"10"	"1"	"8"
"13:30:00"	"2020-07-03"	"Haydock"	"Erissimus Maximus (FR)"	"2.50"	"3.69"	"Handicap"	"1"	"6"	"Murphy, Oisin"	"Cowell, R M H"	"5f "	"5"	"7"	"7"	"12"
"13:30:00"	"2020-07-03"	"Haydock"	"Marietta Robusti (IRE)"	"4.00"	"5.14"	"Handicap"	"4"	"6"	"Hart, Jason"	"Barclay, Stella"	"5f "	"5"	"9"	"3"	"10"
"13:30:00"	"2020-07-03"	"Haydock"	"Celerity (IRE)"	"150.00"	"190"	"Handicap"	"6"	"6"	"Garbutt, Noel"	"Williamson, Mrs L"	"5f "	"5"	"10"	"6"	"8"
"13:15:00"	"2020-07-03"	"Chepstow"	"Avenue Of Stars"	"1.38"	"2.54"	"Handicap"	"3"	"8"	"Rooke, George"	"Appleby, M"	"6f "	"6"	"10"	"1"	"9"
"13:15:00"	"2020-07-03"	"Chepstow"	"Crimson Princess"	"100.00"	"150.64"	"Handicap"	"4"	"8"	"Fahy, J P"	"Evans, Mrs N S"	"6f "	"6"	"10"	"7"	"8"
"13:15:00"	"2020-07-03"	"Chepstow"	"Castlerea Tess"	"5.50"	"7.61"	"Handicap"	"6"	"8"	"Hornby, Rob"	"Hollinshead, Sarah"	"6f "	"6"	"9"	"5"	"8"
"13:15:00"	"2020-07-03"	"Chepstow"	"Jaganory (IRE)"	"22.00"	"31.9"	"Handicap"	"8"	"8"	"Villiers, Angus"	"Mason, Christopher"	"6f "	"6"	"8"	"5"	"7"
"12:45:00"	"2020-07-01"	"Musselburgh"	"Red Stripes (USA)"	"7.00"	"9.54"	"Handicap"	"2"	"5"	"Shaw, Harrison"	"Williamson, Mrs L"	"5f "	"5"	"3"	"4"	"5"
"18:15:00"	"2020-06-30"	"Leicester"	"Rock Warbler (IRE)"	"6.50"	"8.8"	"Handicap"	"3"	"9"	"Sullivan, James P"	"Mullineaux, M"	"7f "	"6"	"6"	"4"	"8"
"18:15:00"	"2020-06-30"	"Leicester"	"Deconso"	"8.00"	"10"	"Handicap"	"5"	"9"	"Hitchcott, Sam"	"Kellett, C N"	"7f "	"6"	"6"	"3"	"8"
"17:45:00"	"2020-06-30"	"Leicester"	"Kraka (IRE)"	"1.25"	"2.65"	"Handicap"	"1"	"5"	"Lundie, K"	"Dunnett, Mrs C A"	"6f "	"6"	"10"	"3"	"11"
"17:30:00"	"2020-06-30"	"Chepstow"	"Cool Strutter (IRE)"	"4.50"	"6.94"	"Handicap"	"1"	"5"	"Probert, David"	"Spearing, J L"	"5f "	"6"	"10"	"3"	"10"
"17:30:00"	"2020-06-30"	"Chepstow"	"Aquadabra (IRE)"	"8.00"	"10.23"	"Handicap"	"2"	"5"	"Currie, Nicola"	"Mason, Christopher"	"5f "	"6"	"7"	"5"	"8"
"17:30:00"	"2020-06-30"	"Chepstow"	"Lorna Cole (IRE)"	"0.91"	"1.91"	"Handicap"	"3"	"5"	"Dwyer, Martin"	"Muir, W R"	"5f "	"6"	"6"	"1"	"8"
"17:30:00"	"2020-06-30"	"Chepstow"	"Cox Bazar (FR)"	"12.00"	"15"	"Handicap"	"5"	"5"	"Ryan, Rossa"	"Harris, Miss G"	"5f "	"6"	"5"	"7"	"7"
"17:15:00"	"2020-06-30"	"Leicester"	"Teepee Time"	"2.50"	"3.09"	"Handicap"	"2"	"9"	"Queally, T P"	"Mullineaux, M"	"5f "	"6"	"5"	"7"	"7"
"17:15:00"	"2020-06-30"	"Leicester"	"Tilsworth Rose"	"4.50"	"7.6"	"Handicap"	"3"	"9"	"Da Silva, Raul"	"Jenkins, J R"	"5f "	"6"	"5"	"4"	"7"
"17:15:00"	"2020-06-30"	"Leicester"	"Dahik (IRE)"	"8.00"	"10.41"	"Handicap"	"4"	"9"	"Sullivan, James P"	"Easterby, M W"	"5f "	"6"	"10"	"13"	"13"
"14:00:00"	"2020-06-30"	"Doncaster"	"Wentworth Falls"	"3.50"	"5.24"	"Handicap"	"1"	"13"	"Beasley, Connor"	"Harker, G A"	"6f "	"3"	"8"	"2"	"8"
"14:00:00"	"2020-06-30"	"Doncaster"	"Flavius Titus"	"18.00"	"21.36"	"Handicap"	"9"	"13"	"Nicholls, Miss M"	"OKeeffe, Jedd"	"6f "	"3"	"10"	"13"	"19"
"14:00:00"	"2020-06-30"	"Doncaster"	"The Great Heir (FR)"	"10.00"	"13.05"	"Handicap"	"11"	"13"	"Eaves, Tom"	"Ryan, K A"	"6f "	"3"	"9"	"10"	"12"
"13:30:00"	"2020-06-30"	"Doncaster"	"Big Lachie"	"5.00"	"5.93"	"Handicap"	"1"	"9"	"Doyle, Hollie"	"Loughnane, Daniel Mark"	"6f "	"5"	"7"	"6"	"9"
"13:30:00"	"2020-06-30"	"Doncaster"	"Redrosezorro"	"5.00"	"6.2"	"Handicap"	"2"	"9"	"Doyle, James"	"Alston, E J"	"6f "	"5"	"8"	"4"	"9"
"13:30:00"	"2020-06-30"	"Doncaster"	"Mutabaahy (IRE)"	"8.00"	"11"	"Handicap"	"3"	"9"	"Hardie, Cameron"	"Brittain, Antony"	"6f "	"5"	"5"	"5"	"9"
"13:30:00"	"2020-06-30"	"Doncaster"	"Mr Wagyu (IRE)"	"3.50"	"5.13"	"Handicap"	"6"	"9"	"Hart, Jason"	"Quinn, J J"	"6f "	"5"	"8"	"1"	"9"
"19:00:00"	"2020-06-29"	"Thirsk"	"Aghast"	"12.00"	"17.9"	"Handicap"	"5"	"10"	"Rawlinson, Ali"	"Appleby, M"	"6f "	"6"	"9"	"10"	"10"
"19:00:00"	"2020-06-29"	"Thirsk"	"Star Citizen"	"20.00"	"25.59"	"Handicap"	"8"	"10"	"Stott, Kevin"	"Watson, F"	"6f "	"6"	"9"	"11"	"13"
"19:00:00"	"2020-06-29"	"Thirsk"	"Alameery"	"4.50"	"6.6"	"Handicap"	"9"	"10"	"McHugh, B"	"Nicholls, Adrian"	"6f "	"6"	"9"	"7"	"13"
"18:30:00"	"2020-06-29"	"Thirsk"	"Slowmo (IRE)"	"8.50"	"15.87"	"Handicap"	"12"	"12"	"Hardie, Cameron"	"Brittain, Antony"	"6f "	"5"	"9"	"5"	"11"
"17:00:00"	"2020-06-29"	"Thirsk"	"Sambucca Spirit"	"1.50"	"2.6"	"Handicap"	"1"	"10"	"Stott, Kevin"	"Midgley, P T"	"5f "	"6"	"8"	"1"	"11"
"17:00:00"	"2020-06-29"	"Thirsk"	"Hello Girl"	"7.00"	"9.8"	"Handicap"	"2"	"10"	"Scott, Rowan"	"Tinkler, N"	"5f "	"6"	"8"	"5"	"11"
"17:00:00"	"2020-06-29"	"Thirsk"	"Montalvan (IRE)"	"5.00"	"9.59"	"Handicap"	"4"	"10"	"Curtis, B A"	"Fell, R / Murray, S"	"5f "	"6"	"9"	"3"	"13"
"17:00:00"	"2020-06-29"	"Thirsk"	"Cuppacoco"	"5.50"	"7.05"	"Handicap"	"8"	"10"	"Elliott, Andrew"	"Duffield, Mrs A"	"5f "	"6"	"5"	"4"	"10"
"17:00:00"	"2020-06-29"	"Thirsk"	"Rangefield Express (IRE)"	"10.00"	"16.02"	"Handicap"	"9"	"10"	"Fanning, Joe"	"Harker, G A"	"5f "	"6"	"8"	"3"	"11"
"14:30:00"	"2020-06-29"	"Yarmouth"	"Zap"	"3.50"	"5.05"	"Handicap"	"3"	"7"	"Cosgrave, Pat"	"Fahey, R A"	"7f "	"3"	"7"	"4"	"14"
"14:30:00"	"2020-06-29"	"Yarmouth"	"Deep Intrigue"	"5.50"	"6.94"	"Handicap"	"4"	"7"	"Shoemark, Kieran"	"Johnston, M"	"7f "	"3"	"9"	"1"	"6"
"13:30:00"	"2020-06-29"	"Yarmouth"	"Maid Millie"	"3.50"	"5.7"	"Handicap"	"3"	"11"	"Egan, John"	"Chapple-Hyam, Jane"	"7f "	"6"	"9"	"2"	"10"
"13:30:00"	"2020-06-29"	"Yarmouth"	"Intense Style (IRE)"	"18.00"	"23.23"	"Handicap"	"9"	"11"	"Garbutt, Noel"	"McEntee, P S"	"7f "	"6"	"9"	"10"	"12"
"14:10:00"	"2020-06-28"	"Newmarket (Rowley)"	"Colonel Frank"	"2.13"	"3.25"	"Handicap"	"4"	"6"	"Norton, Francis"	"Quinn, M"	"6f "	"4"	"2"	"4"	"12"
"13:10:00"	"2020-06-28"	"Hamilton"	"Red Stripes (USA)"	"25.00"	"26.96"	"Handicap"	"4"	"5"	"Ashton, Gavin"	"Williamson, Mrs L"	"5f "	"5"	"4"	"8"	"10"
"16:35:00"	"2020-06-27"	"Redcar"	"Boudica Bay (IRE)"	"2.50"	"3.92"	"Handicap"	"1"	"8"	"Richardson, Rachel"	"Alston, E J"	"5f "	"6"	"3"	"5"	"10"
"16:35:00"	"2020-06-27"	"Redcar"	"Undercover Brother"	"2.00"	"3.4"	"Handicap"	"2"	"8"	"Edmunds, Lewis"	"Eyre, J L"	"5f "	"6"	"10"	"2"	"12"
"14:50:00"	"2020-06-27"	"Redcar"	"Tukhoom (IRE)"	"12.00"	"14.5"	"Handicap"	"11"	"13"	"Mullen, Andrew"	"OMeara, D"	"1m "	"3"	"7"	"6"	"11"
"14:15:00"	"2020-06-27"	"Redcar"	"My Boy Lewis (IRE)"	"3.33"	"4.6"	"Handicap"	"2"	"14"	"Tudhope, Daniel"	"Fell, R / Murray, S"	"1m "	"6"	"9"	"2"	"13"
"14:15:00"	"2020-06-27"	"Redcar"	"Equidae"	"12.00"	"17.5"	"Handicap"	"6"	"14"	"Evans, Nathan"	"Jardine, I"	"1m "	"6"	"9"	"13"	"13"
"14:15:00"	"2020-06-27"	"Redcar"	"Straight Ash (IRE)"	"14.00"	"14.75"	"Handicap"	"11"	"14"	"Robinson, Ben"	"Pears, Ollie"	"1m "	"6"	"9"	"4"	"13"
"14:15:00"	"2020-06-27"	"Redcar"	"Pinkie Pie (IRE)"	"250.00"	"584.26"	"Handicap"	"13"	"14"	"Hardie, Cameron"	"Crook, A"	"1m "	"6"	"6"	"12"	"12"
"13:05:00"	"2020-06-27"	"Redcar"	"Dirchill (IRE)"	"6.00"	"8.29"	"Handicap"	"1"	"10"	"Shaw, Harrison"	"Thompson, D W"	"6f "	"6"	"6"	"6"	"11"
"13:05:00"	"2020-06-27"	"Redcar"	"Newgate Angel"	"7.00"	"8.6"	"Handicap"	"2"	"10"	"McHugh, B"	"Coyle, Tony"	"6f "	"6"	"6"	"2"	"11"
"13:05:00"	"2020-06-27"	"Redcar"	"Jeans Maite"	"12.00"	"16.5"	"Handicap"	"3"	"10"	"Edmunds, Lewis"	"Bowring, S R"	"6f "	"6"	"6"	"3"	"8"
"13:05:00"	"2020-06-27"	"Redcar"	"Northern Queen (IRE)"	"1.20"	"2.28"	"Handicap"	"4"	"10"	"Robinson, Ben"	"Ellison, B"	"6f "	"6"	"10"	"3"	"12"
"13:05:00"	"2020-06-27"	"Redcar"	"Tavener"	"50.00"	"80"	"Handicap"	"8"	"10"	"Fallon, Cieren"	"Griffiths, D C"	"6f "	"6"	"6"	"10"	"11"
"20:00:00"	"2020-06-26"	"Lingfield"	"Fieldsman (USA)"	"0.80"	"1.82"	"Handicap"	"1"	"7"	"Whittington, Elisha"	"Carroll, A W"	"7.5f "	"6"	"3"	"1"	"10"
"20:00:00"	"2020-06-26"	"Lingfield"	"Haraz (IRE)"	"20.00"	"32"	"Handicap"	"4"	"7"	"Rooke, George"	"Butler, P"	"7.5f "	"6"	"6"	"9"	"12"
"18:00:00"	"2020-06-26"	"Lingfield"	"Napping"	"1.00"	"1.87"	"Handicap"	"1"	"5"	"Malune, Gabriele"	"Murphy, Amy"	"6f "	"6"	"4"	"1"	"10"
"18:00:00"	"2020-06-26"	"Lingfield"	"Under Curfew"	"2.75"	"3.11"	"Handicap"	"2"	"5"	"Probert, David"	"Carroll, A W"	"6f "	"6"	"3"	"4"	"8"
"18:00:00"	"2020-06-26"	"Lingfield"	"Friday Fizz (IRE)"	"33.00"	"43.07"	"Handicap"	"5"	"5"	"Currie, Nicola"	"Loughnane, Daniel Mark"	"6f "	"6"	"5"	"11"	"12"
"15:25:00"	"2020-06-26"	"Doncaster"	"Broctune Red"	"6.00"	"7.8"	"Handicap"	"2"	"10"	"Dennis, Phil"	"Boanas, Miss G"	"1m "	"6"	"8"	"2"	"12"
"14:45:00"	"2020-06-26"	"Newmarket (Rowley)"	"Wedding Date"	"7.50"	"9.18"	"Handicap"	"2"	"10"	"Hansen, Thore"	"Hannon (Jnr), Richard"	"6f "	"4"	"10"	"2"	"10"
"13:10:00"	"2020-06-26"	"Newmarket (Rowley)"	"Colonel Frank"	"4.00"	"5.87"	"Handicap"	"4"	"12"	"Bishop, Charles"	"Quinn, M"	"5f "	"4"	"7"	"2"	"7"
"12:45:00"	"2020-06-26"	"Doncaster"	"Lathom"	"7.50"	"10"	"Handicap"	"5"	"9"	"Eaves, Tom"	"Midgley, P T"	"5f "	"4"	"2"	"5"	"10"
"12:45:00"	"2020-06-26"	"Doncaster"	"Canford Bay (IRE)"	"11.00"	"12.6"	"Handicap"	"6"	"9"	"Hardie, Cameron"	"Brittain, Antony"	"5f "	"4"	"6"	"7"	"11"
"12:15:00"	"2020-06-26"	"Doncaster"	"National Anthem"	"3.33"	"4.89"	"Handicap"	"1"	"9"	"Hardie, Cameron"	"Brown, D H"	"5f "	"4"	"4"	"1"	"8"
"17:55:00"	"2020-06-25"	"Leicester"	"Fox Hill"	"1.75"	"2.68"	"Handicap"	"2"	"9"	"Shaw, Harrison"	"Alston, E J"	"6f "	"5"	"9"	"1"	"11"
"17:55:00"	"2020-06-25"	"Leicester"	"Sandridge Lad (IRE)"	"3.33"	"5"	"Handicap"	"6"	"9"	"Donohoe, Stephen"	"Ryan, J"	"6f "	"5"	"3"	"3"	"13"
"16:55:00"	"2020-06-25"	"Leicester"	"Qaaraat"	"4.00"	"6"	"Handicap"	"2"	"7"	"Russell, Harry"	"Brittain, Antony"	"5f "	"6"	"4"	"2"	"8"
"16:55:00"	"2020-06-25"	"Leicester"	"Burtonwood"	"2.25"	"3.32"	"Handicap"	"3"	"7"	"McManoman, Faye"	"Camacho, Miss J A"	"5f "	"6"	"8"	"1"	"12"
"16:55:00"	"2020-06-25"	"Leicester"	"Atyaaf"	"12.00"	"16.77"	"Handicap"	"6"	"7"	"Mathers, Patrick"	"Shaw, D"	"5f "	"6"	"8"	"8"	"12"
"18:55:00"	"2020-06-24"	"Windsor"	"Valentino Sunrise"	"5.00"	"7.6"	"Handicap"	"4"	"9"	"OShea, T P"	"Channon, M R"	"5f "	"6"	"7"	"7"	"12"
"18:55:00"	"2020-06-24"	"Windsor"	"Firenze Rosa (IRE)"	"2.50"	"3.71"	"Handicap"	"8"	"9"	"Beech, Aled J"	"Bridger, J / Cook, R"	"5f "	"6"	"8"	"3"	"11"
"14:50:00"	"2020-06-24"	"Hamilton"	"Devils Angel"	"1.00"	"2.1"	"Handicap"	"2"	"7"	"Nicholls, Miss M"	"OKeeffe, Jedd"	"6f "	"6"	"4"	"2"	"13"
"14:50:00"	"2020-06-24"	"Hamilton"	"Laoise (USA)"	"25.00"	"32.11"	"Handicap"	"7"	"7"	"Mullen, Andrew"	"Perratt, Miss L A"	"6f "	"6"	"2"	"4"	"8"
"14:30:00"	"2020-06-24"	"Naas"	"El Padre (USA)"	"4.00"	"4.5"	"Maiden"	"4"	"15"	"Roche, L F"	"Murray, Adrian"	"6f "	"0"	"9"	"2"	"15"
"13:50:00"	"2020-06-24"	"Hamilton"	"Pavers Pride"	"1.38"	"2.51"	"Handicap"	"2"	"10"	"Lee, G"	"Midgley, P T"	"5f "	"6"	"7"	"2"	"12"
"13:50:00"	"2020-06-24"	"Hamilton"	"Hard Solution"	"6.50"	"8.36"	"Handicap"	"7"	"10"	"Tudhope, Daniel"	"OMeara, D"	"5f "	"6"	"8"	"7"	"11"
"13:50:00"	"2020-06-24"	"Hamilton"	"Guardia Svizzera (IRE)"	"10.00"	"13"	"Handicap"	"8"	"10"	"Hamilton, Tony"	"Brown, A D"	"5f "	"6"	"7"	"5"	"12"
"13:40:00"	"2020-06-24"	"Haydock"	"Orvar (IRE)"	"4.50"	"6.4"	"Handicap"	"12"	"13"	"Doyle, James"	"Midgley, P T"	"5f "	"3"	"10"	"3"	"12"
"13:30:00"	"2020-06-24"	"Naas"	"Teddy Boy (IRE)"	"16.00"	"21"	"Handicap"	"3"	"15"	"Hayes, C D"	"Lynam, Edward"	"5f "	"0"	"5"	"13"	"15"
"13:30:00"	"2020-06-24"	"Naas"	"Mi Esperanza (IRE)"	"9.00"	"13.1"	"Handicap"	"4"	"15"	"Slattery, A J"	"Kinsella, A"	"5f "	"0"	"5"	"1"	"15"
"13:30:00"	"2020-06-24"	"Naas"	"Boughtinthedark (IRE)"	"2.75"	"3.93"	"Handicap"	"5"	"15"	"Sheridan, J M"	"Hogan, Denis Gerard"	"5f "	"0"	"1"	"1"	"15"
"13:30:00"	"2020-06-24"	"Naas"	"Polly Douglas (IRE)"	"6.00"	"8.66"	"Handicap"	"12"	"15"	"McMonagle, Dylan B"	"Cotter, Kieran P"	"5f "	"0"	"5"	"6"	"15"
"13:30:00"	"2020-06-24"	"Naas"	"Frow (IRE)"	"80.00"	"197.7"	"Handicap"	"15"	"15"	"Lordan, W M"	"Donovan, D"	"5f "	"0"	"1"	"14"	"15"
"13:20:00"	"2020-06-24"	"Hamilton"	"Bellevarde (IRE)"	"3.50"	"4.6"	"Handicap"	"4"	"10"	"Fanning, Joe"	"Price, R J"	"5f "	"4"	"9"	"2"	"10"
"19:40:00"	"2020-06-23"	"Chepstow"	"Sir Plato (IRE)"	"3.00"	"4.4"	"Handicap"	"1"	"10"	"Marquand, Tom"	"Millman, B R"	"1m "	"6"	"8"	"2"	"10"
"19:40:00"	"2020-06-23"	"Chepstow"	"Limelighter"	"1.38"	"2.65"	"Handicap"	"2"	"10"	"Crouch, Hector"	"West, Miss Sheena"	"1m "	"6"	"7"	"1"	"11"
"19:40:00"	"2020-06-23"	"Chepstow"	"Tallys Son"	"20.00"	"27.67"	"Handicap"	"6"	"10"	"Hornby, Rob"	"Harris, Miss G"	"1m "	"6"	"8"	"5"	"10"
"19:40:00"	"2020-06-23"	"Chepstow"	"Levanter (FR)"	"5.00"	"6.57"	"Handicap"	"8"	"10"	"Doyle, Hollie"	"Dunlop, H J L"	"1m "	"6"	"4"	"2"	"7"
"18:40:00"	"2020-06-23"	"Chepstow"	"Peachey Carnehan"	"2.75"	"4"	"Handicap"	"5"	"10"	"Kingscote, Richard"	"Mullineaux, M"	"7f "	"6"	"8"	"1"	"13"
"18:40:00"	"2020-06-23"	"Chepstow"	"Elzaams Dream (IRE)"	"14.00"	"15.11"	"Handicap"	"8"	"10"	"ONeill, K T"	"Harris, R A"	"7f "	"6"	"7"	"9"	"11"
"17:40:00"	"2020-06-23"	"Chepstow"	"Grandstand (IRE)"	"20.00"	"27.05"	"Handicap"	"5"	"14"	"Doyle, Hollie"	"Price, R J"	"6f "	"6"	"8"	"7"	"13"
"17:40:00"	"2020-06-23"	"Chepstow"	"Somewhere Secret"	"5.00"	"6.32"	"Handicap"	"10"	"14"	"Kingscote, Richard"	"Mullineaux, M"	"6f "	"6"	"8"	"5"	"10"
"17:40:00"	"2020-06-23"	"Chepstow"	"Powerful Dream (IRE)"	"14.00"	"19.5"	"Handicap"	"11"	"14"	"ONeill, K T"	"Harris, R A"	"6f "	"6"	"8"	"4"	"10"
"17:40:00"	"2020-06-23"	"Chepstow"	"Showmethewayavrilo"	"40.00"	"47.14"	"Handicap"	"13"	"14"	"Walsh, E J"	"Saunders, M S"	"6f "	"6"	"8"	"9"	"13"
"16:35:00"	"2020-06-23"	"Chepstow"	"Davids Beauty (IRE)"	"4.00"	"5.8"	"Handicap"	"1"	"8"	"Dennis, Phil"	"Mullineaux, M"	"5f "	"6"	"6"	"3"	"12"
"16:35:00"	"2020-06-23"	"Chepstow"	"Bluebell Time (IRE)"	"1.75"	"2.91"	"Handicap"	"3"	"8"	"Ryan, Rossa"	"Saunders, M S"	"5f "	"6"	"8"	"1"	"6"
"16:35:00"	"2020-06-23"	"Chepstow"	"Celerity (IRE)"	"50.00"	"72.11"	"Handicap"	"6"	"8"	"Garbutt, Noel"	"Williamson, Mrs L"	"5f "	"6"	"2"	"11"	"11"
"14:30:00"	"2020-06-23"	"Navan"	"Limit Long"	"7.50"	"10.93"	"Maiden"	"2"	"9"	"Hayes, C D"	"Bunyan, Darren / OLeary, G"	"5f "	"0"	"10"	"13"	"13"
"14:00:00"	"2020-06-23"	"Navan"	"Folie Douze"	"100.00"	"201.75"	"Handicap"	"13"	"15"	"Colgan, R C"	"McBratney, C A"	"5.5f "	"0"	"9"	"13"	"15"
"19:00:00"	"2020-06-22"	"Windsor"	"Our Man In Havana"	"7.50"	"10.65"	"Handicap"	"2"	"10"	"Marquand, Tom"	"Carroll, A W"	"6f "	"6"	"6"	"2"	"8"
"19:00:00"	"2020-06-22"	"Windsor"	"Pastfact"	"8.00"	"9.83"	"Handicap"	"4"	"10"	"Keniry, L P"	"Saunders, M S"	"6f "	"6"	"10"	"5"	"8"
"18:30:00"	"2020-06-22"	"Windsor"	"Sandridge Lad (IRE)"	"11.00"	"17.24"	"Handicap"	"3"	"13"	"Keenan, Darragh"	"Ryan, J"	"6f "	"4"	"8"	"3"	"10"
"18:30:00"	"2020-06-22"	"Windsor"	"Venture (IRE)"	"18.00"	"25.8"	"Handicap"	"12"	"13"	"Marquand, Tom"	"Ward, Tom"	"6f "	"4"	"7"	"3"	"6"
"15:40:00"	"2020-06-22"	"Ayr"	"Tanasoq (IRE)"	"10.00"	"13.5"	"Handicap"	"7"	"8"	"Lee, G"	"Midgley, P T"	"5f "	"3"	"8"	"10"	"12"
"15:10:00"	"2020-06-22"	"Ayr"	"Mr Wagyu (IRE)"	"3.33"	"4.7"	"Handicap"	"1"	"9"	"Fanning, Joe"	"Quinn, J J"	"6f "	"5"	"6"	"3"	"11"
"15:45:00"	"2020-06-21"	"Redcar"	"Stoney Lane"	"14.00"	"17.23"	"Handicap"	"10"	"13"	"Dennis, Phil"	"Whitaker, R M"	"1m "	"5"	"10"	"9"	"12"
"15:45:00"	"2020-06-21"	"Redcar"	"Trevithick"	"4.00"	"5.43"	"Handicap"	"11"	"13"	"Lee, G"	"Smart, B"	"1m "	"5"	"8"	"2"	"6"
"12:15:00"	"2020-06-21"	"Redcar"	"Rangefield Express (IRE)"	"11.00"	"15"	"Handicap"	"3"	"11"	"James, S H"	"Harker, G A"	"5f "	"6"	"4"	"9"	"12"
"12:15:00"	"2020-06-21"	"Redcar"	"Hello Girl"	"4.00"	"5.8"	"Handicap"	"5"	"11"	"Scott, Rowan"	"Tinkler, N"	"5f "	"6"	"4"	"1"	"12"
"12:15:00"	"2020-06-21"	"Redcar"	"Blackcurrent"	"14.00"	"18"	"Handicap"	"7"	"11"	"Nolan, D"	"Brown, A D"	"5f "	"6"	"9"	"6"	"9"
"12:15:00"	"2020-06-21"	"Redcar"	"Swell Song"	"4.00"	"5.8"	"Handicap"	"8"	"11"	"McDonald, P J"	"Cowell, R M H"	"5f "	"6"	"9"	"2"	"9"
"12:15:00"	"2020-06-21"	"Redcar"	"Celerity (IRE)"	"100.00"	"120"	"Handicap"	"11"	"11"	"Garbutt, Noel"	"Williamson, Mrs L"	"5f "	"6"	"9"	"8"	"8"
"18:10:00"	"2020-06-20"	"Ripon"	"Victory Angel (IRE)"	"6.00"	"7.68"	"Handicap"	"4"	"11"	"Edmunds, Lewis"	"Bastiman, Rebecca"	"6f "	"4"	"9"	"4"	"12"
"18:10:00"	"2020-06-20"	"Ripon"	"Slowmo (IRE)"	"6.50"	"8.6"	"Handicap"	"5"	"11"	"Hardie, Cameron"	"Brittain, Antony"	"6f "	"4"	"8"	"4"	"10"
"18:10:00"	"2020-06-20"	"Ripon"	"Tukhoom (IRE)"	"6.50"	"8.8"	"Handicap"	"6"	"11"	"Gray, S A"	"OMeara, D"	"6f "	"4"	"9"	"5"	"10"
"18:10:00"	"2020-06-20"	"Ripon"	"Paddy Power (IRE)"	"7.00"	"10.86"	"Handicap"	"8"	"11"	"Nolan, D"	"Fahey, R A"	"6f "	"4"	"9"	"11"	"12"
"17:35:00"	"2020-06-20"	"Ripon"	"The Golden Cue"	"3.50"	"5.15"	"Handicap"	"1"	"13"	"Allan, David"	"Hollinshead, Steph"	"6f "	"6"	"5"	"3"	"13"
"17:35:00"	"2020-06-20"	"Ripon"	"Montalvan (IRE)"	"4.50"	"5.57"	"Handicap"	"3"	"13"	"Rodriguez, Callum"	"Fell, R / Murray, S"	"6f "	"6"	"3"	"6"	"12"
"17:35:00"	"2020-06-20"	"Ripon"	"Dahik (IRE)"	"33.00"	"36.28"	"Handicap"	"13"	"13"	"Evans, Nathan"	"Easterby, M W"	"6f "	"6"	"3"	"11"	"12"
"15:10:00"	"2020-06-20"	"Naas"	"Shatharaat (IRE)"	"9.00"	"11.5"	"Handicap"	"13"	"14"	"Roche, L F"	"Oliver, Andrew"	"6f "	"0"	"9"	"9"	"14"
"14:10:00"	"2020-06-19"	"Tipperary"	"Mi Esperanza (IRE)"	"16.00"	"20.21"	"Handicap"	"1"	"15"	"Ryan, Gavin"	"Kinsella, A"	"5f "	"0"	"6"	"7"	"13"
"14:10:00"	"2020-06-19"	"Tipperary"	"Sestriere (IRE)"	"12.00"	"15.6"	"Handicap"	"3"	"15"	"Halpin, G P"	"Prendergast, Kevin"	"5f "	"0"	"9"	"2"	"12"
"14:10:00"	"2020-06-19"	"Tipperary"	"Zippity (IRE)"	"11.00"	"15.67"	"Handicap"	"7"	"15"	"Davis, Sean"	"Collins, Tracey"	"5f "	"0"	"6"	"10"	"13"
"14:00:00"	"2020-06-17"	"Beverley"	"Qaaraat"	"4.50"	"5.97"	"Handicap"	"4"	"12"	"Hardie, Cameron"	"Brittain, Antony"	"5f "	"6"	"6"	"3"	"11"
"14:00:00"	"2020-06-17"	"Beverley"	"Dahik (IRE)"	"6.50"	"7.94"	"Handicap"	"11"	"12"	"Evans, Nathan"	"Easterby, M W"	"5f "	"6"	"7"	"10"	"11"
"13:25:00"	"2020-06-17"	"Beverley"	"Valentino Sunrise"	"6.50"	"8.8"	"Handicap"	"7"	"12"	"Bishop, Charles"	"Channon, M R"	"5f "	"6"	"7"	"10"	"10"
"13:25:00"	"2020-06-17"	"Beverley"	"Viking Way (IRE)"	"22.00"	"27.58"	"Handicap"	"10"	"12"	"Richardson, Rachel"	"Williams, Olly"	"5f "	"6"	"9"	"8"	"11"
"19:00:00"	"2020-06-16"	"Windsor"	"Wedding Date"	"20.00"	"24.62"	"Handicap"	"2"	"10"	"Dobbs, Pat"	"Hannon (Jnr), Richard"	"6f "	"3"	"9"	"8"	"9"
"18:30:00"	"2020-06-16"	"Windsor"	"Firenze Rosa (IRE)"	"20.00"	"27.65"	"Handicap"	"3"	"11"	"Beech, Aled J"	"Bridger, J / Cook, R"	"6f "	"5"	"8"	"5"	"6"
"18:30:00"	"2020-06-16"	"Windsor"	"Urban Highway (IRE)"	"14.00"	"19.5"	"Handicap"	"7"	"11"	"Crouch, Hector"	"Carroll, A W"	"6f "	"5"	"10"	"9"	"12"
"17:20:00"	"2020-06-16"	"Thirsk"	"Klopp"	"20.00"	"25"	"Handicap"	"13"	"14"	"Hardie, Cameron"	"Brittain, Antony"	"5f "	"5"	"5"	"4"	"7"
"16:50:00"	"2020-06-16"	"Thirsk"	"Quanah (IRE)"	"3.50"	"4.99"	"Handicap"	"6"	"11"	"Dennis, Phil"	"Bailey, Liam"	"6f "	"6"	"10"	"1"	"11"
"19:55:00"	"2020-06-15"	"Chepstow"	"Memory Hill (IRE)"	"5.00"	"7.41"	"Handicap"	"7"	"10"	"Doyle, Hollie"	"Harris, Miss G"	"1m "	"6"	"5"	"4"	"12"
"19:55:00"	"2020-06-15"	"Chepstow"	"Moongazer"	"33.00"	"48.89"	"Handicap"	"9"	"10"	"Bryan, Joshua"	"Bradley, J M"	"1m "	"6"	"8"	"5"	"12"
"18:25:00"	"2020-06-15"	"Chepstow"	"Bellevarde (IRE)"	"3.50"	"5.1"	"Handicap"	"2"	"10"	"Doyle, Hollie"	"Price, R J"	"5f "	"4"	"7"	"6"	"8"
"18:25:00"	"2020-06-15"	"Chepstow"	"Somewhere Secret"	"5.50"	"7.4"	"Handicap"	"5"	"10"	"McCarthy, Adrian"	"Mullineaux, M"	"5f "	"4"	"9"	"5"	"11"
"17:25:00"	"2020-06-15"	"Chepstow"	"Peachey Carnehan"	"3.33"	"4.6"	"Handicap"	"1"	"13"	"Kingscote, Richard"	"Mullineaux, M"	"6f "	"6"	"5"	"6"	"10"
"17:25:00"	"2020-06-15"	"Chepstow"	"Maerchengarten"	"7.50"	"10.87"	"Handicap"	"6"	"13"	"Ffrench, Royston"	"De Giles, Ed"	"6f "	"6"	"5"	"4"	"9"
"17:25:00"	"2020-06-15"	"Chepstow"	"Grandstand (IRE)"	"40.00"	"55.04"	"Handicap"	"7"	"13"	"McCarthy, Adrian"	"Price, R J"	"6f "	"6"	"7"	"5"	"11"
"17:25:00"	"2020-06-15"	"Chepstow"	"Autumn Splendour (IRE)"	"28.00"	"36.23"	"Handicap"	"11"	"13"	"Probert, David"	"Bradley, J M"	"6f "	"6"	"4"	"11"	"11"
"13:10:00"	"2020-06-15"	"Goodwood"	"Treacherous"	"0.73"	"1.88"	"Handicap"	"1"	"6"	"Sousa, Silvestre De"	"De Giles, Ed"	"6f "	"5"	"7"	"2"	"12"
"13:10:00"	"2020-06-15"	"Goodwood"	"The Lacemaker"	"66.00"	"114.68"	"Handicap"	"4"	"6"	"Hornby, Rob"	"Harris, M F"	"6f "	"5"	"9"	"12"	"12"
"14:45:00"	"2020-06-14"	"Newmarket (Rowley)"	"Camachess (IRE)"	"5.00"	"7.31"	"Handicap"	"5"	"10"	"Hornby, Rob"	"McBride, P J"	"6f "	"5"	"8"	"8"	"12"
"17:45:00"	"2020-06-13"	"Curragh"	"Sunset Nova (IRE)"	"5.50"	"6.5"	"Handicap"	"11"	"13"	"Slattery, A J"	"Slattery, Andrew"	"5f "	"0"	"5"	"4"	"17"
"16:45:00"	"2020-06-13"	"Newbury"	"Loch Ness Monster (IRE)"	"12.00"	"15"	"Handicap"	"9"	"12"	"Marquand, Tom"	"Appleby, M"	"1m "	"4"	"7"	"8"	"12"
"15:25:00"	"2020-06-13"	"Doncaster"	"Asdaa (IRE)"	"5.00"	"7"	"Handicap"	"5"	"12"	"Norton, Francis"	"Johnston, M"	"1m "	"3"	"9"	"3"	"12"
"15:25:00"	"2020-06-13"	"Doncaster"	"Kings Pavilion (IRE)"	"33.00"	"47.15"	"Handicap"	"7"	"12"	"Hardie, Cameron"	"Ward, Jason"	"1m "	"3"	"7"	"9"	"12"
"12:45:00"	"2020-06-13"	"Newbury"	"Fortune And Glory (USA)"	"3.50"	"5.3"	"Handicap"	"1"	"11"	"Doyle, James"	"Tuite, Joseph"	"1m "	"5"	"8"	"1"	"12"
"12:45:00"	"2020-06-13"	"Newbury"	"Merweb (IRE)"	"5.00"	"6.4"	"Handicap"	"6"	"11"	"Doyle, Hollie"	"Main, Mrs H S"	"1m "	"5"	"10"	"10"	"11"
"12:45:00"	"2020-06-13"	"Newbury"	"Sea Fox (IRE)"	"14.00"	"17.38"	"Handicap"	"7"	"11"	"Walsh, E J"	"Evans, P D"	"1m "	"5"	"10"	"6"	"11"
"17:10:00"	"2020-06-12"	"Curragh"	"Never Back Down (IRE)"	"18.00"	"23.26"	"Handicap"	"13"	"14"	"Crosse, Nathan"	"McGuinness, Adrian"	"6f "	"0"	"4"	"5"	"17"
"20:30:00"	"2020-06-11"	"Yarmouth"	"Quduraat"	"28.00"	"42"	"Handicap"	"5"	"11"	"Ladd, Theodore"	"Appleby, M"	"1m "	"6"	"8"	"7"	"9"
"14:10:00"	"2020-06-11"	"Newbury"	"Global Hope (IRE)"	"3.00"	"4.41"	"Handicap"	"1"	"8"	"Murphy, Oisin"	"Kelleway, Miss Gay"	"6f "	"5"	"8"	"4"	"10"
"13:15:00"	"2020-06-11"	"Beverley"	"Dapper Man (IRE)"	"5.50"	"6.6"	"Handicap"	"5"	"12"	"Curtis, B A"	"Fell, R / Murray, S"	"5f "	"4"	"3"	"8"	"8"
"19:45:00"	"2020-06-10"	"Yarmouth"	"Fard"	"12.00"	"14.49"	"Handicap"	"3"	"9"	"McCarthy, Adrian"	"Dunnett, Mrs C A"	"7f "	"6"	"3"	"8"	"12"
"18:10:00"	"2020-06-10"	"Yarmouth"	"Tomshalfbrother"	"3.33"	"5.05"	"Handicap"	"4"	"11"	"Rawlinson, Ali"	"Cowell, R M H"	"6f "	"6"	"9"	"2"	"12"
"13:30:00"	"2020-06-10"	"Navan"	"Irregardless (IRE)"	"50.00"	"72.61"	"Handicap"	"11"	"12"	"Davis, Sean"	"Kinsella, Donal"	"5.5f "	"0"	"1"	"13"	"18"
"14:45:00"	"2020-06-09"	"Haydock"	"Tathmeen (IRE)"	"25.00"	"43.12"	"Handicap"	"4"	"12"	"Hardie, Cameron"	"Brittain, Antony"	"5f "	"3"	"8"	"8"	"12"
"17:55:00"	"2020-06-05"	"Newmarket (Rowley)"	"Deep Intrigue"	"3.50"	"4.96"	"Handicap"	"4"	"8"	"Tudhope, Daniel"	"Johnston, M"	"6f "	"3"	"1"	"7"	"12"
"15:35:00"	"2019-11-06"	"Nottingham"	"Lydiate Lady"	"2.50"	"3.74"	"Handicap"	"1"	"8"	"Hart, Jason"	"Alston, E J"	"5f "	"6"	"7"	"5"	"9"
"15:35:00"	"2019-11-06"	"Nottingham"	"Robbian"	"12.00"	"13.69"	"Handicap"	"2"	"8"	"Beech, Aled J"	"Smith, C"	"5f "	"6"	"8"	"11"	"12"
"15:35:00"	"2019-11-06"	"Nottingham"	"Astrophysics"	"5.00"	"7"	"Handicap"	"6"	"8"	"Mulrennan, Paul"	"Siddall, Miss L C"	"5f "	"6"	"8"	"3"	"12"
"15:00:00"	"2019-11-06"	"Nottingham"	"Colonel Frank"	"10.00"	"13.09"	"Handicap"	"1"	"10"	"Norton, Francis"	"Quinn, M"	"5f "	"4"	"4"	"8"	"14"
"15:00:00"	"2019-11-06"	"Nottingham"	"Red Pike (IRE)"	"22.00"	"28.48"	"Handicap"	"3"	"10"	"Lee, G"	"Smart, B"	"5f "	"4"	"7"	"6"	"9"
"15:00:00"	"2019-11-06"	"Nottingham"	"Show Palace"	"4.50"	"5.9"	"Handicap"	"4"	"10"	"Ryan, Rossa"	"Candlish, Jennie"	"5f "	"4"	"7"	"4"	"9"
"15:00:00"	"2019-11-06"	"Nottingham"	"Bellevarde (IRE)"	"4.50"	"6.24"	"Handicap"	"6"	"10"	"Curtis, B A"	"Price, R J"	"5f "	"4"	"7"	"1"	"9"
"12:50:00"	"2019-11-03"	"Naas"	"Takeachancejimmy (IRE)"	"12.00"	"15.5"	"Handicap"	"7"	"18"	"Colgan, R C"	"Slevin, Nigel"	"5f "	"0"	"6"	"4"	"16"
"16:15:00"	"2019-11-02"	"Newmarket (Rowley)"	"Dance Diva"	"5.00"	"6.6"	"Handicap"	"6"	"14"	"Hamilton, Tony"	"Fahey, R A"	"7f "	"4"	"8"	"2"	"15"
"13:30:00"	"2019-11-02"	"Newmarket (Rowley)"	"Elysium Dream"	"25.00"	"47.96"	"Handicap"	"10"	"16"	"Murphy, Oisin"	"Hannon (Jnr), Richard"	"1m "	"4"	"10"	"8"	"11"
"13:30:00"	"2019-11-02"	"Newmarket (Rowley)"	"Hammer Gun (USA)"	"10.00"	"14.2"	"Handicap"	"13"	"16"	"Edmunds, Lewis"	"Shaw, D"	"1m "	"4"	"4"	"2"	"9"
"14:20:00"	"2019-10-30"	"Nottingham"	"Samovar"	"7.00"	"8.6"	"Handicap"	"8"	"9"	"Fisher, Jonathan"	"Dixon, Scott"	"5f "	"5"	"9"	"5"	"9"
"16:35:00"	"2019-10-25"	"Newbury"	"Teruntum Star (FR)"	"14.00"	"19.79"	"Handicap"	"1"	"14"	"Rawlinson, Ali"	"Griffiths, D C"	"6f "	"3"	"6"	"5"	"14"
"16:35:00"	"2019-10-25"	"Newbury"	"Young John (IRE)"	"10.00"	"13.31"	"Handicap"	"14"	"14"	"Ryan, Rossa"	"Murphy, Mike"	"6f "	"3"	"4"	"1"	"9"
"16:00:00"	"2019-10-25"	"Newbury"	"Jackpot Royale"	"4.50"	"5.9"	"Handicap"	"7"	"15"	"Watson, Jason"	"Appleby, M"	"7f "	"4"	"6"	"7"	"15"
"16:00:00"	"2019-10-23"	"Navan"	"Castrogiovanni (IRE)"	"50.00"	"360"	"Handicap"	"12"	"16"	"Leonard, Killian"	"Egan, Kieran P"	"5.5f "	"0"	"10"	"23"	"28"
"13:40:00"	"2019-10-23"	"Navan"	"Little Clarinet (IRE)"	"4.50"	"6.27"	"Handicap"	"5"	"9"	"OBrien, Donnacha"	"OBrien, Joseph Patrick"	"5f "	"0"	"10"	"4"	"28"
"13:40:00"	"2019-10-23"	"Navan"	"Sors (IRE)"	"8.00"	"12"	"Handicap"	"7"	"9"	"Slattery, A J"	"Slattery, Andrew"	"5f "	"0"	"10"	"17"	"28"
"17:00:00"	"2019-10-22"	"Yarmouth"	"Ocean Temptress"	"18.00"	"24.19"	"Handicap"	"5"	"11"	"Dawson, R"	"Allan, Miss Louise"	"7f "	"6"	"5"	"6"	"11"
"17:00:00"	"2019-10-22"	"Yarmouth"	"Agent Of Fortune"	"7.00"	"9.8"	"Handicap"	"7"	"11"	"Turner, Hayley"	"Dunnett, Mrs C A"	"7f "	"6"	"6"	"5"	"14"
"17:00:00"	"2019-10-22"	"Yarmouth"	"Bevsboy (IRE)"	"66.00"	"102.6"	"Handicap"	"9"	"11"	"Ladd, Theodore"	"Siddall, Miss L C"	"7f "	"6"	"6"	"8"	"9"
"16:30:00"	"2019-10-22"	"Yarmouth"	"Reshaan (IRE)"	"7.00"	"8.97"	"Handicap"	"5"	"8"	"Ladd, Theodore"	"Dunn, Mrs Alex"	"6f "	"6"	"6"	"8"	"12"
"16:30:00"	"2019-10-22"	"Yarmouth"	"Spennys Lass"	"7.00"	"9"	"Handicap"	"7"	"8"	"Keenan, Darragh"	"Ryan, J"	"6f "	"6"	"7"	"6"	"11"
"14:05:00"	"2019-10-22"	"Curragh"	"Conversant (IRE)"	"2.50"	"4"	"Handicap"	"1"	"15"	"Sheridan, J M"	"Hogan, Denis Gerard"	"6f "	"0"	"8"	"4"	"16"
"14:05:00"	"2019-10-22"	"Curragh"	"Youceeyouceecee (IRE)"	"4.00"	"5.17"	"Handicap"	"4"	"15"	"Lee, W J"	"Finn, Miss Susan A"	"6f "	"0"	"10"	"4"	"16"
"14:05:00"	"2019-10-22"	"Curragh"	"Arcanears (IRE)"	"14.00"	"17.5"	"Handicap"	"5"	"15"	"Fitzgerald, E A"	"Halford, M"	"6f "	"0"	"9"	"9"	"12"
"14:05:00"	"2019-10-22"	"Curragh"	"Ecoeye"	"5.00"	"7.4"	"Handicap"	"6"	"15"	"OKeeffe, Darragh"	"Leahy, Augustine"	"6f "	"0"	"10"	"2"	"16"
"14:05:00"	"2019-10-22"	"Curragh"	"Rattling Jewel"	"14.00"	"23"	"Handicap"	"11"	"15"	"Ryan, Gavin"	"Lambe, J J"	"6f "	"0"	"9"	"11"	"28"
"14:05:00"	"2019-10-22"	"Curragh"	"Maymine"	"50.00"	"170.34"	"Handicap"	"12"	"15"	"Byrne, Willie"	"Fahey, Jarlath P"	"6f "	"0"	"10"	"15"	"16"
"15:00:00"	"2019-10-21"	"Windsor"	"Flowing Clarets"	"14.00"	"18.24"	"Claimer"	"2"	"6"	"Ingram, Rhiain B"	"Bridger, J / Cook, R"	"6f "	"5"	"4"	"7"	"11"
"17:15:00"	"2019-10-16"	"Nottingham"	"Zapper Cass (FR)"	"1.38"	"2.63"	"Handicap"	"5"	"17"	"Ladd, Theodore"	"Appleby, M"	"5f "	"6"	"8"	"2"	"8"
"17:15:00"	"2019-10-16"	"Nottingham"	"Robbian"	"50.00"	"168.97"	"Handicap"	"6"	"17"	"Fahy, J P"	"Smith, C"	"5f "	"6"	"6"	"9"	"13"
"17:15:00"	"2019-10-16"	"Nottingham"	"Guardia Svizzera (IRE)"	"14.00"	"22.2"	"Handicap"	"8"	"17"	"Muir, Paula"	"Fell, R / Murray, S"	"5f "	"6"	"6"	"6"	"13"
"17:15:00"	"2019-10-16"	"Nottingham"	"Angel Force (IRE)"	"25.00"	"41.56"	"Handicap"	"11"	"17"	"Allan, David"	"Griffiths, D C"	"5f "	"6"	"2"	"4"	"9"
"16:45:00"	"2019-10-16"	"Nottingham"	"Fantasy Keeper"	"1.88"	"2.91"	"Handicap"	"12"	"12"	"Mosse, G"	"Appleby, M"	"5f "	"4"	"5"	"8"	"22"
"17:30:00"	"2019-10-14"	"Yarmouth"	"Face Like Thunder"	"33.00"	"85"	"Handicap"	"7"	"11"	"Brock, Danny"	"Butler, John"	"7f "	"6"	"7"	"9"	"11"
"16:55:00"	"2019-10-14"	"Yarmouth"	"Vive La Difference (IRE)"	"3.50"	"4.8"	"Handicap"	"8"	"12"	"Fentiman, Duran"	"Easterby, T D"	"1m "	"5"	"5"	"4"	"10"
"14:55:00"	"2019-10-14"	"Musselburgh"	"Jewel Maker (IRE)"	"1.88"	"3.11"	"Handicap"	"3"	"8"	"Allan, David"	"Easterby, T D"	"5f "	"5"	"9"	"2"	"7"
"14:20:00"	"2019-10-14"	"Musselburgh"	"Tarboosh"	"0.91"	"1.99"	"Non-Handicap"	"1"	"5"	"Stott, Kevin"	"Midgley, P T"	"5f "	"3"	"6"	"2"	"3"
"17:35:00"	"2019-10-13"	"Curragh"	"A Likely Story (IRE)"	"33.00"	"130"	"Handicap"	"14"	"28"	"Kenny, Karen"	"McCourt, T G"	"6f "	"0"	"4"	"14"	"23"
"17:35:00"	"2019-10-13"	"Curragh"	"Sors (IRE)"	"10.00"	"20"	"Handicap"	"17"	"28"	"Slattery, A J"	"Slattery, Andrew"	"6f "	"0"	"4"	"5"	"13"
"15:50:00"	"2019-10-13"	"Curragh"	"Medicine Jack"	"4.50"	"5.56"	"Handicap"	"6"	"12"	"Carroll, G F"	"Lyons, G M"	"6f "	"0"	"4"	"2"	"13"
"16:20:00"	"2019-10-11"	"York"	"Fantasy Keeper"	"8.00"	"10.94"	"Handicap"	"8"	"22"	"Villiers, Angus"	"Appleby, M"	"5f "	"3"	"9"	"1"	"17"
"15:40:00"	"2019-10-09"	"Navan"	"Art Of Unity"	"5.00"	"6.59"	"Handicap"	"4"	"13"	"Sheridan, J M"	"Feane, John James"	"5f "	"0"	"8"	"7"	"20"
"15:40:00"	"2019-10-09"	"Navan"	"No Speed Limit (FR)"	"33.00"	"114.3"	"Handicap"	"9"	"13"	"Lordan, W M"	"Fogarty, Aidan F"	"5f "	"0"	"8"	"19"	"20"
"15:05:00"	"2019-10-09"	"Navan"	"Face Off (CAN)"	"6.00"	"8.2"	"Handicap"	"3"	"23"	"Crosse, S M"	"OBrien, Charles"	"5f "	"0"	"8"	"5"	"20"
"15:05:00"	"2019-10-09"	"Navan"	"May Remain"	"12.00"	"17"	"Handicap"	"4"	"23"	"Ryan, Gavin"	"Murphy, P J F"	"5f "	"0"	"8"	"8"	"20"
"16:35:00"	"2019-10-08"	"Leicester"	"Smokey Lane (IRE)"	"2.75"	"4.45"	"Handicap"	"1"	"8"	"Lee, Clifford"	"Evans, P D"	"6f "	"5"	"1"	"1"	"12"
"16:35:00"	"2019-10-08"	"Leicester"	"Zapper Cass (FR)"	"5.00"	"7.1"	"Handicap"	"2"	"8"	"Ladd, Theodore"	"Appleby, M"	"6f "	"5"	"6"	"6"	"17"
"17:10:00"	"2019-10-07"	"Windsor"	"Arctic Flower (IRE)"	"5.50"	"5.82"	"Handicap"	"4"	"12"	"Peck, Antonia"	"Bridger, J / Cook, R"	"6f "	"6"	"8"	"8"	"8"
"17:10:00"	"2019-10-07"	"Windsor"	"Who Told Jo Jo (IRE)"	"25.00"	"29.71"	"Handicap"	"11"	"12"	"Pownall, Mrs C"	"Tuite, Joseph"	"6f "	"6"	"7"	"12"	"15"
"17:20:00"	"2019-10-05"	"Redcar"	"Sheepscar Lad (IRE)"	"6.00"	"7.68"	"Handicap"	"3"	"7"	"McManoman, Faye"	"Tinkler, N"	"5f "	"4"	"9"	"3"	"8"
"17:20:00"	"2019-10-05"	"Redcar"	"Hawaam (IRE)"	"5.00"	"6.2"	"Handicap"	"4"	"7"	"Hardie, Cameron"	"Fell, R / Murray, S"	"5f "	"4"	"9"	"2"	"8"
"17:20:00"	"2019-10-05"	"Redcar"	"Lathom"	"4.50"	"6.4"	"Handicap"	"5"	"7"	"Eaves, Tom"	"Midgley, P T"	"5f "	"4"	"7"	"7"	"8"
"17:20:00"	"2019-10-05"	"Redcar"	"Tomily (IRE)"	"5.00"	"6.8"	"Handicap"	"7"	"7"	"Nolan, D"	"OMeara, D"	"5f "	"4"	"7"	"6"	"8"
"16:50:00"	"2019-10-05"	"Ascot"	"Quench Dolly"	"40.00"	"64.34"	"Handicap"	"17"	"17"	"Jones, Liam"	"Gallagher, J"	"5f "	"3"	"10"	"4"	"9"
"15:25:00"	"2019-10-02"	"Nottingham"	"Peggie Sue"	"20.00"	"29.45"	"Handicap"	"7"	"17"	"Eley, T"	"West, Adam"	"6f "	"3"	"4"	"6"	"6"
"15:25:00"	"2019-10-02"	"Nottingham"	"Afandem (IRE)"	"6.00"	"8.06"	"Handicap"	"10"	"17"	"Allan, David"	"Easterby, T D"	"6f "	"3"	"3"	"1"	"7"
"15:25:00"	"2019-10-02"	"Nottingham"	"Bengali Boys (IRE)"	"50.00"	"77.63"	"Handicap"	"15"	"17"	"Da Silva, Raul"	"Carroll, A W"	"6f "	"3"	"6"	"12"	"12"
"15:25:00"	"2019-10-02"	"Nottingham"	"Kenny The Captain (IRE)"	"7.00"	"9.31"	"Handicap"	"16"	"17"	"Fentiman, Duran"	"Easterby, T D"	"6f "	"3"	"7"	"1"	"13"
"16:30:00"	"2019-09-30"	"Hamilton"	"Marietta Robusti (IRE)"	"8.00"	"10.74"	"Handicap"	"6"	"7"	"Garritty, Jack"	"Barclay, Stella"	"5f "	"5"	"7"	"5"	"10"
"16:30:00"	"2019-09-30"	"Hamilton"	"Naples Bay"	"12.00"	"15.17"	"Handicap"	"7"	"7"	"Hart, Jason"	"Scott, Miss Katie"	"5f "	"5"	"7"	"9"	"11"
"13:50:00"	"2019-09-30"	"Hamilton"	"Gilmer (IRE)"	"12.00"	"15.71"	"Handicap"	"5"	"9"	"MacDonald, Aidan"	"Keniry, Stef"	"6f "	"6"	"7"	"11"	"11"
"13:50:00"	"2019-09-30"	"Hamilton"	"Burmese Blazer (IRE)"	"3.00"	"4.22"	"Handicap"	"6"	"9"	"Harding, James"	"Goldie, J S"	"6f "	"6"	"7"	"3"	"10"
"13:50:00"	"2019-09-30"	"Hamilton"	"Raise A Billion"	"100.00"	"292.99"	"Handicap"	"8"	"9"	"Hamblett, Liam"	"Berry, A"	"6f "	"6"	"8"	"9"	"9"
"16:20:00"	"2019-09-29"	"Musselburgh"	"Astrophysics"	"4.00"	"5.21"	"Handicap"	"1"	"14"	"Mulrennan, Paul"	"Siddall, Miss L C"	"5f "	"6"	"4"	"4"	"12"
"16:20:00"	"2019-09-29"	"Musselburgh"	"Jeffrey Harris"	"2.25"	"3.6"	"Handicap"	"2"	"14"	"Tudhope, Daniel"	"Goldie, J S"	"5f "	"6"	"7"	"5"	"9"
"16:20:00"	"2019-09-29"	"Musselburgh"	"Corton Lass"	"25.00"	"34"	"Handicap"	"3"	"14"	"Rodriguez, Callum"	"Dalgleish, Keith"	"5f "	"6"	"10"	"17"	"17"
"16:20:00"	"2019-09-29"	"Musselburgh"	"Thornaby Princess"	"8.50"	"11.5"	"Handicap"	"4"	"14"	"Eaves, Tom"	"Ward, Jason"	"5f "	"6"	"8"	"3"	"10"
"16:20:00"	"2019-09-29"	"Musselburgh"	"One Boy (IRE)"	"4.50"	"5.9"	"Handicap"	"6"	"14"	"Stott, Kevin"	"Midgley, P T"	"5f "	"6"	"7"	"5"	"9"
"16:20:00"	"2019-09-29"	"Musselburgh"	"Lady Joanna Vassa (IRE)"	"33.00"	"65"	"Handicap"	"7"	"14"	"Beasley, Connor"	"Guest, R C"	"5f "	"6"	"2"	"11"	"12"
"16:20:00"	"2019-09-29"	"Musselburgh"	"Griffin Street"	"40.00"	"120"	"Handicap"	"10"	"14"	"Breslin, Andrew"	"Whillans, A C"	"5f "	"6"	"7"	"8"	"9"
"15:45:00"	"2019-09-29"	"Musselburgh"	"Pavers Pride"	"11.00"	"13.76"	"Handicap"	"6"	"7"	"Fentiman, Duran"	"Wilson, N"	"5f "	"4"	"10"	"8"	"17"
"16:45:00"	"2019-09-28"	"Ripon"	"Penny Pot Lane"	"4.00"	"5.54"	"Handicap"	"1"	"7"	"Ashton, Gavin"	"Whitaker, R M"	"6f "	"5"	"9"	"4"	"8"
"16:45:00"	"2019-09-28"	"Ripon"	"Blindingly (GER)"	"2.00"	"3.65"	"Handicap"	"3"	"7"	"Bass, George"	"Haslam, B M R"	"6f "	"5"	"8"	"1"	"14"
"15:05:00"	"2019-09-28"	"Ripon"	"Henley"	"12.00"	"15.12"	"Handicap"	"4"	"8"	"Fanning, Joe"	"Waggott, Miss Tracy"	"5f "	"4"	"2"	"6"	"8"
"15:05:00"	"2019-09-28"	"Ripon"	"Captain Colby (USA)"	"7.00"	"9.73"	"Handicap"	"8"	"8"	"Stott, Kevin"	"Midgley, P T"	"5f "	"4"	"7"	"9"	"9"
"15:55:00"	"2019-09-25"	"Redcar"	"Kenny The Captain (IRE)"	"1.10"	"2.34"	"Handicap"	"1"	"13"	"Allan, David"	"Easterby, T D"	"6f "	"6"	"2"	"4"	"10"
"15:55:00"	"2019-09-25"	"Redcar"	"Ingleby Molly (IRE)"	"10.00"	"11.65"	"Handicap"	"2"	"13"	"Hanagan, Paul"	"Ward, Jason"	"6f "	"6"	"5"	"11"	"13"
"15:55:00"	"2019-09-25"	"Redcar"	"Deeds Not Words (IRE)"	"50.00"	"152.14"	"Handicap"	"9"	"13"	"Hardie, Cameron"	"Waggott, Miss Tracy"	"6f "	"6"	"8"	"12"	"13"
"15:55:00"	"2019-09-25"	"Redcar"	"Someone Exciting"	"20.00"	"32.2"	"Handicap"	"10"	"13"	"Shaw, Harrison"	"Thompson, D W"	"6f "	"6"	"8"	"5"	"13"
"15:25:00"	"2019-09-25"	"Redcar"	"Round The Island"	"3.00"	"4.71"	"Handicap"	"3"	"13"	"Edmunds, Lewis"	"Whitaker, R M"	"6f "	"6"	"6"	"1"	"8"
"15:25:00"	"2019-09-25"	"Redcar"	"Cupids Arrow (IRE)"	"11.00"	"14"	"Handicap"	"5"	"13"	"Gormley, Jamie"	"Carr, Mrs R A"	"6f "	"6"	"9"	"11"	"19"
"15:25:00"	"2019-09-25"	"Redcar"	"Racquet"	"20.00"	"36"	"Handicap"	"7"	"13"	"Sullivan, James P"	"Carr, Mrs R A"	"6f "	"6"	"9"	"4"	"19"
"15:25:00"	"2019-09-25"	"Redcar"	"Dubai Elegance"	"14.00"	"21.36"	"Handicap"	"8"	"13"	"Garbutt, Noel"	"Shaw, D"	"6f "	"6"	"7"	"4"	"7"
"15:25:00"	"2019-09-25"	"Redcar"	"Optimickstickhill"	"33.00"	"70.64"	"Handicap"	"11"	"13"	"Pindar, Rhonda"	"Dixon, Scott"	"6f "	"6"	"9"	"6"	"19"
"15:25:00"	"2019-09-25"	"Redcar"	"My Girl Maisie (IRE)"	"50.00"	"169.87"	"Handicap"	"13"	"13"	"Lee, Clifford"	"Guest, R C"	"6f "	"6"	"9"	"18"	"19"
"15:05:00"	"2019-09-25"	"Goodwood"	"Delagate This Lord"	"6.00"	"9.44"	"Handicap"	"5"	"9"	"Cronin, S C"	"Attwater, M J"	"6f "	"4"	"10"	"1"	"15"
"14:20:00"	"2019-09-25"	"Redcar"	"Lydiate Lady"	"3.00"	"4.46"	"Handicap"	"2"	"12"	"Hart, Jason"	"Alston, E J"	"5f "	"5"	"3"	"2"	"9"
"13:45:00"	"2019-09-25"	"Redcar"	"Lord Rob"	"100.00"	"430"	"Seller"	"5"	"11"	"Shaw, Harrison"	"Thompson, D W"	"1m "	"5"	"4"	"8"	"11"
"13:45:00"	"2019-09-25"	"Redcar"	"Hippeia (IRE)"	"25.00"	"36"	"Seller"	"8"	"11"	"Dennis, Phil"	"Mullaney, L A"	"1m "	"5"	"7"	"7"	"10"
"13:45:00"	"2019-09-25"	"Redcar"	"Roller"	"5.50"	"7.21"	"Seller"	"11"	"11"	"Hanagan, Paul"	"Loughnane, Daniel Mark"	"1m "	"5"	"8"	"12"	"13"
"17:05:00"	"2019-09-23"	"Leicester"	"Peachey Carnehan"	"20.00"	"31.5"	"Handicap"	"1"	"13"	"Glass, Amelia"	"Mullineaux, M"	"7f "	"6"	"9"	"10"	"13"
"16:45:00"	"2019-09-23"	"Hamilton"	"Burmese Blazer (IRE)"	"7.00"	"8.01"	"Handicap"	"3"	"10"	"Mathers, Patrick"	"Goldie, J S"	"5f "	"5"	"4"	"10"	"17"
"16:45:00"	"2019-09-23"	"Hamilton"	"Our Place In Loule"	"33.00"	"48.7"	"Handicap"	"10"	"10"	"Beasley, Connor"	"Wilson, N"	"5f "	"5"	"4"	"15"	"17"
"15:25:00"	"2019-09-23"	"Leicester"	"Shamshon (IRE)"	"6.00"	"9.4"	"Handicap"	"1"	"7"	"Ghiani, Marco"	"Williams, S C"	"5f "	"3"	"9"	"4"	"7"
"14:30:00"	"2019-09-23"	"Hamilton"	"Forever A Lady (IRE)"	"11.00"	"12.78"	"Handicap"	"3"	"11"	"Fanning, Joe"	"Dalgleish, Keith"	"6f "	"6"	"9"	"8"	"11"
"14:30:00"	"2019-09-23"	"Hamilton"	"Guardia Svizzera (IRE)"	"5.00"	"6.2"	"Handicap"	"4"	"11"	"Muir, Paula"	"Fell, R / Murray, S"	"6f "	"6"	"1"	"2"	"9"
"15:00:00"	"2019-09-22"	"Hamilton"	"Davids Beauty (IRE)"	"8.50"	"11.33"	"Handicap"	"3"	"9"	"Mulrennan, Paul"	"Baugh, B P J"	"5f "	"6"	"10"	"8"	"13"
"15:00:00"	"2019-09-22"	"Hamilton"	"Griffin Street"	"33.00"	"60"	"Handicap"	"8"	"9"	"Breslin, Andrew"	"Whillans, A C"	"5f "	"6"	"8"	"8"	"13"
"14:30:00"	"2019-09-22"	"Hamilton"	"Guardia Svizzera (IRE)"	"1.75"	"2.88"	"Handicap"	"2"	"9"	"Curtis, B A"	"Fell, R / Murray, S"	"5f "	"6"	"6"	"3"	"19"
"14:30:00"	"2019-09-22"	"Hamilton"	"Star Cracker (IRE)"	"6.50"	"8.85"	"Handicap"	"7"	"9"	"Mathers, Patrick"	"Goldie, J S"	"5f "	"6"	"3"	"7"	"17"
"16:30:00"	"2019-09-19"	"Ayr"	"Mr Greenlight"	"12.00"	"13.64"	"Handicap"	"2"	"17"	"Curtis, B A"	"Easterby, T D"	"5f "	"5"	"9"	"9"	"12"
"16:30:00"	"2019-09-19"	"Ayr"	"Star Cracker (IRE)"	"33.00"	"44.53"	"Handicap"	"7"	"17"	"Mathers, Patrick"	"Goldie, J S"	"5f "	"5"	"5"	"7"	"13"
"16:30:00"	"2019-09-19"	"Ayr"	"Jessie Allan (IRE)"	"28.00"	"48"	"Handicap"	"12"	"17"	"Madden, C J"	"Goldie, J S"	"5f "	"5"	"5"	"5"	"13"
"16:30:00"	"2019-09-19"	"Ayr"	"Corton Lass"	"50.00"	"130"	"Handicap"	"17"	"17"	"Gray, S A"	"Dalgleish, Keith"	"5f "	"5"	"5"	"11"	"13"
"13:50:00"	"2019-09-18"	"Sandown"	"Union Rose"	"3.00"	"4.2"	"Handicap"	"6"	"11"	"Da Silva, Raul"	"Harris, R A"	"5f "	"5"	"5"	"1"	"8"
"13:40:00"	"2019-09-18"	"Yarmouth"	"Restless Rose"	"1.75"	"2.88"	"Handicap"	"1"	"7"	"Ghiani, Marco"	"Williams, S C"	"6f "	"5"	"6"	"2"	"9"
"17:10:00"	"2019-09-17"	"Yarmouth"	"Han Solo Berger (IRE)"	"1.63"	"2.87"	"Handicap"	"1"	"6"	"Queally, T P"	"Wall, C F"	"5f "	"4"	"6"	"13"	"18"
"17:10:00"	"2019-09-17"	"Yarmouth"	"Case Key"	"7.50"	"11"	"Handicap"	"5"	"6"	"Quinn, Jimmy"	"Appleby, M"	"5f "	"4"	"10"	"6"	"16"
"16:50:00"	"2019-09-17"	"Chepstow"	"Smokey Lane (IRE)"	"5.50"	"8.61"	"Handicap"	"9"	"12"	"Bentley, Harry"	"Evans, P D"	"7f "	"5"	"5"	"3"	"7"
"16:50:00"	"2019-09-17"	"Chepstow"	"Fantasy Justifier (IRE)"	"16.00"	"24.83"	"Handicap"	"10"	"12"	"Probert, David"	"Harris, R A"	"7f "	"5"	"6"	"12"	"12"
"16:00:00"	"2019-09-17"	"Redcar"	"Give It Some Teddy"	"3.33"	"4.42"	"Handicap"	"1"	"10"	"Fentiman, Duran"	"Easterby, T D"	"1m "	"4"	"9"	"4"	"15"
"16:00:00"	"2019-09-17"	"Redcar"	"Breanski"	"16.00"	"21"	"Handicap"	"4"	"10"	"Garritty, Jack"	"OKeeffe, Jedd"	"1m "	"4"	"10"	"13"	"16"
"16:00:00"	"2019-09-17"	"Redcar"	"Casement (IRE)"	"5.00"	"7.4"	"Handicap"	"10"	"10"	"Ladd, Theodore"	"Appleby, M"	"1m "	"4"	"5"	"1"	"8"
"15:00:00"	"2019-09-17"	"Redcar"	"Oriental Lilly"	"11.00"	"13.54"	"Handicap"	"1"	"8"	"Madden, C J"	"Goldie, J S"	"7f "	"4"	"10"	"5"	"16"
"15:00:00"	"2019-09-17"	"Redcar"	"Athollblair Boy (IRE)"	"1.38"	"2.54"	"Handicap"	"2"	"8"	"Clifton, Izzy"	"Tinkler, N"	"7f "	"4"	"5"	"2"	"16"
"15:30:00"	"2019-09-16"	"Thirsk"	"Indian Pursuit (IRE)"	"8.00"	"12.23"	"Handicap Seller"	"15"	"19"	"Hart, Jason"	"Quinn, J J"	"6f "	"6"	"6"	"6"	"12"
"19:15:00"	"2019-09-14"	"Musselburgh"	"Super Florence (IRE)"	"3.33"	"4.8"	"Handicap"	"1"	"13"	"Shaw, Harrison"	"Jardine, I"	"5f "	"6"	"8"	"2"	"12"
"19:15:00"	"2019-09-14"	"Musselburgh"	"Thornaby Princess"	"10.00"	"14.5"	"Handicap"	"2"	"13"	"Eaves, Tom"	"Ward, Jason"	"5f "	"6"	"8"	"3"	"12"
"19:15:00"	"2019-09-14"	"Musselburgh"	"Griffin Street"	"50.00"	"95"	"Handicap"	"8"	"13"	"Ffrench, Royston"	"Whillans, A C"	"5f "	"6"	"8"	"11"	"12"
"19:15:00"	"2019-09-14"	"Musselburgh"	"Corton Lass"	"16.00"	"23.53"	"Handicap"	"11"	"13"	"Hart, Jason"	"Dalgleish, Keith"	"5f "	"6"	"8"	"12"	"12"
"16:00:00"	"2019-09-14"	"Lingfield"	"Fighting Temeraire (IRE)"	"4.00"	"5.6"	"Handicap"	"2"	"7"	"Haynes, Joey"	"Ivory, D K"	"7f "	"4"	"9"	"6"	"7"
"14:50:00"	"2019-09-13"	"Sandown"	"Wotadoll"	"16.00"	"23"	"Handicap"	"8"	"8"	"Dwyer, Martin"	"Murphy, Mike"	"5f "	"5"	"10"	"5"	"5"
"16:20:00"	"2019-09-12"	"Doncaster"	"Tomily (IRE)"	"10.00"	"12.85"	"Handicap"	"8"	"16"	"Elliott, Jane"	"OMeara, D"	"6f "	"3"	"6"	"2"	"11"
"16:20:00"	"2019-09-12"	"Doncaster"	"Normandy Barriere (IRE)"	"7.50"	"9.4"	"Handicap"	"10"	"16"	"McManoman, Faye"	"Tinkler, N"	"6f "	"3"	"6"	"6"	"16"
"15:00:00"	"2019-09-12"	"Chepstow"	"Red Stripes (USA)"	"5.50"	"8.6"	"Handicap"	"3"	"13"	"Ashton, Gavin"	"Williamson, Mrs L"	"5f "	"5"	"9"	"3"	"9"
"15:35:00"	"2019-09-11"	"Doncaster"	"Hammer Gun (USA)"	"4.00"	"5.84"	"Non-Handicap"	"2"	"16"	"Fehily, Noel"	"Shaw, D"	"1m "	"5"	"8"	"7"	"10"
"15:35:00"	"2019-09-11"	"Doncaster"	"Allux Boy (IRE)"	"66.00"	"164.99"	"Non-Handicap"	"16"	"16"	"Bardwell, G"	"Tinkler, N"	"1m "	"5"	"5"	"11"	"14"
"16:55:00"	"2019-09-10"	"Leicester"	"Six Strings"	"1.50"	"2.65"	"Handicap"	"4"	"5"	"Rawlinson, Ali"	"Appleby, M"	"7f "	"3"	"4"	"2"	"8"
"16:20:00"	"2019-09-10"	"Leicester"	"Corinthia Knight (IRE)"	"1.20"	"2.43"	"Non-Handicap"	"2"	"3"	"Doyle, Hollie"	"Watson, Archie"	"5f "	"3"	"10"	"9"	"10"
"17:05:00"	"2019-09-07"	"Ascot"	"Gnaad (IRE)"	"8.00"	"10.71"	"Handicap"	"7"	"15"	"Keenan, Darragh"	"Bailey, A"	"5f "	"3"	"8"	"2"	"8"
"17:05:00"	"2019-09-07"	"Ascot"	"Mountain Peak"	"7.00"	"9.25"	"Handicap"	"9"	"15"	"Hornby, Rob"	"Walker, Ed"	"5f "	"3"	"7"	"11"	"11"
"15:40:00"	"2019-09-07"	"Thirsk"	"East Street Revue"	"9.00"	"11.75"	"Handicap"	"1"	"16"	"Allan, David"	"Easterby, T D"	"6f "	"4"	"10"	"2"	"10"
"15:40:00"	"2019-09-07"	"Thirsk"	"Kindly"	"4.50"	"5.42"	"Handicap"	"4"	"16"	"Sullivan, James P"	"Easterby, M W"	"6f "	"4"	"4"	"3"	"6"
"15:40:00"	"2019-09-07"	"Thirsk"	"Oriental Lilly"	"33.00"	"60"	"Handicap"	"5"	"16"	"Mathers, Patrick"	"Goldie, J S"	"6f "	"4"	"10"	"7"	"8"
"14:55:00"	"2019-09-07"	"Navan"	"Only Spoofing (IRE)"	"3.50"	"4.83"	"Handicap"	"2"	"12"	"Whelan, R P"	"OKeeffe, Jedd"	"5f "	"0"	"7"	"9"	"11"
"14:55:00"	"2019-09-07"	"Navan"	"Dash Dor (IRE)"	"16.00"	"27"	"Handicap"	"10"	"12"	"Sheehy, M P"	"Cotter, Kieran P"	"5f "	"0"	"8"	"11"	"23"
"14:55:00"	"2019-09-07"	"Navan"	"Never Back Down (IRE)"	"33.00"	"113.02"	"Handicap"	"11"	"12"	"Cleary, R P"	"McGuinness, Adrian"	"5f "	"0"	"8"	"14"	"23"
"14:20:00"	"2019-09-07"	"Navan"	"Polly Douglas (IRE)"	"11.00"	"18.64"	"Handicap"	"10"	"22"	"Manning, K J"	"Cotter, Kieran P"	"5.5f "	"0"	"6"	"7"	"18"
"18:30:00"	"2019-09-06"	"Musselburgh"	"Super Florence (IRE)"	"16.00"	"17.55"	"Handicap"	"2"	"12"	"Gormley, Jamie"	"Jardine, I"	"5f "	"6"	"10"	"4"	"13"
"18:30:00"	"2019-09-06"	"Musselburgh"	"Thornaby Princess"	"22.00"	"25.73"	"Handicap"	"3"	"12"	"Hart, Jason"	"Ward, Jason"	"5f "	"6"	"10"	"1"	"13"
"18:30:00"	"2019-09-06"	"Musselburgh"	"Burmese Blazer (IRE)"	"4.00"	"4.5"	"Handicap"	"6"	"12"	"Robinson, Ben"	"Goldie, J S"	"5f "	"6"	"7"	"3"	"12"
"18:30:00"	"2019-09-06"	"Musselburgh"	"Corton Lass"	"18.00"	"22.51"	"Handicap"	"12"	"12"	"Fanning, Joe"	"Dalgleish, Keith"	"5f "	"6"	"10"	"2"	"13"
"16:40:00"	"2019-09-06"	"Ascot"	"Equiano Springs"	"10.00"	"14.01"	"Handicap"	"15"	"16"	"Sullivan, James P"	"Tate, T P"	"6f "	"4"	"10"	"4"	"8"
"16:25:00"	"2019-09-06"	"Musselburgh"	"Desert Ace (IRE)"	"3.50"	"5"	"Handicap"	"2"	"6"	"Stott, Kevin"	"Midgley, P T"	"5f "	"5"	"6"	"2"	"15"
"15:30:00"	"2019-09-06"	"Haydock"	"Lathom"	"16.00"	"21.62"	"Handicap"	"3"	"11"	"Eaves, Tom"	"Midgley, P T"	"5f "	"4"	"9"	"9"	"10"
"16:15:00"	"2019-09-05"	"Lingfield"	"Flying Sakhee"	"16.00"	"26"	"Handicap"	"4"	"17"	"Godwin, Mitch"	"Bridger, J / Cook, R"	"7f "	"6"	"8"	"2"	"10"
"16:15:00"	"2019-09-05"	"Lingfield"	"Sea Tea Dea"	"7.00"	"9.2"	"Handicap"	"6"	"17"	"Marsh, Finley"	"Wintle, A"	"7f "	"6"	"7"	"5"	"14"
"14:10:00"	"2019-09-05"	"Salisbury"	"Imperial Act"	"4.00"	"6"	"Handicap"	"6"	"12"	"Perrault, Marie"	"Balding, A M"	"1m "	"5"	"5"	"2"	"7"
"17:40:00"	"2019-09-03"	"Catterick"	"Red Stripes (USA)"	"7.00"	"8.77"	"Handicap"	"3"	"9"	"Ashton, Gavin"	"Williamson, Mrs L"	"5f "	"5"	"9"	"1"	"6"
"17:00:00"	"2019-09-03"	"Goodwood"	"Silca Mistress"	"2.50"	"3.6"	"Handicap"	"4"	"5"	"Doyle, Hollie"	"Cox, C G"	"6f "	"4"	"10"	"5"	"8"
"16:25:00"	"2019-09-02"	"Windsor"	"Caledonian Gold"	"50.00"	"157.2"	"Handicap"	"5"	"6"	"Ashton, Gavin"	"Williamson, Mrs L"	"6f "	"5"	"9"	"7"	"15"
"15:45:00"	"2019-09-02"	"Chepstow"	"Bungee Jump (IRE)"	"9.00"	"12.5"	"Handicap"	"1"	"7"	"Ryan, Rossa"	"Harris, Miss G"	"7f "	"4"	"7"	"3"	"6"
"15:45:00"	"2019-09-02"	"Chepstow"	"Waqt (IRE)"	"25.00"	"42"	"Handicap"	"5"	"7"	"Davis, Sean"	"Dunn, Mrs Alex"	"7f "	"4"	"10"	"7"	"7"
"16:50:00"	"2019-09-01"	"Cork"	"Polly Douglas (IRE)"	"14.00"	"21.45"	"Handicap"	"7"	"18"	"Manning, K J"	"Cotter, Kieran P"	"5f "	"0"	"9"	"11"	"29"
"16:50:00"	"2019-09-01"	"Cork"	"Medicine Jack"	"8.00"	"8.53"	"Handicap"	"13"	"18"	"Shinnick, J P"	"Lyons, G M"	"5f "	"0"	"2"	"8"	"23"
"16:20:00"	"2019-09-01"	"Cork"	"Conversant (IRE)"	"8.00"	"11.5"	"Handicap"	"7"	"25"	"Leonard, Killian"	"Hogan, Denis Gerard"	"7f "	"0"	"8"	"5"	"15"
"16:20:00"	"2019-09-01"	"Cork"	"Kareva"	"50.00"	"140"	"Handicap"	"11"	"25"	"Foley, Shane"	"Byrne, Philip Michael"	"7f "	"0"	"9"	"25"	"29"
"15:50:00"	"2019-09-01"	"Cork"	"Perfect Beauty"	"20.00"	"40"	"Maiden"	"12"	"17"	"Kelly, S B"	"Murtagh, J P"	"7f "	"0"	"9"	"18"	"23"
"15:50:00"	"2019-08-31"	"Beverley"	"Excessable"	"8.00"	"9.8"	"Handicap"	"8"	"15"	"Richardson, Rachel"	"Easterby, T D"	"5f "	"5"	"7"	"8"	"11"
"15:50:00"	"2019-08-31"	"Beverley"	"Stoney Lane"	"6.00"	"8.4"	"Handicap"	"12"	"15"	"Dennis, Phil"	"Whitaker, R M"	"5f "	"5"	"10"	"2"	"9"
"14:15:00"	"2019-08-31"	"Down Royal"	"Star On A Diamond (IRE)"	"12.00"	"19"	"Maiden"	"9"	"12"	"Lordan, W M"	"Browne, Michael J"	"5f "	"0"	"8"	"13"	"23"
"13:50:00"	"2019-08-31"	"Sandown"	"Justanotherbottle (IRE)"	"4.00"	"5.35"	"Handicap"	"1"	"11"	"Buick, William"	"Carroll, D"	"5f "	"3"	"10"	"9"	"22"
"13:50:00"	"2019-08-31"	"Sandown"	"Embour (IRE)"	"4.00"	"5.75"	"Handicap"	"3"	"11"	"Moore, Ryan"	"Hannon (Jnr), Richard"	"5f "	"3"	"8"	"2"	"7"
"13:50:00"	"2019-08-31"	"Sandown"	"Gracious John (IRE)"	"14.00"	"19"	"Handicap"	"8"	"11"	"Villiers, Angus"	"Williams, Ian"	"5f "	"3"	"10"	"5"	"9"
"17:50:00"	"2019-08-30"	"Curragh"	"Fridtjof Nansen"	"8.00"	"10.22"	"Handicap"	"4"	"23"	"Coen, Ben M"	"Cotter, Kieran P"	"6f "	"0"	"7"	"1"	"29"
"17:50:00"	"2019-08-30"	"Curragh"	"Castletownshend (IRE)"	"10.00"	"16"	"Handicap"	"6"	"23"	"Crosse, Nathan"	"Walsh, T M"	"6f "	"0"	"7"	"6"	"23"
"17:50:00"	"2019-08-30"	"Curragh"	"Sun Sign (IRE)"	"14.00"	"23"	"Handicap"	"20"	"23"	"Lordan, W M"	"Foster, Mrs Denise"	"6f "	"0"	"7"	"8"	"23"
"17:45:00"	"2019-08-30"	"Thirsk"	"Buccaneers Vault (IRE)"	"7.00"	"9"	"Handicap"	"1"	"15"	"Cagney, Eireann"	"Midgley, P T"	"6f "	"6"	"3"	"5"	"8"
"17:45:00"	"2019-08-30"	"Thirsk"	"Kenny The Captain (IRE)"	"9.00"	"11"	"Handicap"	"6"	"15"	"Gillam, Miss J"	"Easterby, T D"	"6f "	"6"	"8"	"7"	"12"
"14:40:00"	"2019-08-30"	"Sandown"	"Secretfact"	"8.00"	"10.94"	"Handicap"	"4"	"8"	"Quinn, Jimmy"	"Saunders, M S"	"5f "	"5"	"9"	"2"	"8"
"14:40:00"	"2019-08-30"	"Sandown"	"Spanish Star (IRE)"	"11.00"	"14.27"	"Handicap"	"7"	"8"	"Keniry, L P"	"Chamings, P R"	"5f "	"5"	"10"	"5"	"7"
"14:20:00"	"2019-08-29"	"Ffos Las"	"Spot Lite"	"3.00"	"5.1"	"Handicap"	"2"	"6"	"Murphy, Oisin"	"Millman, B R"	"5f "	"6"	"7"	"3"	"7"
"14:20:00"	"2019-08-29"	"Ffos Las"	"Tawaafoq"	"2.00"	"3.41"	"Handicap"	"3"	"6"	"Marsh, Finley"	"Wintle, A"	"5f "	"6"	"8"	"1"	"13"
"14:20:00"	"2019-08-29"	"Ffos Las"	"Brockey Rise (IRE)"	"5.00"	"6.74"	"Handicap"	"4"	"6"	"Shoemark, Kieran"	"Evans, P D"	"5f "	"6"	"1"	"6"	"10"
"14:20:00"	"2019-08-29"	"Ffos Las"	"Aquadabra (IRE)"	"6.00"	"8.43"	"Handicap"	"6"	"6"	"Shepherd, Callum"	"Mason, Christopher"	"5f "	"6"	"10"	"1"	"9"
"13:40:00"	"2019-08-29"	"Carlisle"	"Naples Bay"	"12.00"	"13.5"	"Handicap"	"1"	"5"	"Cagney, Eireann"	"Scott, Miss Katie"	"6f "	"6"	"10"	"11"	"14"
"13:40:00"	"2019-08-29"	"Carlisle"	"Carlovian"	"3.33"	"5"	"Handicap"	"3"	"5"	"Haigh, Mr M"	"Walford, Mark"	"6f "	"6"	"10"	"4"	"12"
"13:40:00"	"2019-08-29"	"Carlisle"	"Mr Greenlight"	"4.00"	"5.05"	"Handicap"	"4"	"5"	"Easterby, William"	"Easterby, T D"	"6f "	"6"	"10"	"5"	"12"
"15:30:00"	"2019-08-28"	"Lingfield"	"Terri Rules (IRE)"	"20.00"	"36"	"Seller"	"2"	"6"	"Keenan, Darragh"	"Carter, Lee"	"6f "	"6"	"9"	"5"	"9"
"19:00:00"	"2019-08-27"	"Musselburgh"	"Thornaby Princess"	"28.00"	"38"	"Handicap"	"1"	"13"	"Eaves, Tom"	"Ward, Jason"	"5f "	"6"	"8"	"9"	"15"
"19:00:00"	"2019-08-27"	"Musselburgh"	"Super Florence (IRE)"	"6.50"	"8.8"	"Handicap"	"4"	"13"	"Gormley, Jamie"	"Jardine, I"	"5f "	"6"	"8"	"11"	"12"
"19:00:00"	"2019-08-27"	"Musselburgh"	"Lord Of The Glen"	"12.00"	"16.7"	"Handicap"	"6"	"13"	"Mathers, Patrick"	"Goldie, J S"	"5f "	"6"	"3"	"10"	"15"
"19:00:00"	"2019-08-27"	"Musselburgh"	"War Ensign (IRE)"	"2.75"	"4.05"	"Handicap"	"11"	"13"	"Hart, Jason"	"Easterby, T D"	"5f "	"6"	"2"	"6"	"10"
"16:05:00"	"2019-08-27"	"Ripon"	"Brian The Snail (IRE)"	"6.00"	"7.98"	"Handicap"	"3"	"8"	"Hamilton, Tony"	"Fahey, R A"	"6f "	"4"	"10"	"13"	"19"
"16:05:00"	"2019-08-27"	"Ripon"	"Buccaneers Vault (IRE)"	"5.50"	"7"	"Handicap"	"5"	"8"	"Elliott, Jane"	"Midgley, P T"	"6f "	"4"	"10"	"5"	"16"
"16:20:00"	"2019-08-26"	"Chepstow"	"Cooperess"	"5.00"	"6.89"	"Handicap"	"6"	"12"	"Nicholls, Miss M"	"Wintle, A"	"7f "	"6"	"4"	"3"	"14"
"18:00:00"	"2019-08-25"	"Beverley"	"Burtonwood"	"7.00"	"10"	"Handicap"	"2"	"10"	"Lee, G"	"Camacho, Miss J A"	"5f "	"6"	"10"	"3"	"13"
"18:00:00"	"2019-08-25"	"Beverley"	"Astraea"	"9.00"	"11.42"	"Handicap"	"10"	"10"	"ONeill, Ger"	"Easterby, M W"	"5f "	"6"	"6"	"7"	"15"
"17:40:00"	"2019-08-25"	"Yarmouth"	"Moretti (IRE)"	"4.50"	"6"	"Handicap"	"1"	"7"	"Edmunds, Lewis"	"Eyre, J L"	"7f "	"5"	"10"	"1"	"15"
"17:20:00"	"2019-08-25"	"Goodwood"	"Flowing Clarets"	"8.00"	"9.6"	"Handicap"	"4"	"6"	"Jones, Liam"	"Bridger, J / Cook, R"	"5f "	"5"	"6"	"3"	"9"
"17:20:00"	"2019-08-25"	"Goodwood"	"Wiff Waff"	"7.00"	"11"	"Handicap"	"6"	"6"	"Bishop, Charles"	"Gordon, C"	"5f "	"5"	"2"	"8"	"8"
"17:10:00"	"2019-08-25"	"Yarmouth"	"Love Dreams (IRE)"	"2.50"	"4.2"	"Handicap"	"3"	"4"	"Moore, Ryan"	"Johnston, M"	"7f "	"3"	"2"	"8"	"9"
"20:00:00"	"2019-08-24"	"Redcar"	"Dahik (IRE)"	"4.00"	"5.4"	"Handicap"	"1"	"15"	"ONeill, Ger"	"Easterby, M W"	"6f "	"6"	"4"	"5"	"8"
"20:00:00"	"2019-08-24"	"Redcar"	"Deeds Not Words (IRE)"	"25.00"	"42"	"Handicap"	"9"	"15"	"Ffrench, Royston"	"Waggott, Miss Tracy"	"6f "	"6"	"5"	"8"	"12"
"19:30:00"	"2019-08-24"	"Redcar"	"Valley of Fire"	"7.50"	"12"	"Handicap"	"1"	"13"	"Edmunds, Lewis"	"Eyre, J L"	"7f "	"5"	"7"	"2"	"17"
"19:30:00"	"2019-08-24"	"Redcar"	"Esprit De Corps"	"7.00"	"8.6"	"Handicap"	"5"	"13"	"Muscutt, D"	"Barron, T D"	"7f "	"5"	"6"	"5"	"8"
"19:30:00"	"2019-08-24"	"Redcar"	"Poets Pride"	"3.00"	"4.7"	"Handicap"	"7"	"13"	"Curtis, B A"	"Barron, T D"	"7f "	"5"	"7"	"3"	"17"
"19:30:00"	"2019-08-24"	"Redcar"	"Deansgate (IRE)"	"20.00"	"35.87"	"Handicap"	"8"	"13"	"Murtagh, Connor"	"Camacho, Miss J A"	"7f "	"5"	"7"	"5"	"17"
"19:30:00"	"2019-08-24"	"Redcar"	"Mutafarrid (IRE)"	"12.00"	"16"	"Handicap"	"9"	"13"	"Stott, Kevin"	"Midgley, P T"	"7f "	"5"	"7"	"7"	"17"
"19:30:00"	"2019-08-24"	"Redcar"	"Verdigris (IRE)"	"11.00"	"13.27"	"Handicap"	"10"	"13"	"Eaves, Tom"	"Carr, Mrs R A"	"7f "	"5"	"7"	"9"	"17"
"19:00:00"	"2019-08-24"	"Redcar"	"Strong Steps"	"25.00"	"67.16"	"Handicap"	"10"	"13"	"Davis, Sean"	"Goldie, J S"	"1m "	"3"	"7"	"12"	"17"
"17:05:00"	"2019-08-24"	"Newmarket (July)"	"Han Solo Berger (IRE)"	"6.00"	"8.4"	"Handicap"	"1"	"11"	"Queally, T P"	"Wall, C F"	"5f "	"4"	"8"	"8"	"9"
"17:05:00"	"2019-08-24"	"Newmarket (July)"	"Nibras Again"	"6.00"	"7.97"	"Handicap"	"9"	"11"	"Turner, Hayley"	"Midgley, P T"	"5f "	"4"	"8"	"9"	"11"
"18:10:00"	"2019-08-23"	"Curragh"	"Perfect Beauty"	"7.00"	"10"	"Maiden"	"18"	"23"	"Heffernan, J A"	"Murtagh, J P"	"6f "	"0"	"8"	"4"	"15"
"17:15:00"	"2019-08-23"	"Salisbury"	"Haraz (IRE)"	"100.00"	"344.05"	"Handicap"	"1"	"7"	"Trainor, Miss M"	"Butler, P"	"1m "	"5"	"10"	"11"	"14"
"17:15:00"	"2019-08-23"	"Salisbury"	"Hedging (IRE)"	"10.00"	"13.72"	"Handicap"	"5"	"7"	"Schilder, Nynke"	"Houghton, Eve Johnson"	"1m "	"5"	"3"	"6"	"8"
"17:00:00"	"2019-08-23"	"Goodwood"	"Lethal Angel"	"1.75"	"2.87"	"Handicap"	"3"	"8"	"Ghiani, Marco"	"Williams, S C"	"6f "	"5"	"6"	"4"	"16"
"17:00:00"	"2019-08-23"	"Goodwood"	"Grey Galleon (USA)"	"6.00"	"7.91"	"Handicap"	"5"	"8"	"Glass, Amelia"	"Cox, C G"	"6f "	"5"	"9"	"5"	"10"
"16:00:00"	"2019-08-22"	"Chepstow"	"Secret Potion"	"2.75"	"4.3"	"Handicap"	"1"	"7"	"Probert, David"	"Harris, R A"	"5f "	"6"	"5"	"6"	"9"
"16:00:00"	"2019-08-22"	"Chepstow"	"Crimson Princess"	"40.00"	"110"	"Handicap"	"6"	"7"	"Fahy, J P"	"Evans, Mrs N S"	"5f "	"6"	"10"	"10"	"12"
"14:50:00"	"2019-08-22"	"Chepstow"	"Bounty Pursuit"	"4.00"	"5.88"	"Handicap"	"1"	"14"	"Ghiani, Marco"	"Blake, Michael"	"7f "	"6"	"8"	"1"	"6"
"14:50:00"	"2019-08-22"	"Chepstow"	"Fantasy Justifier (IRE)"	"10.00"	"15"	"Handicap"	"2"	"14"	"Morris, Luke"	"Harris, R A"	"7f "	"6"	"7"	"1"	"14"
"14:50:00"	"2019-08-22"	"Chepstow"	"Cooperess"	"7.50"	"9.81"	"Handicap"	"3"	"14"	"Probert, David"	"Wintle, A"	"7f "	"6"	"9"	"3"	"14"
"14:50:00"	"2019-08-22"	"Chepstow"	"Alfies Angel (IRE)"	"25.00"	"55.5"	"Handicap"	"5"	"14"	"Da Silva, Raul"	"Bradley, J M"	"7f "	"6"	"7"	"5"	"14"
"14:50:00"	"2019-08-22"	"Chepstow"	"Reshaan (IRE)"	"20.00"	"42.59"	"Handicap"	"6"	"14"	"Hansen, Thore"	"Dunn, Mrs Alex"	"7f "	"6"	"9"	"12"	"13"
"14:50:00"	"2019-08-22"	"Chepstow"	"Papa Delta"	"5.00"	"7"	"Handicap"	"7"	"14"	"Downing, George"	"Carroll, A W"	"7f "	"6"	"1"	"4"	"13"
"14:50:00"	"2019-08-22"	"Chepstow"	"My Bubba"	"50.00"	"200.86"	"Handicap"	"13"	"14"	"Walsh, E J"	"Saunders, M S"	"7f "	"6"	"9"	"13"	"14"
"14:15:00"	"2019-08-22"	"Chepstow"	"Bond Angel"	"20.00"	"38"	"Handicap"	"7"	"11"	"Keniry, L P"	"Evans, P D"	"1m "	"5"	"6"	"8"	"10"
"15:45:00"	"2019-08-21"	"Carlisle"	"Music Society (IRE)"	"1.88"	"3.1"	"Handicap"	"1"	"9"	"Evans, Nathan"	"Easterby, T D"	"5f "	"4"	"5"	"2"	"11"
"15:45:00"	"2019-08-21"	"Carlisle"	"Bossipop"	"14.00"	"18"	"Handicap"	"8"	"9"	"Redmond, D M"	"Easterby, T D"	"5f "	"4"	"4"	"9"	"19"
"15:45:00"	"2019-08-21"	"Carlisle"	"Militia"	"7.00"	"9.6"	"Handicap"	"9"	"9"	"Murtagh, Connor"	"Fahey, R A"	"5f "	"4"	"3"	"4"	"8"
"16:55:00"	"2019-08-20"	"Yarmouth"	"Monarch Maid"	"3.50"	"4.8"	"Handicap"	"4"	"8"	"Whittington, Elisha"	"Hiatt, P W"	"5f "	"6"	"5"	"2"	"10"
"17:00:00"	"2019-08-19"	"Catterick"	"Teepee Time"	"12.00"	"17.17"	"Handicap"	"2"	"15"	"Garritty, Jack"	"Mullineaux, M"	"5f "	"6"	"10"	"2"	"7"
"17:00:00"	"2019-08-19"	"Catterick"	"Gift In Time (IRE)"	"4.00"	"5.5"	"Handicap"	"11"	"15"	"Allan, David"	"Collins, Paul"	"5f "	"6"	"7"	"3"	"5"
"15:45:00"	"2019-08-17"	"Cork"	"Dandys Gold (IRE)"	"50.00"	"80"	"Handicap"	"13"	"17"	"Simmonson, D M"	"Fitzpatrick, William J"	"7f "	"0"	"9"	"8"	"11"
"15:10:00"	"2019-08-17"	"Cork"	"Peshkova (IRE)"	"12.00"	"14.5"	"Handicap"	"1"	"15"	"Slattery, A J"	"Cody, Patrick"	"7f "	"0"	"3"	"4"	"8"
"15:00:00"	"2019-08-17"	"Newbury"	"Pattie"	"4.50"	"6.33"	"Handicap"	"1"	"7"	"Mosse, G"	"Channon, M R"	"7f "	"3"	"7"	"5"	"9"
"14:45:00"	"2019-08-17"	"Newmarket (July)"	"Case Key"	"16.00"	"22.5"	"Handicap"	"1"	"16"	"Quinn, Jimmy"	"Appleby, M"	"6f "	"4"	"10"	"3"	"7"
"14:45:00"	"2019-08-17"	"Newmarket (July)"	"Le Manege Enchante (IRE)"	"66.00"	"599.96"	"Handicap"	"12"	"16"	"Garbutt, Noel"	"Shaw, D"	"6f "	"4"	"8"	"6"	"7"
"14:00:00"	"2019-08-17"	"Cork"	"Coffeemeanscoffee (IRE)"	"12.00"	"18.01"	"Handicap"	"15"	"24"	"Byrne, Willie"	"Martin, W J"	"6f "	"0"	"6"	"10"	"14"
"14:00:00"	"2019-08-17"	"Cork"	"Face Off (CAN)"	"7.00"	"9.2"	"Handicap"	"17"	"24"	"McDonogh, D P"	"OBrien, Charles"	"6f "	"0"	"8"	"3"	"17"
"13:10:00"	"2019-08-17"	"Doncaster"	"Logi (IRE)"	"8.50"	"11.64"	"Handicap"	"11"	"17"	"Gormley, Jamie"	"Bastiman, Rebecca"	"7f "	"5"	"8"	"2"	"8"
"20:20:00"	"2019-08-16"	"Curragh"	"The Broghie Man"	"12.00"	"15.77"	"Handicap"	"5"	"14"	"Foley, Shane"	"Keatley, Adrian Paul"	"6f "	"0"	"7"	"5"	"5"
"19:55:00"	"2019-08-16"	"Newmarket (July)"	"Mr Top Hat"	"3.50"	"4.8"	"Handicap"	"4"	"5"	"Egan, David"	"Evans, P D"	"1m "	"3"	"10"	"3"	"10"
"19:00:00"	"2019-08-16"	"Thirsk"	"Red Pike (IRE)"	"8.00"	"10.83"	"Handicap"	"8"	"11"	"Lee, G"	"Smart, B"	"5f "	"4"	"7"	"1"	"5"
"17:50:00"	"2019-08-16"	"Newmarket (July)"	"Martineo"	"5.00"	"6.61"	"Handicap"	"4"	"9"	"Keenan, Darragh"	"Butler, John"	"6f "	"4"	"8"	"5"	"6"
"16:55:00"	"2019-08-16"	"Thirsk"	"Mr Greenlight"	"10.00"	"14"	"Handicap"	"2"	"17"	"Easterby, Miss E"	"Easterby, T D"	"6f "	"6"	"10"	"11"	"11"
"16:55:00"	"2019-08-16"	"Thirsk"	"Patrick (IRE)"	"6.00"	"7.65"	"Handicap"	"5"	"17"	"Collier, Miss A"	"Midgley, P T"	"6f "	"6"	"8"	"2"	"14"
"16:55:00"	"2019-08-16"	"Thirsk"	"Essential"	"7.00"	"9"	"Handicap"	"8"	"17"	"Crane, Miss C R"	"Williams, Olly"	"6f "	"6"	"3"	"8"	"14"
"16:55:00"	"2019-08-16"	"Thirsk"	"Racquet"	"16.00"	"19"	"Handicap"	"13"	"17"	"Watts, Shannon"	"Carr, Mrs R A"	"6f "	"6"	"10"	"10"	"12"
"16:55:00"	"2019-08-16"	"Thirsk"	"JacobS Pillow"	"8.00"	"10.24"	"Handicap"	"15"	"17"	"Brotherton, Miss S"	"Bastiman, Rebecca"	"6f "	"6"	"6"	"5"	"8"
"14:35:00"	"2019-08-16"	"Nottingham"	"One Boy (IRE)"	"2.00"	"3.19"	"Handicap"	"1"	"9"	"Hart, Jason"	"Midgley, P T"	"5f "	"6"	"5"	"2"	"10"
"14:35:00"	"2019-08-16"	"Nottingham"	"The Golden Cue"	"5.00"	"6.88"	"Handicap"	"4"	"9"	"Cosgrave, Pat"	"Hollinshead, Steph"	"5f "	"6"	"6"	"7"	"8"
"14:35:00"	"2019-08-16"	"Nottingham"	"Celerity (IRE)"	"20.00"	"29"	"Handicap"	"5"	"9"	"Garbutt, Noel"	"Williamson, Mrs L"	"5f "	"6"	"7"	"2"	"6"
"14:25:00"	"2019-08-16"	"Newbury"	"Medieval (IRE)"	"3.50"	"5.46"	"Handicap"	"3"	"10"	"Ryan, Rossa"	"Cole, P F I"	"1m "	"4"	"9"	"2"	"12"
"14:25:00"	"2019-08-16"	"Newbury"	"Mr Tyrrell (IRE)"	"12.00"	"14.31"	"Handicap"	"6"	"10"	"Levey, S M"	"Hannon (Jnr), Richard"	"1m "	"4"	"5"	"3"	"5"
"20:15:00"	"2019-08-15"	"Chepstow"	"Somewhere Secret"	"1.50"	"2.73"	"Handicap"	"2"	"6"	"Evans, Nathan"	"Mullineaux, M"	"5f "	"5"	"5"	"1"	"8"
"20:15:00"	"2019-08-15"	"Chepstow"	"Union Rose"	"3.00"	"5.5"	"Handicap"	"4"	"6"	"Fallon, Cieren"	"Harris, R A"	"5f "	"5"	"8"	"2"	"7"
"19:45:00"	"2019-08-15"	"Chepstow"	"Doc Sportello (IRE)"	"4.00"	"5.46"	"Handicap"	"3"	"7"	"Winston, Robert"	"Carroll, A W"	"6f "	"4"	"10"	"6"	"7"
"19:30:00"	"2019-08-15"	"Yarmouth"	"Spanish Mane (IRE)"	"7.00"	"9.6"	"Handicap"	"5"	"15"	"Birkett, Shelley"	"Feilden, Miss J"	"7f "	"6"	"8"	"1"	"7"
"19:30:00"	"2019-08-15"	"Yarmouth"	"Conqueress (IRE)"	"40.00"	"91.16"	"Handicap"	"11"	"15"	"Wood, George"	"Pearce, Mrs Lydia"	"7f "	"6"	"7"	"9"	"12"
"19:30:00"	"2019-08-15"	"Yarmouth"	"My Footsteps"	"40.00"	"100"	"Handicap"	"12"	"15"	"Keniry, L P"	"DArcy, P W"	"7f "	"6"	"7"	"8"	"10"
"18:40:00"	"2019-08-15"	"Chepstow"	"Lily Of Year (FR)"	"11.00"	"15.22"	"Handicap"	"7"	"14"	"Pitt, Michael"	"Coakley, D J"	"6f "	"6"	"3"	"7"	"12"
"16:45:00"	"2019-08-15"	"Yarmouth"	"Monarch Maid"	"6.50"	"8.08"	"Handicap"	"2"	"10"	"Whittington, Elisha"	"Hiatt, P W"	"5f "	"6"	"6"	"2"	"10"
"15:30:00"	"2019-08-15"	"Beverley"	"Atyaaf"	"12.00"	"16.11"	"Handicap"	"1"	"13"	"Mathers, Patrick"	"Shaw, D"	"5f "	"5"	"4"	"5"	"10"
"15:30:00"	"2019-08-15"	"Beverley"	"Prestbury Park (USA)"	"11.00"	"14"	"Handicap"	"4"	"13"	"Mulrennan, Paul"	"Midgley, P T"	"5f "	"5"	"2"	"7"	"13"
"15:30:00"	"2019-08-15"	"Beverley"	"Suwaan (IRE)"	"4.00"	"6"	"Handicap"	"5"	"13"	"Sullivan, James P"	"Carr, Mrs R A"	"5f "	"5"	"8"	"2"	"8"
"15:30:00"	"2019-08-15"	"Beverley"	"Guardia Svizzera (IRE)"	"6.50"	"8.8"	"Handicap"	"8"	"13"	"Curtis, B A"	"Fell, R / Murray, S"	"5f "	"5"	"10"	"3"	"14"
"15:30:00"	"2019-08-15"	"Beverley"	"Suitcase n Taxi"	"22.00"	"46"	"Handicap"	"10"	"13"	"Hart, Jason"	"Easterby, T D"	"5f "	"5"	"10"	"4"	"14"
"14:50:00"	"2019-08-14"	"Salisbury"	"Joegogo (IRE)"	"8.00"	"10.5"	"Handicap"	"6"	"7"	"Murphy, Oisin"	"Evans, P D"	"5f "	"4"	"4"	"3"	"7"
"17:45:00"	"2019-08-13"	"Carlisle"	"Forever A Lady (IRE)"	"2.25"	"3.42"	"Handicap"	"4"	"6"	"Ho, Vincent C Y"	"Dalgleish, Keith"	"6f "	"5"	"3"	"3"	"8"
"16:30:00"	"2019-08-13"	"Nottingham"	"Cardaw Lily (IRE)"	"10.00"	"14.75"	"Handicap"	"2"	"13"	"Sullivan, James P"	"Carr, Mrs R A"	"6f "	"6"	"7"	"8"	"11"
"16:30:00"	"2019-08-13"	"Nottingham"	"Cupids Arrow (IRE)"	"6.50"	"8.4"	"Handicap"	"4"	"13"	"Garritty, Jack"	"Carr, Mrs R A"	"6f "	"6"	"7"	"5"	"11"
"16:00:00"	"2019-08-13"	"Nottingham"	"Tadaany (IRE)"	"6.00"	"7.23"	"Handicap"	"3"	"5"	"Sullivan, James P"	"Carr, Mrs R A"	"5f "	"5"	"7"	"4"	"12"
"15:30:00"	"2019-08-13"	"Nottingham"	"Peggie Sue"	"18.00"	"20.4"	"Non-Handicap"	"2"	"5"	"Eley, T"	"West, Adam"	"5f "	"3"	"8"	"5"	"7"
"17:30:00"	"2019-08-12"	"Windsor"	"Wotadoll"	"7.00"	"8.7"	"Handicap"	"1"	"12"	"Woods, Sebastian"	"Murphy, Mike"	"6f "	"6"	"9"	"7"	"9"
"17:30:00"	"2019-08-12"	"Windsor"	"Hellovaqueen"	"6.00"	"7.4"	"Handicap"	"4"	"12"	"Villiers, Angus"	"Hughes, Richard"	"6f "	"6"	"4"	"5"	"8"
"17:30:00"	"2019-08-12"	"Windsor"	"Crimson Princess"	"28.00"	"34"	"Handicap"	"10"	"12"	"Dobie, Georgia"	"Evans, Mrs N S"	"6f "	"6"	"9"	"6"	"9"
"17:25:00"	"2019-08-11"	"Leicester"	"Secret Potion"	"10.00"	"13.69"	"Handicap"	"1"	"10"	"Probert, David"	"Harris, R A"	"5f "	"6"	"9"	"5"	"7"
"17:25:00"	"2019-08-11"	"Leicester"	"Tonis A Star"	"6.00"	"8.2"	"Handicap"	"3"	"10"	"Marquand, Tom"	"Carroll, A W"	"5f "	"6"	"6"	"3"	"8"
"17:25:00"	"2019-08-11"	"Leicester"	"Atyaaf"	"7.50"	"10.5"	"Handicap"	"5"	"10"	"Mathers, Patrick"	"Shaw, D"	"5f "	"6"	"9"	"10"	"13"
"17:25:00"	"2019-08-11"	"Leicester"	"Bahuta Acha"	"3.00"	"4.5"	"Handicap"	"7"	"10"	"Tudhope, Daniel"	"Loughnane, David"	"5f "	"6"	"1"	"6"	"8"
"15:35:00"	"2019-08-11"	"Windsor"	"King Robert"	"2.25"	"3.65"	"Handicap"	"4"	"8"	"Egan, David"	"Wallis, Charlie"	"5f "	"5"	"8"	"16"	"23"
"15:05:00"	"2019-08-11"	"Windsor"	"Dizzy G (IRE)"	"3.00"	"4.4"	"Handicap"	"2"	"6"	"Curtis, B A"	"Burke, K R"	"6f "	"4"	"3"	"6"	"9"
"15:05:00"	"2019-08-11"	"Windsor"	"Bungee Jump (IRE)"	"5.00"	"6.8"	"Handicap"	"6"	"6"	"Morris, Luke"	"Harris, Miss G"	"6f "	"4"	"6"	"5"	"7"
"14:45:00"	"2019-08-11"	"Leicester"	"Zoraya (FR)"	"0.25"	"1.28"	"Seller"	"1"	"8"	"Probert, David"	"Cole, P F I"	"7f "	"5"	"10"	"2"	"7"
"14:45:00"	"2019-08-11"	"Leicester"	"Hold Your Breath"	"16.00"	"50.31"	"Seller"	"2"	"8"	"Marquand, Tom"	"Carroll, A W"	"7f "	"5"	"8"	"12"	"13"
"19:45:00"	"2019-08-10"	"Lingfield"	"Magical Ride"	"1.20"	"2.18"	"Handicap"	"1"	"7"	"Kirrane, Sean"	"Spencer, Richard"	"6f "	"5"	"7"	"1"	"11"
"19:45:00"	"2019-08-10"	"Lingfield"	"Seprani"	"4.50"	"6.55"	"Handicap"	"2"	"7"	"Malune, Gabriele"	"Murphy, Amy"	"6f "	"5"	"2"	"2"	"6"
"18:55:00"	"2019-08-10"	"Ayr"	"Super Julius"	"1.50"	"2.75"	"Handicap"	"2"	"3"	"Robinson, Ben"	"Donohoe, S"	"5f "	"4"	"1"	"6"	"17"
"18:25:00"	"2019-08-10"	"Ayr"	"Jessie Allan (IRE)"	"6.00"	"9.08"	"Handicap"	"4"	"8"	"Madden, C J"	"Goldie, J S"	"6f "	"6"	"5"	"7"	"14"
"16:15:00"	"2019-08-10"	"Haydock"	"Somewhere Secret"	"4.00"	"5.4"	"Handicap"	"1"	"8"	"Garritty, Jack"	"Mullineaux, M"	"5f "	"5"	"7"	"23"	"23"
"16:15:00"	"2019-08-10"	"Haydock"	"Red Stripes (USA)"	"8.00"	"10.84"	"Handicap"	"2"	"8"	"Ashton, Gavin"	"Williamson, Mrs L"	"5f "	"5"	"3"	"3"	"8"
"16:15:00"	"2019-08-10"	"Haydock"	"Astrophysics"	"12.00"	"15.21"	"Handicap"	"3"	"8"	"McDonald, P J"	"Siddall, Miss L C"	"5f "	"5"	"5"	"11"	"14"
"16:15:00"	"2019-08-10"	"Haydock"	"Brandy Station (IRE)"	"8.00"	"10.2"	"Handicap"	"5"	"8"	"Whittington, Elisha"	"Williamson, Mrs L"	"5f "	"5"	"9"	"3"	"8"
"16:15:00"	"2019-08-10"	"Haydock"	"Bahuta Acha"	"2.75"	"4.31"	"Handicap"	"6"	"8"	"Kingscote, Richard"	"Loughnane, David"	"5f "	"5"	"10"	"2"	"7"
"15:40:00"	"2019-08-10"	"Haydock"	"Gabrial The Devil (IRE)"	"4.50"	"6.6"	"Handicap"	"4"	"8"	"Villiers, Angus"	"Fahey, R A"	"6f "	"4"	"7"	"19"	"23"
"15:40:00"	"2019-08-10"	"Haydock"	"Gymkhana"	"10.00"	"12.5"	"Handicap"	"5"	"8"	"Gray, S A"	"OMeara, D"	"6f "	"4"	"7"	"3"	"15"
"15:40:00"	"2019-08-10"	"Haydock"	"Powerallied (IRE)"	"25.00"	"48"	"Handicap"	"8"	"8"	"Garritty, Jack"	"Fahey, R A"	"6f "	"4"	"7"	"10"	"23"
"14:55:00"	"2019-08-10"	"Redcar"	"Raydiance"	"4.00"	"5.3"	"Handicap"	"5"	"10"	"Lee, Clifford"	"Burke, K R"	"7f "	"3"	"1"	"3"	"5"
"14:55:00"	"2019-08-10"	"Redcar"	"Hajjam"	"9.00"	"12.5"	"Handicap"	"7"	"10"	"Nolan, D"	"OMeara, D"	"7f "	"3"	"7"	"9"	"15"
"14:20:00"	"2019-08-10"	"Redcar"	"Give It Some Teddy"	"6.00"	"7.59"	"Handicap"	"2"	"10"	"Fentiman, Duran"	"Easterby, T D"	"1m "	"4"	"7"	"11"	"15"
"14:20:00"	"2019-08-10"	"Redcar"	"Brother McGonagall"	"9.00"	"11.5"	"Handicap"	"8"	"10"	"Redmond, D M"	"Easterby, T D"	"1m "	"4"	"7"	"6"	"15"
"20:15:00"	"2019-08-09"	"Newmarket (July)"	"Count Otto (IRE)"	"3.50"	"5.12"	"Handicap"	"2"	"6"	"Watson, Jason"	"Perrett, Mrs A J"	"6f "	"3"	"6"	"6"	"23"
"20:15:00"	"2019-08-09"	"Newmarket (July)"	"Colonel Frank"	"3.33"	"4.68"	"Handicap"	"4"	"6"	"Mitchell, Jack"	"Quinn, M"	"6f "	"3"	"7"	"1"	"6"
"17:35:00"	"2019-08-09"	"Haydock"	"Celerity (IRE)"	"33.00"	"53.38"	"Handicap"	"2"	"6"	"Garbutt, Noel"	"Williamson, Mrs L"	"5f "	"5"	"3"	"9"	"12"
"17:05:00"	"2019-08-09"	"Haydock"	"Teepee Time"	"7.50"	"9.55"	"Handicap"	"2"	"7"	"Mullineaux, Miss M"	"Mullineaux, M"	"5f "	"5"	"4"	"9"	"14"
"16:50:00"	"2019-08-09"	"Thirsk"	"Caledonian Gold"	"11.00"	"14"	"Handicap Maiden"	"4"	"9"	"Ashton, Gavin"	"Williamson, Mrs L"	"6f "	"5"	"3"	"4"	"11"
"16:20:00"	"2019-08-09"	"Thirsk"	"War Ensign (IRE)"	"2.00"	"3.27"	"Novices"	"3"	"5"	"Fentiman, Duran"	"Easterby, T D"	"5f "	"5"	"9"	"5"	"20"
"15:00:00"	"2019-08-08"	"Haydock"	"Goodnight Girl (IRE)"	"1.10"	"2.27"	"Handicap"	"6"	"6"	"McDonald, P J"	"Portman, J G"	"6f "	"3"	"3"	"3"	"7"
"20:15:00"	"2019-08-07"	"Yarmouth"	"Dubai Elegance"	"4.50"	"6.4"	"Handicap"	"5"	"7"	"Garbutt, Noel"	"Shaw, D"	"7f "	"5"	"4"	"1"	"10"
"14:30:00"	"2019-08-06"	"Catterick"	"Celerity (IRE)"	"33.00"	"48"	"Handicap"	"9"	"12"	"Ashton, Gavin"	"Williamson, Mrs L"	"5f "	"6"	"9"	"6"	"9"
"18:30:00"	"2019-08-05"	"Windsor"	"Mokaatil"	"7.00"	"9.2"	"Handicap"	"2"	"7"	"Villiers, Angus"	"Williams, Ian"	"6f "	"3"	"2"	"13"	"23"
"18:30:00"	"2019-08-05"	"Windsor"	"Vibrant Chords"	"6.00"	"8"	"Handicap"	"7"	"7"	"Kirby, Adam"	"Candy, H"	"6f "	"3"	"10"	"12"	"14"
"17:45:00"	"2019-08-05"	"Carlisle"	"Suitcase n Taxi"	"4.50"	"6.4"	"Handicap"	"4"	"14"	"Richardson, Rachel"	"Easterby, T D"	"5f "	"6"	"10"	"6"	"10"
"17:45:00"	"2019-08-05"	"Carlisle"	"Star Cracker (IRE)"	"8.00"	"11.5"	"Handicap"	"5"	"14"	"Bartley, Mrs C"	"Goldie, J S"	"5f "	"6"	"7"	"4"	"12"
"17:45:00"	"2019-08-05"	"Carlisle"	"Jessie Allan (IRE)"	"8.00"	"10"	"Handicap"	"7"	"14"	"Watts, Shannon"	"Goldie, J S"	"5f "	"6"	"7"	"3"	"12"
"17:45:00"	"2019-08-05"	"Carlisle"	"Astrophysics"	"12.00"	"13.66"	"Handicap"	"11"	"14"	"Todd, Emma"	"Siddall, Miss L C"	"5f "	"6"	"8"	"4"	"9"
"15:35:00"	"2019-08-05"	"Naas"	"Bellick"	"9.00"	"13.27"	"Handicap"	"6"	"19"	"Coakley, Ross"	"McConnell, John C"	"6f "	"0"	"9"	"13"	"14"
"15:35:00"	"2019-08-05"	"Naas"	"Gala N Dandy (IRE)"	"20.00"	"44"	"Handicap"	"18"	"19"	"Hayes, C D"	"Duffy, S M"	"6f "	"0"	"10"	"7"	"12"
"15:30:00"	"2019-08-05"	"Ripon"	"Muscika"	"1.63"	"3.1"	"Handicap"	"2"	"8"	"Tudhope, Daniel"	"OMeara, D"	"6f "	"3"	"9"	"2"	"15"
"15:05:00"	"2019-08-05"	"Naas"	"Little Camacho (IRE)"	"6.00"	"9.66"	"Handicap"	"2"	"20"	"Crosse, Nathan"	"McCann, Anthony"	"6f "	"0"	"9"	"1"	"14"
"15:05:00"	"2019-08-05"	"Naas"	"Scream (IRE)"	"12.00"	"20"	"Handicap"	"3"	"20"	"Keane, C T"	"Lyons, G M"	"6f "	"0"	"9"	"4"	"8"
"15:05:00"	"2019-08-05"	"Naas"	"Pillar"	"16.00"	"26.5"	"Handicap"	"13"	"20"	"Foley, Shane"	"McGuinness, Adrian"	"6f "	"0"	"10"	"10"	"12"
"18:50:00"	"2019-08-03"	"Hamilton"	"Cale Lane"	"3.50"	"5.2"	"Handicap"	"1"	"9"	"Muir, Paula"	"Camacho, Miss J A"	"6f "	"4"	"7"	"2"	"9"
"18:50:00"	"2019-08-03"	"Hamilton"	"Yes You (IRE)"	"7.50"	"11.5"	"Handicap"	"3"	"9"	"Alexander, Lucy"	"Jardine, I"	"6f "	"4"	"8"	"3"	"16"
"18:50:00"	"2019-08-03"	"Hamilton"	"Cool Spirit"	"2.75"	"4.3"	"Handicap"	"5"	"9"	"Nicholls, Miss M"	"Fahey, R A"	"6f "	"4"	"8"	"7"	"16"
"18:50:00"	"2019-08-03"	"Hamilton"	"Zizum"	"100.00"	"517.17"	"Handicap"	"9"	"9"	"Watts, Shannon"	"Berry, A"	"6f "	"4"	"5"	"11"	"11"
"18:35:00"	"2019-08-03"	"Lingfield"	"Bay Watch (IRE)"	"1.20"	"2.42"	"Handicap"	"1"	"9"	"Fahy, J P"	"Barfoot-Saunt, Mrs Tracey"	"6f "	"6"	"7"	"1"	"7"
"17:15:00"	"2019-08-03"	"Doncaster"	"Dubai Elegance"	"20.00"	"29"	"Handicap"	"1"	"10"	"Garbutt, Noel"	"Shaw, D"	"6f "	"5"	"3"	"4"	"16"
"17:15:00"	"2019-08-03"	"Doncaster"	"Fumbo Jumbo (IRE)"	"10.00"	"16.1"	"Handicap"	"5"	"10"	"Probert, David"	"Bastiman, Rebecca"	"6f "	"5"	"8"	"1"	"10"
"17:15:00"	"2019-08-03"	"Doncaster"	"Santafiora"	"14.00"	"20.36"	"Handicap"	"6"	"10"	"ONeill, K T"	"Camacho, Miss J A"	"6f "	"5"	"8"	"6"	"10"
"16:55:00"	"2019-08-03"	"Lingfield"	"Jupiter"	"4.50"	"6.2"	"Handicap"	"1"	"13"	"Catton, Luke"	"Dunn, Mrs Alex"	"7.5f "	"6"	"7"	"3"	"11"
"16:55:00"	"2019-08-03"	"Lingfield"	"Premium Pink (IRE)"	"40.00"	"130"	"Handicap"	"13"	"13"	"McEntee, Grace"	"McJannet, Luke"	"7.5f "	"6"	"10"	"9"	"13"
"14:50:00"	"2019-08-03"	"Thirsk"	"Hawaam (IRE)"	"9.00"	"12.28"	"Handicap"	"1"	"11"	"Tudhope, Daniel"	"Fell, R / Murray, S"	"5f "	"4"	"7"	"11"	"11"
"14:50:00"	"2019-08-03"	"Thirsk"	"Our Little Pony"	"7.00"	"9.2"	"Handicap"	"2"	"11"	"McManoman, Faye"	"Mullaney, L A"	"5f "	"4"	"8"	"6"	"16"
"14:50:00"	"2019-08-03"	"Thirsk"	"Canford Bay (IRE)"	"8.00"	"9.6"	"Handicap"	"8"	"11"	"Hardie, Cameron"	"Brittain, Antony"	"5f "	"4"	"7"	"5"	"11"
"14:50:00"	"2019-08-03"	"Thirsk"	"Alsvinder"	"14.00"	"20.43"	"Handicap"	"11"	"11"	"Nolan, D"	"Kirby, P A"	"5f "	"4"	"10"	"2"	"7"
"20:10:00"	"2019-08-02"	"Musselburgh"	"Boudica Bay (IRE)"	"2.50"	"4.01"	"Handicap"	"1"	"9"	"Lee, G"	"Alston, E J"	"5f "	"6"	"10"	"1"	"11"
"20:10:00"	"2019-08-02"	"Musselburgh"	"Jeffrey Harris"	"2.75"	"4"	"Handicap"	"6"	"9"	"Madden, C J"	"Goldie, J S"	"5f "	"6"	"4"	"4"	"11"
"20:10:00"	"2019-08-02"	"Musselburgh"	"Camanche Grey (IRE)"	"33.00"	"50"	"Handicap"	"9"	"9"	"Santos, Victor"	"Egerton, Lucinda"	"5f "	"6"	"10"	"4"	"13"
"19:30:00"	"2019-08-02"	"Newmarket (July)"	"Quick Breath"	"16.00"	"25"	"Handicap"	"2"	"10"	"Saunders, Tyler"	"Portman, J G"	"7f "	"4"	"9"	"5"	"6"
"20:45:00"	"2019-08-01"	"Ffos Las"	"Spot Lite"	"5.00"	"6.84"	"Handicap"	"2"	"8"	"Watson, Jason"	"Millman, B R"	"5f "	"6"	"6"	"9"	"10"
"20:05:00"	"2019-07-31"	"Leicester"	"Jacksonfire"	"12.00"	"15"	"Handicap"	"3"	"7"	"Coughlan, Laura"	"Mullineaux, M"	"6f "	"5"	"2"	"7"	"12"
"18:00:00"	"2019-07-31"	"Redcar"	"Fieldsman (USA)"	"2.00"	"3.05"	"Handicap"	"5"	"14"	"Bowen, Miss S L"	"Carroll, A W"	"1m "	"5"	"4"	"3"	"8"
"18:00:00"	"2019-07-31"	"Redcar"	"Dutch Artist (IRE)"	"33.00"	"41.41"	"Handicap"	"7"	"14"	"Johnson, Miss B"	"Tinkler, N"	"1m "	"5"	"7"	"7"	"15"
"17:30:00"	"2019-07-31"	"Redcar"	"War Ensign (IRE)"	"3.33"	"4.6"	"Handicap"	"5"	"20"	"Allan, David"	"Easterby, T D"	"6f "	"6"	"8"	"2"	"13"
"17:30:00"	"2019-07-31"	"Redcar"	"Mightaswellsmile"	"14.00"	"21"	"Handicap"	"8"	"20"	"Muir, Paula"	"Barr, R E"	"6f "	"6"	"7"	"2"	"12"
"17:30:00"	"2019-07-31"	"Redcar"	"Picks Pinta"	"50.00"	"146.71"	"Handicap"	"9"	"20"	"Edmunds, Lewis"	"Riches, John"	"6f "	"6"	"8"	"6"	"11"
"17:30:00"	"2019-07-31"	"Redcar"	"Someone Exciting"	"14.00"	"23"	"Handicap"	"13"	"20"	"Gormley, Jamie"	"Thompson, D W"	"6f "	"6"	"7"	"1"	"9"
"17:30:00"	"2019-07-31"	"Redcar"	"Your Just Desserts (IRE)"	"66.00"	"276.75"	"Handicap"	"19"	"20"	"Gray, S A"	"Collins, Paul"	"6f "	"6"	"8"	"5"	"13"
"17:00:00"	"2019-07-31"	"Redcar"	"Spirit of Zebedee (IRE)"	"4.50"	"6.42"	"Handicap"	"7"	"16"	"Downey, R P"	"Quinn, J J"	"6f "	"6"	"7"	"3"	"9"
"17:00:00"	"2019-07-31"	"Redcar"	"Angel Eyes"	"25.00"	"38.57"	"Handicap"	"12"	"16"	"Russell, Harry"	"Riches, John"	"6f "	"6"	"8"	"9"	"13"
"17:05:00"	"2019-07-30"	"Yarmouth"	"Han Solo Berger (IRE)"	"1.50"	"2.69"	"Handicap"	"2"	"8"	"Wood, George"	"Wall, C F"	"5f "	"5"	"6"	"2"	"8"
"17:05:00"	"2019-07-30"	"Yarmouth"	"George Dryden (IRE)"	"2.00"	"3.3"	"Handicap"	"7"	"8"	"Mitchell, Jack"	"Boughey, George"	"5f "	"5"	"6"	"2"	"8"
"16:30:00"	"2019-07-30"	"Yarmouth"	"Sharp Operator"	"3.50"	"4.9"	"Handicap"	"6"	"9"	"Carver, William"	"Wallis, Charlie"	"1m "	"6"	"6"	"2"	"13"
"15:50:00"	"2019-07-30"	"Beverley"	"Ginger Jam"	"1.25"	"2.49"	"Handicap"	"1"	"9"	"McManoman, Faye"	"Tinkler, N"	"5f "	"5"	"8"	"1"	"10"
"15:50:00"	"2019-07-30"	"Beverley"	"Burtonwood"	"8.00"	"11.17"	"Handicap"	"2"	"9"	"Lee, G"	"Camacho, Miss J A"	"5f "	"5"	"8"	"6"	"10"
"15:50:00"	"2019-07-30"	"Beverley"	"Qaaraat"	"6.50"	"7.45"	"Handicap"	"6"	"9"	"Hardie, Cameron"	"Brittain, Antony"	"5f "	"5"	"4"	"13"	"16"
"15:50:00"	"2019-07-30"	"Beverley"	"Debawtry (IRE)"	"9.00"	"12.14"	"Handicap"	"8"	"9"	"Redmond, D M"	"Makin, Phillip"	"5f "	"5"	"10"	"3"	"8"
"13:40:00"	"2019-07-30"	"Yarmouth"	"Etikaal"	"1.88"	"3.05"	"Handicap"	"1"	"12"	"Mitchell, Jack"	"Tuer, Grant"	"7f "	"6"	"8"	"2"	"15"
"19:15:00"	"2019-07-29"	"Windsor"	"Miracle Garden"	"14.00"	"17.18"	"Handicap"	"8"	"11"	"Bridgwater, Poppy"	"Williams, Ian"	"6f "	"4"	"5"	"5"	"8"
"17:05:00"	"2019-07-29"	"Ayr"	"Piazon"	"3.50"	"5.7"	"Handicap"	"1"	"11"	"Evans, Nathan"	"Brooke, Julia"	"5f "	"6"	"6"	"3"	"11"
"17:05:00"	"2019-07-29"	"Ayr"	"JacobS Pillow"	"1.63"	"2.77"	"Handicap"	"3"	"11"	"Tudhope, Daniel"	"Bastiman, Rebecca"	"5f "	"6"	"7"	"2"	"17"
"17:05:00"	"2019-07-29"	"Ayr"	"Jeffrey Harris"	"6.00"	"8.38"	"Handicap"	"4"	"11"	"Hardie, Cameron"	"Goldie, J S"	"5f "	"6"	"6"	"8"	"11"
"17:05:00"	"2019-07-29"	"Ayr"	"Brendan (IRE)"	"12.00"	"18.02"	"Handicap"	"7"	"11"	"Mathers, Patrick"	"Goldie, J S"	"5f "	"6"	"7"	"12"	"17"
"14:30:00"	"2019-07-29"	"Ayr"	"Forever A Lady (IRE)"	"5.00"	"7.9"	"Handicap"	"1"	"12"	"Ho, Vincent C Y"	"Dalgleish, Keith"	"6f "	"6"	"7"	"5"	"11"
"14:30:00"	"2019-07-29"	"Ayr"	"Cardaw Lily (IRE)"	"4.50"	"6.14"	"Handicap"	"2"	"12"	"Sullivan, James P"	"Carr, Mrs R A"	"6f "	"6"	"7"	"4"	"11"
"14:30:00"	"2019-07-29"	"Ayr"	"Jessie Allan (IRE)"	"10.00"	"12.13"	"Handicap"	"3"	"12"	"Madden, C J"	"Goldie, J S"	"6f "	"6"	"6"	"8"	"13"
"14:30:00"	"2019-07-29"	"Ayr"	"Star Cracker (IRE)"	"12.00"	"15"	"Handicap"	"4"	"12"	"Dennis, Phil"	"Goldie, J S"	"6f "	"6"	"7"	"5"	"17"
"14:30:00"	"2019-07-29"	"Ayr"	"Palavicini Run (IRE)"	"40.00"	"50.35"	"Handicap"	"10"	"12"	"Hardie, Cameron"	"Perratt, Miss L A"	"6f "	"6"	"7"	"7"	"11"
"20:00:00"	"2019-07-27"	"Lingfield"	"Jupiter"	"3.50"	"5.3"	"Handicap"	"3"	"11"	"Fallon, Cieren"	"Dunn, Mrs Alex"	"7f "	"6"	"9"	"8"	"12"
"18:45:00"	"2019-07-27"	"Salisbury"	"Bay Watch (IRE)"	"1.25"	"2.33"	"Handicap"	"1"	"7"	"Fahy, J P"	"Barfoot-Saunt, Mrs Tracey"	"5f "	"6"	"3"	"1"	"8"
"18:45:00"	"2019-07-27"	"Salisbury"	"Aquadabra (IRE)"	"3.50"	"5.92"	"Handicap"	"3"	"7"	"Shepherd, Callum"	"Mason, Christopher"	"5f "	"6"	"9"	"1"	"10"
"17:15:00"	"2019-07-27"	"Salisbury"	"Wynfaul The Wizard (USA)"	"25.00"	"42.23"	"Handicap"	"3"	"5"	"Chadwick, Alex"	"Morgan, Miss Laura"	"1m "	"5"	"10"	"4"	"8"
"17:15:00"	"2019-07-27"	"Salisbury"	"Bond Angel"	"2.50"	"4.11"	"Handicap"	"5"	"5"	"Thomas, Mr Philip"	"Evans, P D"	"1m "	"5"	"9"	"4"	"8"
"17:10:00"	"2019-07-27"	"Newmarket (July)"	"Shamshon (IRE)"	"1.63"	"2.69"	"Handicap"	"1"	"5"	"Ghiani, Marco"	"Williams, S C"	"5f "	"4"	"5"	"3"	"9"
"17:10:00"	"2019-07-27"	"Newmarket (July)"	"Spirit Of Wedza (IRE)"	"7.00"	"9.2"	"Handicap"	"4"	"5"	"Santos, Victor"	"Camacho, Miss J A"	"5f "	"4"	"10"	"7"	"7"
"19:15:00"	"2019-07-26"	"Chepstow"	"Angelical Eve (IRE)"	"33.00"	"42"	"Handicap"	"4"	"4"	"Garbutt, Noel"	"Williams, D L"	"7f "	"5"	"10"	"9"	"13"
"18:35:00"	"2019-07-26"	"Down Royal"	"Dandyman Port (IRE)"	"11.00"	"16.56"	"Handicap"	"10"	"12"	"Harnett, P A"	"Donovan, D"	"5f "	"0"	"6"	"2"	"12"
"18:30:00"	"2019-07-26"	"York"	"Qaaraat"	"33.00"	"57.66"	"Handicap"	"13"	"16"	"Schofield, Kieran"	"Brittain, Antony"	"6f "	"4"	"9"	"7"	"10"
"18:30:00"	"2019-07-26"	"York"	"Orions Bow"	"14.00"	"21.14"	"Handicap"	"16"	"16"	"Allan, David"	"Easterby, T D"	"6f "	"4"	"7"	"1"	"4"
"18:05:00"	"2019-07-26"	"Down Royal"	"Teddy Boy (IRE)"	"8.00"	"10.5"	"Handicap"	"7"	"12"	"Orr, Oisin"	"Lynam, Edward"	"5f "	"0"	"9"	"12"	"18"
"18:05:00"	"2019-07-26"	"Down Royal"	"Pillar"	"6.00"	"7.8"	"Handicap"	"10"	"12"	"Foley, Shane"	"McGuinness, Adrian"	"5f "	"0"	"2"	"6"	"12"
"17:45:00"	"2019-07-26"	"Chepstow"	"Amor Fati (IRE)"	"4.00"	"5.7"	"Handicap"	"1"	"11"	"Ryan, Rossa"	"Evans, P D"	"1m "	"5"	"8"	"2"	"8"
"17:40:00"	"2019-07-26"	"Thirsk"	"Cuppacoco"	"14.00"	"17.5"	"Handicap"	"3"	"10"	"Ashton, Gavin"	"Duffield, Mrs A"	"5f "	"6"	"10"	"11"	"14"
"17:40:00"	"2019-07-26"	"Thirsk"	"Hello Girl"	"2.50"	"3.58"	"Handicap"	"5"	"10"	"Clifton, Izzy"	"Tinkler, N"	"5f "	"6"	"10"	"5"	"14"
"17:40:00"	"2019-07-26"	"Thirsk"	"Spot Lite"	"6.00"	"8.8"	"Handicap"	"9"	"10"	"Searle, Oliver"	"Millman, B R"	"5f "	"6"	"8"	"2"	"10"
"17:35:00"	"2019-07-26"	"Newmarket (July)"	"Duchess Of Avon"	"3.50"	"4.77"	"Handicap"	"2"	"8"	"Watson, Jason"	"Moore, Gary and Josh"	"1m "	"5"	"7"	"3"	"8"
"17:45:00"	"2019-07-25"	"Doncaster"	"Amazing Grazing (IRE)"	"7.00"	"9.43"	"Handicap"	"5"	"10"	"Dennis, Phil"	"Bastiman, Rebecca"	"6f "	"5"	"10"	"3"	"6"
"17:45:00"	"2019-07-25"	"Doncaster"	"Guardia Svizzera (IRE)"	"33.00"	"40"	"Handicap"	"9"	"10"	"Curtis, B A"	"Fell, R / Murray, S"	"6f "	"5"	"8"	"10"	"10"
"14:05:00"	"2019-07-25"	"Yarmouth"	"Case Key"	"16.00"	"21.02"	"Handicap"	"2"	"9"	"Schofield, Kieran"	"Appleby, M"	"6f "	"6"	"7"	"5"	"9"
"14:05:00"	"2019-07-25"	"Yarmouth"	"Lilbourne Star (IRE)"	"1.50"	"2.58"	"Handicap"	"7"	"9"	"Glass, Amelia"	"Cox, C G"	"6f "	"6"	"7"	"2"	"9"
"18:10:00"	"2019-07-24"	"Leicester"	"Tukhoom (IRE)"	"4.50"	"5.49"	"Handicap"	"2"	"6"	"Downey, R P"	"OMeara, D"	"7f "	"4"	"4"	"4"	"11"
"18:10:00"	"2019-07-24"	"Leicester"	"Esprit De Corps"	"4.50"	"6.08"	"Handicap"	"3"	"6"	"Egan, David"	"Barron, T D"	"7f "	"4"	"9"	"2"	"8"
"17:50:00"	"2019-07-24"	"Naas"	"Kens Sams (IRE)"	"6.50"	"8.8"	"Handicap"	"2"	"12"	"Keane, C T"	"McGuinness, Adrian"	"5f "	"0"	"7"	"10"	"18"
"17:50:00"	"2019-07-24"	"Naas"	"Coffeemeanscoffee (IRE)"	"14.00"	"17.18"	"Handicap"	"5"	"12"	"Byrne, Willie"	"Martin, W J"	"5f "	"0"	"10"	"11"	"18"
"17:50:00"	"2019-07-24"	"Naas"	"Ten Joys (IRE)"	"6.50"	"8.6"	"Handicap"	"10"	"12"	"Crosse, Nathan"	"Hayden, J C"	"5f "	"0"	"7"	"11"	"18"
"17:40:00"	"2019-07-24"	"Leicester"	"Ronni Layne"	"25.00"	"28.56"	"Handicap"	"4"	"15"	"Chadwick, Alex"	"Allan, Miss Louise"	"7f "	"6"	"8"	"6"	"13"
"17:40:00"	"2019-07-24"	"Leicester"	"Gulland Rock"	"22.00"	"32"	"Handicap"	"6"	"15"	"Alexander, Kerryanne"	"Carson, Anthony"	"7f "	"6"	"6"	"6"	"14"
"17:40:00"	"2019-07-24"	"Leicester"	"Dutch Artist (IRE)"	"25.00"	"34"	"Handicap"	"7"	"15"	"Johnson, Miss B"	"Tinkler, N"	"7f "	"6"	"8"	"11"	"11"
"17:40:00"	"2019-07-24"	"Leicester"	"Rock Warbler (IRE)"	"12.00"	"17"	"Handicap"	"9"	"15"	"Barlow, Patrick"	"Mullineaux, M"	"7f "	"6"	"8"	"6"	"11"
"17:40:00"	"2019-07-24"	"Leicester"	"Coastal Cyclone"	"16.00"	"18.96"	"Handicap"	"14"	"15"	"Davies, Rachel"	"Dunlop, H J L"	"7f "	"6"	"5"	"14"	"14"
"17:20:00"	"2019-07-24"	"Lingfield"	"Betsey Trotter (IRE)"	"1.50"	"2.59"	"Handicap"	"1"	"5"	"Nolan, D"	"OMeara, D"	"6f "	"5"	"7"	"1"	"11"
"17:20:00"	"2019-07-24"	"Lingfield"	"Terri Rules (IRE)"	"12.00"	"16.73"	"Handicap"	"2"	"5"	"Ryan, Rossa"	"Carter, Lee"	"6f "	"5"	"7"	"2"	"9"
"16:10:00"	"2019-07-24"	"Catterick"	"Tomily (IRE)"	"2.75"	"3.97"	"Handicap"	"1"	"7"	"Tudhope, Daniel"	"OMeara, D"	"5f "	"4"	"9"	"1"	"6"
"16:10:00"	"2019-07-24"	"Catterick"	"Something Lucky (IRE)"	"14.00"	"20"	"Handicap"	"5"	"7"	"Davis, Sean"	"Appleby, M"	"5f "	"4"	"7"	"2"	"10"
"16:10:00"	"2019-07-24"	"Catterick"	"Merry Banter"	"4.00"	"5.6"	"Handicap"	"6"	"7"	"Mulrennan, Paul"	"Midgley, P T"	"5f "	"4"	"9"	"2"	"5"
"17:00:00"	"2019-07-23"	"Musselburgh"	"War Ensign (IRE)"	"1.25"	"2.38"	"Non-Handicap"	"2"	"13"	"Allan, David"	"Easterby, T D"	"5f "	"6"	"3"	"3"	"10"
"17:00:00"	"2019-07-23"	"Musselburgh"	"Camanche Grey (IRE)"	"25.00"	"32.21"	"Non-Handicap"	"4"	"13"	"Santos, Victor"	"Egerton, Lucinda"	"5f "	"6"	"5"	"8"	"12"
"17:00:00"	"2019-07-23"	"Musselburgh"	"Jessie Allan (IRE)"	"16.00"	"21"	"Non-Handicap"	"8"	"13"	"Madden, C J"	"Goldie, J S"	"5f "	"6"	"1"	"4"	"17"
"17:00:00"	"2019-07-23"	"Musselburgh"	"Encoded (IRE)"	"50.00"	"100"	"Non-Handicap"	"13"	"13"	"Scott, Rowan"	"Siddall, Miss L C"	"5f "	"6"	"7"	"10"	"14"
"16:00:00"	"2019-07-23"	"Musselburgh"	"Burmese Blazer (IRE)"	"12.00"	"16.03"	"Handicap"	"7"	"11"	"Davis, Sean"	"Goldie, J S"	"5f "	"6"	"8"	"6"	"6"
"16:00:00"	"2019-07-23"	"Musselburgh"	"Classic Pursuit"	"7.00"	"9.49"	"Handicap"	"9"	"11"	"Tudhope, Daniel"	"Fife, Mrs Marjorie"	"5f "	"6"	"5"	"3"	"12"
"16:00:00"	"2019-07-23"	"Musselburgh"	"Computable"	"8.00"	"12.35"	"Handicap"	"10"	"11"	"Richardson, Rachel"	"Easterby, T D"	"5f "	"6"	"6"	"3"	"10"
"16:00:00"	"2019-07-23"	"Musselburgh"	"Groundworker (IRE)"	"25.00"	"31.99"	"Handicap"	"11"	"11"	"Mulrennan, Paul"	"Midgley, P T"	"5f "	"6"	"7"	"12"	"14"
"19:20:00"	"2019-07-22"	"Windsor"	"Shamshon (IRE)"	"8.00"	"12"	"Handicap"	"3"	"9"	"Murphy, Oisin"	"Williams, S C"	"5f "	"3"	"10"	"3"	"6"
"19:20:00"	"2019-07-22"	"Windsor"	"Moonraker"	"6.50"	"9.63"	"Handicap"	"4"	"9"	"Rawlinson, Ali"	"Appleby, M"	"5f "	"3"	"7"	"3"	"9"
"19:20:00"	"2019-07-22"	"Windsor"	"Joegogo (IRE)"	"33.00"	"47.03"	"Handicap"	"8"	"9"	"Egan, John"	"Evans, P D"	"5f "	"3"	"10"	"8"	"8"
"19:00:00"	"2019-07-22"	"Beverley"	"Burtonwood"	"12.00"	"17"	"Handicap"	"6"	"10"	"McGovern, C J"	"Camacho, Miss J A"	"5f "	"5"	"2"	"5"	"8"
"19:00:00"	"2019-07-22"	"Beverley"	"Moonlit Sands (IRE)"	"16.00"	"22"	"Handicap"	"9"	"10"	"Hardie, Cameron"	"Ellison, B"	"5f "	"5"	"6"	"7"	"14"
"19:00:00"	"2019-07-22"	"Beverley"	"Desert Ace (IRE)"	"33.00"	"102.74"	"Handicap"	"10"	"10"	"Morris, Luke"	"Midgley, P T"	"5f "	"5"	"10"	"13"	"13"
"14:00:00"	"2019-07-22"	"Ayr"	"JacobS Pillow"	"16.00"	"18"	"Handicap"	"2"	"17"	"Beasley, Connor"	"Bastiman, Rebecca"	"6f "	"6"	"4"	"4"	"12"
"14:00:00"	"2019-07-22"	"Ayr"	"Cupids Arrow (IRE)"	"10.00"	"15"	"Handicap"	"8"	"17"	"Eaves, Tom"	"Carr, Mrs R A"	"6f "	"6"	"9"	"8"	"10"
"14:00:00"	"2019-07-22"	"Ayr"	"Tadaany (IRE)"	"10.00"	"14.76"	"Handicap"	"11"	"17"	"Hanagan, Paul"	"Carr, Mrs R A"	"6f "	"6"	"9"	"4"	"10"
"14:00:00"	"2019-07-22"	"Ayr"	"Brendan (IRE)"	"33.00"	"38.86"	"Handicap"	"12"	"17"	"Mathers, Patrick"	"Goldie, J S"	"6f "	"6"	"7"	"8"	"10"
"20:30:00"	"2019-07-20"	"Haydock"	"Celerity (IRE)"	"20.00"	"31.84"	"Handicap"	"7"	"12"	"Garbutt, Noel"	"Williamson, Mrs L"	"5f "	"5"	"8"	"5"	"13"
"20:00:00"	"2019-07-20"	"Haydock"	"Red Stripes (USA)"	"12.00"	"17.43"	"Handicap"	"5"	"9"	"Mullen, Andrew"	"Williamson, Mrs L"	"5f "	"4"	"8"	"3"	"13"
"17:40:00"	"2019-07-20"	"Doncaster"	"Debawtry (IRE)"	"2.50"	"3.59"	"Handicap"	"3"	"8"	"Wheatley, Zak"	"Makin, Phillip"	"5f "	"5"	"7"	"2"	"11"
"17:15:00"	"2019-07-20"	"Ripon"	"Alqaab"	"10.00"	"13.47"	"Handicap Maiden"	"7"	"10"	"Sullivan, James P"	"Carr, Mrs R A"	"6f "	"5"	"9"	"5"	"9"
"21:15:00"	"2019-07-19"	"Hamilton"	"Poets Pride"	"2.75"	"4.1"	"Handicap"	"3"	"6"	"Downey, R P"	"Barron, T D"	"6f "	"5"	"10"	"4"	"12"
"21:15:00"	"2019-07-19"	"Hamilton"	"Born To Finish (IRE)"	"6.00"	"8.06"	"Handicap"	"6"	"6"	"Egan, David"	"De Giles, Ed"	"6f "	"5"	"4"	"7"	"10"
"19:05:00"	"2019-07-19"	"Hamilton"	"Holmeswood"	"0.91"	"1.91"	"Handicap"	"4"	"4"	"Mulrennan, Paul"	"Camacho, Miss J A"	"5f "	"4"	"7"	"4"	"12"
"16:40:00"	"2019-07-19"	"Newbury"	"Fortune And Glory (USA)"	"3.50"	"4.9"	"Handicap"	"1"	"6"	"McCullagh, Scott"	"Tuite, Joseph"	"1m "	"5"	"9"	"1"	"13"
"14:50:00"	"2019-07-19"	"Nottingham"	"Red Tycoon (IRE)"	"12.00"	"14.53"	"Handicap"	"7"	"14"	"Marsh, Finley"	"Cunningham-Brown, K O"	"6f "	"6"	"10"	"5"	"8"
"14:50:00"	"2019-07-19"	"Nottingham"	"Always Amazing"	"18.00"	"24.32"	"Handicap"	"8"	"14"	"Queally, T P"	"Shaw, D"	"6f "	"6"	"10"	"4"	"10"
"16:00:00"	"2019-07-18"	"Chepstow"	"Aquadabra (IRE)"	"2.25"	"3.61"	"Handicap"	"1"	"10"	"Shepherd, Callum"	"Mason, Christopher"	"5f "	"6"	"9"	"1"	"10"
"16:00:00"	"2019-07-18"	"Chepstow"	"Spot Lite"	"4.00"	"5.98"	"Handicap"	"2"	"10"	"Hornby, Rob"	"Millman, B R"	"5f "	"6"	"8"	"3"	"7"
"16:00:00"	"2019-07-18"	"Chepstow"	"Devil Or Angel"	"14.00"	"19.5"	"Handicap"	"7"	"10"	"Carver, William"	"Turner, W G M"	"5f "	"6"	"9"	"6"	"8"
"15:30:00"	"2019-07-18"	"Chepstow"	"Jaganory (IRE)"	"5.50"	"7"	"Handicap"	"2"	"12"	"Marquand, Tom"	"Mason, Christopher"	"6f "	"6"	"8"	"3"	"8"
"15:30:00"	"2019-07-18"	"Chepstow"	"Hold Your Breath"	"40.00"	"97.01"	"Handicap"	"10"	"12"	"Downing, George"	"Carroll, A W"	"6f "	"6"	"10"	"12"	"12"
"14:30:00"	"2019-07-18"	"Chepstow"	"Spirit Of Ishy"	"33.00"	"60"	"Handicap"	"7"	"14"	"Doyle, Hollie"	"Kittow, W S"	"7f "	"6"	"8"	"5"	"8"
"14:10:00"	"2019-07-18"	"Hamilton"	"Super Florence (IRE)"	"7.50"	"8.8"	"Handicap"	"7"	"12"	"Edmunds, Lewis"	"Jardine, I"	"5f "	"6"	"8"	"8"	"14"
"14:10:00"	"2019-07-18"	"Hamilton"	"Camanche Grey (IRE)"	"9.00"	"10"	"Handicap"	"8"	"12"	"Santos, Victor"	"Egerton, Lucinda"	"5f "	"6"	"5"	"8"	"11"
"17:30:00"	"2019-07-17"	"Yarmouth"	"Dr Doro (IRE)"	"7.50"	"9.84"	"Handicap"	"5"	"6"	"Gordon, Josephine"	"Williams, Ian"	"6f "	"4"	"4"	"3"	"8"
"18:40:00"	"2019-07-16"	"Nottingham"	"Choosey (IRE)"	"12.00"	"15"	"Handicap"	"4"	"6"	"Quinn, Josh"	"Easterby, M W"	"5f "	"5"	"10"	"8"	"9"
"14:15:00"	"2019-07-16"	"Beverley"	"Oriental Splendour (IRE)"	"20.00"	"26"	"Handicap"	"1"	"14"	"Sullivan, James P"	"Carr, Mrs R A"	"5f "	"6"	"9"	"7"	"15"
"14:15:00"	"2019-07-16"	"Beverley"	"Mr Greenlight"	"2.00"	"3.45"	"Handicap"	"4"	"14"	"Allan, David"	"Easterby, T D"	"5f "	"6"	"9"	"5"	"15"
"14:15:00"	"2019-07-16"	"Beverley"	"Hello Girl"	"2.75"	"3.74"	"Handicap"	"5"	"14"	"Scott, Rowan"	"Tinkler, N"	"5f "	"6"	"8"	"6"	"16"
"19:30:00"	"2019-07-15"	"Windsor"	"Jumira Bridge"	"2.50"	"4.07"	"Handicap"	"4"	"9"	"Sousa, Silvestre De"	"Cowell, R M H"	"5f "	"3"	"10"	"1"	"7"
"15:50:00"	"2019-07-15"	"Ripon"	"Bossipop"	"7.50"	"9.28"	"Handicap"	"1"	"7"	"Hardie, Cameron"	"Easterby, T D"	"6f "	"3"	"3"	"4"	"13"
"15:50:00"	"2019-07-15"	"Ripon"	"Arecibo (FR)"	"3.00"	"4.7"	"Handicap"	"2"	"7"	"Tudhope, Daniel"	"OMeara, D"	"6f "	"3"	"7"	"1"	"7"
"15:50:00"	"2019-07-15"	"Ripon"	"Roundhay Park"	"2.00"	"3.2"	"Handicap"	"3"	"7"	"Scott, Rowan"	"Tinkler, N"	"6f "	"3"	"9"	"2"	"12"
"15:20:00"	"2019-07-15"	"Ripon"	"Queens Gift (IRE)"	"1.88"	"2.95"	"Handicap"	"1"	"5"	"Mulrennan, Paul"	"Dods, M"	"5f "	"4"	"10"	"1"	"8"
"15:20:00"	"2019-07-15"	"Ripon"	"Merry Banter"	"1.88"	"3.12"	"Handicap"	"2"	"5"	"Lee, G"	"Midgley, P T"	"5f "	"4"	"7"	"4"	"7"
"15:20:00"	"2019-07-15"	"Ripon"	"Seen The Lyte (IRE)"	"6.00"	"7.6"	"Handicap"	"4"	"5"	"McManoman, Faye"	"Tinkler, N"	"5f "	"4"	"9"	"6"	"9"
"14:05:00"	"2019-07-15"	"Ayr"	"Amazing Grazing (IRE)"	"2.25"	"2.49"	"Handicap"	"3"	"6"	"Lee, Clifford"	"Bastiman, Rebecca"	"6f "	"5"	"2"	"2"	"10"
"14:05:00"	"2019-07-15"	"Ayr"	"Burmese Blazer (IRE)"	"6.00"	"5.21"	"Handicap"	"6"	"6"	"Robinson, Ben"	"Goldie, J S"	"6f "	"5"	"7"	"3"	"6"
"18:35:00"	"2019-07-13"	"Hamilton"	"Amazing Grazing (IRE)"	"5.00"	"6.4"	"Handicap"	"2"	"10"	"Dennis, Phil"	"Bastiman, Rebecca"	"6f "	"5"	"7"	"8"	"11"
"18:35:00"	"2019-07-13"	"Hamilton"	"Tadaany (IRE)"	"20.00"	"24.76"	"Handicap"	"4"	"10"	"James, S H"	"Carr, Mrs R A"	"6f "	"5"	"10"	"16"	"18"
"18:35:00"	"2019-07-13"	"Hamilton"	"Gilmer (IRE)"	"10.00"	"13.18"	"Handicap"	"6"	"10"	"Shaw, Harrison"	"Keniry, Stef"	"6f "	"5"	"5"	"6"	"12"
"18:20:00"	"2019-07-13"	"Salisbury"	"Storm Melody"	"5.00"	"7.4"	"Handicap"	"1"	"8"	"Marquand, Tom"	"Stronge, Ali"	"6f "	"5"	"10"	"1"	"10"
"18:20:00"	"2019-07-13"	"Salisbury"	"Delagate This Lord"	"2.75"	"4.46"	"Handicap"	"2"	"8"	"Bennett, Charlie"	"Attwater, M J"	"6f "	"5"	"10"	"1"	"9"
"18:20:00"	"2019-07-13"	"Salisbury"	"Dr Doro (IRE)"	"8.50"	"10.83"	"Handicap"	"3"	"8"	"McDonald, P J"	"Williams, Ian"	"6f "	"5"	"9"	"7"	"7"
"18:05:00"	"2019-07-13"	"Hamilton"	"Debawtry (IRE)"	"3.00"	"4.4"	"Handicap"	"2"	"11"	"James, S H"	"Makin, Phillip"	"5f "	"5"	"7"	"6"	"11"
"18:05:00"	"2019-07-13"	"Hamilton"	"Shepherds Purse"	"6.00"	"8.47"	"Handicap"	"4"	"11"	"Sullivan, James P"	"Carr, Mrs R A"	"5f "	"5"	"7"	"4"	"9"
"18:05:00"	"2019-07-13"	"Hamilton"	"Camanche Grey (IRE)"	"80.00"	"262.53"	"Handicap"	"8"	"11"	"Santos, Victor"	"Egerton, Lucinda"	"5f "	"5"	"10"	"3"	"8"
"18:05:00"	"2019-07-13"	"Hamilton"	"Our Place In Loule"	"33.00"	"43.91"	"Handicap"	"11"	"11"	"Dennis, Phil"	"Wilson, N"	"5f "	"5"	"6"	"4"	"5"
"17:10:00"	"2019-07-13"	"Ascot"	"Breanski"	"2.75"	"3.85"	"Handicap"	"1"	"10"	"Marsh, Finley"	"OKeeffe, Jedd"	"7f "	"4"	"1"	"3"	"11"
"15:05:00"	"2019-07-13"	"Navan"	"Little Clarinet (IRE)"	"5.00"	"6.65"	"Handicap"	"2"	"15"	"OBrien, Donnacha"	"OBrien, Joseph Patrick"	"5f "	"0"	"7"	"4"	"15"
"15:05:00"	"2019-07-13"	"Navan"	"Pillar"	"16.00"	"32.85"	"Handicap"	"6"	"15"	"Foley, Shane"	"McGuinness, Adrian"	"5f "	"0"	"8"	"10"	"15"
"15:05:00"	"2019-07-13"	"Navan"	"Gopsies Daughter (IRE)"	"7.50"	"9.6"	"Handicap"	"7"	"15"	"Leonard, Killian"	"Hogan, Denis Gerard"	"5f "	"0"	"8"	"4"	"15"
"15:05:00"	"2019-07-13"	"Navan"	"Captain Power (IRE)"	"25.00"	"120"	"Handicap"	"9"	"15"	"Halpin, G P"	"Elliott, Gordon"	"5f "	"0"	"8"	"14"	"15"
"15:05:00"	"2019-07-13"	"Navan"	"Blue Suede (IRE)"	"66.00"	"210"	"Handicap"	"15"	"15"	"Cleary, R P"	"Watson, R K"	"5f "	"0"	"8"	"15"	"15"
"20:40:00"	"2019-07-12"	"Chepstow"	"Bayards Cove"	"25.00"	"36.6"	"Handicap"	"4"	"13"	"Elliott, Jane"	"Kittow, W S"	"7f "	"6"	"9"	"5"	"10"
"20:40:00"	"2019-07-12"	"Chepstow"	"Seaforth (IRE)"	"33.00"	"60"	"Handicap"	"12"	"13"	"Marsh, Finley"	"Wintle, A"	"7f "	"6"	"10"	"11"	"17"
"19:05:00"	"2019-07-12"	"Chepstow"	"Mooroverthebridge"	"12.00"	"16"	"Handicap"	"8"	"10"	"Whelan, Trevor"	"Harris, Miss G"	"1m "	"5"	"9"	"6"	"10"
"17:45:00"	"2019-07-12"	"Ascot"	"Star Shield"	"3.00"	"4.1"	"Handicap"	"1"	"11"	"McCullagh, Scott"	"OMeara, D"	"1m "	"4"	"8"	"2"	"8"
"17:10:00"	"2019-07-12"	"Ascot"	"Normandy Barriere (IRE)"	"4.50"	"6.4"	"Handicap"	"2"	"10"	"Clifton, Izzy"	"Tinkler, N"	"6f "	"3"	"6"	"3"	"12"
"16:45:00"	"2019-07-12"	"Newmarket (July)"	"Tommy Taylor (USA)"	"8.00"	"12.6"	"Handicap"	"5"	"13"	"Moore, Ryan"	"Ryan, K A"	"7f "	"3"	"3"	"4"	"8"
"16:45:00"	"2019-07-12"	"Newmarket (July)"	"Rum Runner"	"16.00"	"34.18"	"Handicap"	"12"	"13"	"Queally, T P"	"Hannon (Jnr), Richard"	"7f "	"3"	"6"	"10"	"13"
"17:55:00"	"2019-07-11"	"Carlisle"	"Tarnhelm"	"1.10"	"2.25"	"Handicap"	"1"	"9"	"Pindar, Rhonda"	"Storey, W"	"6f "	"6"	"5"	"1"	"8"
"17:55:00"	"2019-07-11"	"Carlisle"	"Cardaw Lily (IRE)"	"6.00"	"7.81"	"Handicap"	"7"	"9"	"Sullivan, James P"	"Carr, Mrs R A"	"6f "	"6"	"5"	"7"	"10"
"17:40:00"	"2019-07-11"	"Newbury"	"Luna Magic"	"1.75"	"2.85"	"Handicap"	"2"	"12"	"Smith, Becky"	"Watson, Archie"	"1m "	"5"	"5"	"2"	"12"
"17:40:00"	"2019-07-11"	"Newbury"	"Anif (IRE)"	"6.00"	"8.4"	"Handicap"	"7"	"12"	"Thomas, Mr Philip"	"Evans, P D"	"1m "	"5"	"7"	"3"	"11"
"17:40:00"	"2019-07-11"	"Newbury"	"Letsbe Avenue (IRE)"	"12.00"	"15.62"	"Handicap"	"10"	"12"	"Walker, Mr S"	"Hannon (Jnr), Richard"	"1m "	"5"	"8"	"5"	"10"
"17:20:00"	"2019-07-11"	"Carlisle"	"Leeshaan (IRE)"	"4.00"	"5.1"	"Handicap"	"3"	"10"	"Edmunds, Lewis"	"Bastiman, Rebecca"	"6f "	"6"	"3"	"7"	"16"
"17:20:00"	"2019-07-11"	"Carlisle"	"Picks Pinta"	"5.00"	"6.41"	"Handicap"	"4"	"10"	"Russell, Harry"	"Riches, John"	"6f "	"6"	"9"	"2"	"12"
"17:20:00"	"2019-07-11"	"Carlisle"	"Carlovian"	"8.00"	"11"	"Handicap"	"5"	"10"	"Costello, Dougie"	"Walford, Mark"	"6f "	"6"	"8"	"9"	"18"
"16:15:00"	"2019-07-11"	"Carlisle"	"Only Spoofing (IRE)"	"2.00"	"3.17"	"Handicap"	"1"	"7"	"Lee, G"	"OKeeffe, Jedd"	"5f "	"4"	"5"	"1"	"9"
"16:15:00"	"2019-07-11"	"Carlisle"	"Afandem (IRE)"	"5.00"	"6.65"	"Handicap"	"2"	"7"	"Redmond, D M"	"Easterby, T D"	"5f "	"4"	"5"	"2"	"11"
"16:15:00"	"2019-07-11"	"Carlisle"	"Jack The Truth (IRE)"	"1.63"	"2.58"	"Handicap"	"4"	"7"	"Beasley, Connor"	"Scott, George"	"5f "	"4"	"7"	"1"	"9"
"15:55:00"	"2019-07-11"	"Doncaster"	"Red Stripes (USA)"	"12.00"	"17.53"	"Handicap"	"6"	"9"	"Schofield, Kieran"	"Williamson, Mrs L"	"5f "	"5"	"7"	"3"	"11"
"17:20:00"	"2019-07-10"	"Yarmouth"	"Letmestopyouthere (IRE)"	"8.00"	"10.37"	"Handicap"	"3"	"9"	"Morris, Luke"	"Watson, Archie"	"7f "	"6"	"8"	"7"	"17"
"17:20:00"	"2019-07-10"	"Yarmouth"	"Agent Of Fortune"	"12.00"	"15.47"	"Handicap"	"4"	"9"	"Quinn, Jimmy"	"Dunnett, Mrs C A"	"7f "	"6"	"6"	"9"	"13"
"15:40:00"	"2019-07-10"	"Lingfield"	"Jeopardy John"	"20.00"	"32"	"Handicap Seller"	"9"	"9"	"McCullagh, Scott"	"Attwater, M J"	"7f "	"6"	"9"	"4"	"5"
"14:20:00"	"2019-07-10"	"Yarmouth"	"Magical Ride"	"0.91"	"2.02"	"Handicap"	"4"	"7"	"Kirrane, Sean"	"Spencer, Richard"	"1m "	"6"	"6"	"1"	"13"
"15:30:00"	"2019-07-08"	"Ayr"	"Arecibo (FR)"	"7.00"	"9.51"	"Handicap"	"1"	"7"	"Tudhope, Daniel"	"OMeara, D"	"5f "	"3"	"9"	"8"	"12"
"15:30:00"	"2019-07-08"	"Ayr"	"Harome (IRE)"	"1.50"	"2.5"	"Handicap"	"2"	"7"	"Curtis, B A"	"Fell, R / Murray, S"	"5f "	"3"	"1"	"1"	"5"
"15:30:00"	"2019-07-08"	"Ayr"	"Oriental Lilly"	"12.00"	"17.69"	"Handicap"	"5"	"7"	"Dennis, Phil"	"Goldie, J S"	"5f "	"3"	"10"	"4"	"9"
"15:00:00"	"2019-07-08"	"Ayr"	"Burmese Blazer (IRE)"	"20.00"	"28"	"Handicap"	"3"	"6"	"Davis, Sean"	"Goldie, J S"	"6f "	"5"	"1"	"10"	"15"
"14:30:00"	"2019-07-08"	"Ayr"	"Kodicat (IRE)"	"6.50"	"7.7"	"Handicap"	"2"	"16"	"Stott, Kevin"	"Ryan, K A"	"6f "	"6"	"10"	"5"	"14"
"14:30:00"	"2019-07-08"	"Ayr"	"Spirit of Zebedee (IRE)"	"5.00"	"6.4"	"Handicap"	"4"	"16"	"Hart, Jason"	"Quinn, J J"	"6f "	"6"	"5"	"6"	"18"
"14:30:00"	"2019-07-08"	"Ayr"	"Hello Girl"	"3.50"	"5.1"	"Handicap"	"6"	"16"	"Scott, Rowan"	"Tinkler, N"	"6f "	"6"	"9"	"1"	"14"
"14:30:00"	"2019-07-08"	"Ayr"	"Henriettas Dream"	"50.00"	"130.25"	"Handicap"	"16"	"16"	"Eaves, Tom"	"Wainwright, J S"	"6f "	"6"	"9"	"6"	"14"
"17:15:00"	"2019-07-07"	"Ayr"	"Mr Greenlight"	"3.50"	"5"	"Handicap"	"5"	"15"	"Easterby, Miss E"	"Easterby, T D"	"5f "	"6"	"2"	"2"	"16"
"17:15:00"	"2019-07-07"	"Ayr"	"Zizum"	"100.00"	"598.08"	"Handicap"	"12"	"15"	"Cagney, Eireann"	"Berry, A"	"5f "	"6"	"9"	"10"	"10"
"17:15:00"	"2019-07-07"	"Ayr"	"Raise A Billion"	"66.00"	"190"	"Handicap"	"13"	"15"	"Hamblett, Liam"	"Berry, A"	"5f "	"6"	"4"	"4"	"5"
"15:35:00"	"2019-07-07"	"Ayr"	"Nibras Again"	"1.75"	"3.08"	"Handicap"	"2"	"5"	"Lee, G"	"Midgley, P T"	"5.5f "	"4"	"8"	"1"	"19"
"19:00:00"	"2019-07-06"	"Carlisle"	"Afandem (IRE)"	"10.00"	"14.5"	"Handicap"	"2"	"11"	"Redmond, D M"	"Easterby, T D"	"5f "	"5"	"9"	"3"	"10"
"19:00:00"	"2019-07-06"	"Carlisle"	"Davids Beauty (IRE)"	"16.00"	"21"	"Handicap"	"3"	"11"	"Mulrennan, Paul"	"Baugh, B P J"	"5f "	"5"	"10"	"9"	"15"
"18:00:00"	"2019-07-06"	"Carlisle"	"Suitcase n Taxi"	"5.00"	"7.2"	"Handicap"	"3"	"8"	"Redmond, D M"	"Easterby, T D"	"6f "	"5"	"3"	"8"	"18"
"17:00:00"	"2019-07-06"	"Haydock"	"Gabrial The Devil (IRE)"	"2.75"	"4.44"	"Handicap"	"1"	"12"	"Hanagan, Paul"	"Fahey, R A"	"6f "	"4"	"7"	"2"	"10"
"17:00:00"	"2019-07-06"	"Haydock"	"Roundhay Park"	"4.00"	"5.15"	"Handicap"	"2"	"12"	"Scott, Rowan"	"Tinkler, N"	"6f "	"4"	"7"	"3"	"10"
"17:00:00"	"2019-07-06"	"Haydock"	"Saluti (IRE)"	"10.00"	"15"	"Handicap"	"5"	"12"	"Dobbs, Pat"	"Midgley, P T"	"6f "	"4"	"9"	"6"	"12"
"17:00:00"	"2019-07-06"	"Haydock"	"Buccaneers Vault (IRE)"	"18.00"	"19.89"	"Handicap"	"8"	"12"	"Stott, Kevin"	"Midgley, P T"	"6f "	"4"	"7"	"6"	"10"
"15:55:00"	"2019-07-06"	"Naas"	"Julias Magic (IRE)"	"0.90"	"1.99"	"Non-Handicap"	"4"	"6"	"Orr, Oisin"	"Foster, Mrs Denise"	"5f "	"0"	"7"	"7"	"12"
"15:55:00"	"2019-07-06"	"Naas"	"Mistress Of Venice"	"12.00"	"16.28"	"Non-Handicap"	"5"	"6"	"Colgan, R C"	"Condon, K J"	"5f "	"0"	"7"	"11"	"12"
"15:40:00"	"2019-07-06"	"Leicester"	"Wahash (IRE)"	"7.00"	"9.31"	"Handicap"	"7"	"10"	"Marquand, Tom"	"Hannon (Jnr), Richard"	"7f "	"3"	"10"	"6"	"9"
"15:40:00"	"2019-07-06"	"Leicester"	"Al Erayg (IRE)"	"7.50"	"10.22"	"Handicap"	"8"	"10"	"Richardson, Rachel"	"Easterby, T D"	"7f "	"3"	"10"	"10"	"16"
"15:20:00"	"2019-07-06"	"Naas"	"Dash Dor (IRE)"	"6.00"	"8.85"	"Handicap"	"3"	"7"	"Hoban, Connor"	"Cotter, Kieran P"	"6f "	"0"	"9"	"12"	"16"
"15:20:00"	"2019-07-06"	"Naas"	"Time Stands Still"	"9.00"	"12.06"	"Handicap"	"5"	"7"	"Byrne, Willie"	"Martin, W J"	"6f "	"0"	"7"	"10"	"16"
"15:10:00"	"2019-07-06"	"Beverley"	"Only Spoofing (IRE)"	"3.00"	"4.5"	"Handicap"	"1"	"9"	"Lee, G"	"OKeeffe, Jedd"	"5f "	"4"	"9"	"3"	"7"
"15:10:00"	"2019-07-06"	"Beverley"	"War Whisper (IRE)"	"3.00"	"4.57"	"Handicap"	"2"	"9"	"Mulrennan, Paul"	"Midgley, P T"	"5f "	"4"	"7"	"6"	"19"
"15:10:00"	"2019-07-06"	"Beverley"	"East Street Revue"	"7.50"	"11"	"Handicap"	"3"	"9"	"Fentiman, Duran"	"Easterby, T D"	"5f "	"4"	"7"	"17"	"19"
"15:10:00"	"2019-07-06"	"Beverley"	"Computable"	"22.00"	"34"	"Handicap"	"7"	"9"	"Allan, David"	"Easterby, T D"	"5f "	"4"	"7"	"8"	"11"
"14:45:00"	"2019-07-06"	"Naas"	"Ten Joys (IRE)"	"33.00"	"91.64"	"Handicap"	"5"	"15"	"Curran, D N"	"Hayden, J C"	"6f "	"0"	"10"	"9"	"22"
"14:45:00"	"2019-07-06"	"Naas"	"Downtown Diva (IRE)"	"14.00"	"25"	"Handicap"	"6"	"15"	"Byrne, Willie"	"Keatley, Adrian Paul"	"6f "	"0"	"1"	"8"	"15"
"14:45:00"	"2019-07-06"	"Naas"	"Bellick"	"8.00"	"9.4"	"Handicap"	"7"	"15"	"Slattery, A J"	"McConnell, John C"	"6f "	"0"	"10"	"5"	"22"
"20:20:00"	"2019-07-05"	"Beverley"	"Ginger Jam"	"1.50"	"2.74"	"Handicap"	"1"	"16"	"Clifton, Izzy"	"Tinkler, N"	"5f "	"6"	"10"	"1"	"15"
"20:20:00"	"2019-07-05"	"Beverley"	"Indian Pursuit (IRE)"	"7.00"	"9.86"	"Handicap"	"3"	"16"	"Downey, R P"	"Quinn, J J"	"5f "	"6"	"2"	"2"	"18"
"20:20:00"	"2019-07-05"	"Beverley"	"Encoded (IRE)"	"40.00"	"90.07"	"Handicap"	"8"	"16"	"McGovern, C J"	"Siddall, Miss L C"	"5f "	"6"	"10"	"15"	"15"
"18:45:00"	"2019-07-05"	"Bellewstown"	"Dance Alone"	"4.00"	"5.41"	"Handicap"	"11"	"15"	"Hayes, C D"	"English, Damian Joseph"	"5f "	"0"	"2"	"2"	"15"
"13:50:00"	"2019-07-05"	"Sandown"	"Leo Minor (USA)"	"8.00"	"9.91"	"Handicap"	"3"	"7"	"Watson, Jason"	"Cowell, R M H"	"5f "	"3"	"8"	"4"	"9"
"13:50:00"	"2019-07-05"	"Sandown"	"Beyond Equal"	"2.50"	"3.71"	"Handicap"	"6"	"7"	"Kelly, Shane"	"Kittow, W S"	"5f "	"3"	"9"	"1"	"12"
"20:00:00"	"2019-07-04"	"Newbury"	"Dr Doro (IRE)"	"8.00"	"13.38"	"Handicap"	"7"	"7"	"Watson, Jason"	"Williams, Ian"	"6f "	"4"	"8"	"4"	"7"
"17:45:00"	"2019-07-04"	"Newbury"	"Jack The Truth (IRE)"	"1.38"	"2.51"	"Handicap"	"1"	"9"	"Cronin, S C"	"Scott, George"	"5f "	"5"	"7"	"1"	"9"
"17:45:00"	"2019-07-04"	"Newbury"	"Flowing Clarets"	"20.00"	"26.74"	"Handicap"	"9"	"9"	"Eley, T"	"Bridger, J / Cook, R"	"5f "	"5"	"5"	"7"	"9"
"17:00:00"	"2019-07-04"	"Haydock"	"Dapper Man (IRE)"	"0.91"	"2.07"	"Handicap"	"1"	"11"	"Villiers, Angus"	"Fell, R / Murray, S"	"5f "	"5"	"7"	"1"	"7"
"17:00:00"	"2019-07-04"	"Haydock"	"Red Stripes (USA)"	"16.00"	"29.47"	"Handicap"	"3"	"11"	"Schofield, Kieran"	"Williamson, Mrs L"	"5f "	"5"	"2"	"3"	"12"
"17:00:00"	"2019-07-04"	"Haydock"	"Boudica Bay (IRE)"	"4.50"	"6.4"	"Handicap"	"6"	"11"	"McCain, Miss Ella"	"Alston, E J"	"5f "	"5"	"7"	"4"	"10"
"17:00:00"	"2019-07-04"	"Haydock"	"Brandy Station (IRE)"	"20.00"	"28.38"	"Handicap"	"7"	"11"	"Carver, William"	"Williamson, Mrs L"	"5f "	"5"	"5"	"7"	"11"
"17:00:00"	"2019-07-04"	"Haydock"	"Q Twenty Boy (IRE)"	"7.00"	"9.24"	"Handicap"	"8"	"11"	"MacRedmond, Cian"	"Usher, M D I"	"5f "	"5"	"9"	"6"	"14"
"16:20:00"	"2019-07-04"	"Yarmouth"	"Magical Ride"	"0.62"	"1.62"	"Handicap"	"1"	"13"	"Kirrane, Sean"	"Spencer, Richard"	"7f "	"6"	"6"	"1"	"14"
"15:50:00"	"2019-07-04"	"Yarmouth"	"Star Shield"	"2.50"	"3.74"	"Handicap"	"2"	"8"	"Nolan, D"	"OMeara, D"	"1m "	"5"	"6"	"1"	"12"
"15:50:00"	"2019-07-04"	"Yarmouth"	"Waqt (IRE)"	"6.50"	"8.6"	"Handicap"	"5"	"8"	"Ryan, Rossa"	"Dunn, Mrs Alex"	"1m "	"5"	"9"	"2"	"13"
"17:00:00"	"2019-07-03"	"Musselburgh"	"Desert Ace (IRE)"	"4.50"	"6.51"	"Seller"	"1"	"5"	"Stott, Kevin"	"Midgley, P T"	"5f "	"5"	"7"	"15"	"15"
"17:00:00"	"2019-07-03"	"Musselburgh"	"Billy Dylan (IRE)"	"1.00"	"2.16"	"Seller"	"5"	"5"	"Nolan, D"	"OMeara, D"	"5f "	"5"	"4"	"5"	"11"
"16:40:00"	"2019-07-03"	"Thirsk"	"Wentworth Falls"	"3.00"	"4.47"	"Handicap"	"3"	"9"	"James, S H"	"Harker, G A"	"6f "	"3"	"4"	"5"	"18"
"15:40:00"	"2019-07-03"	"Thirsk"	"Carlovian"	"33.00"	"60"	"Handicap"	"9"	"18"	"Costello, Dougie"	"Walford, Mark"	"6f "	"6"	"10"	"7"	"12"
"15:40:00"	"2019-07-03"	"Thirsk"	"Viking Way (IRE)"	"6.50"	"8.2"	"Handicap"	"14"	"18"	"Mitchell, Jack"	"Williams, Olly"	"6f "	"6"	"8"	"6"	"15"
"19:00:00"	"2019-07-02"	"Chepstow"	"Aquadabra (IRE)"	"7.00"	"9.4"	"Handicap"	"4"	"17"	"Shepherd, Callum"	"Mason, Christopher"	"6f "	"6"	"8"	"2"	"14"
"19:00:00"	"2019-07-02"	"Chepstow"	"Wild Flower (IRE)"	"8.00"	"10.5"	"Handicap"	"5"	"17"	"Shoemark, Kieran"	"Fox, J C"	"6f "	"6"	"8"	"3"	"14"
"19:00:00"	"2019-07-02"	"Chepstow"	"Fantasy Justifier (IRE)"	"12.00"	"15.58"	"Handicap"	"6"	"17"	"Probert, David"	"Harris, R A"	"6f "	"6"	"8"	"13"	"16"
"19:00:00"	"2019-07-02"	"Chepstow"	"Letmestopyouthere (IRE)"	"3.50"	"5.33"	"Handicap"	"7"	"17"	"Doyle, Hollie"	"Watson, Archie"	"6f "	"6"	"10"	"12"	"15"
"19:00:00"	"2019-07-02"	"Chepstow"	"Alfies Angel (IRE)"	"25.00"	"44.65"	"Handicap"	"14"	"17"	"Norton, Francis"	"Bradley, J M"	"6f "	"6"	"8"	"16"	"16"
"19:00:00"	"2019-07-02"	"Chepstow"	"Picc And Go"	"66.00"	"193.57"	"Handicap"	"15"	"17"	"Kneller, Miss R"	"Salaman, M"	"6f "	"6"	"8"	"10"	"14"
"18:00:00"	"2019-07-02"	"Chepstow"	"Air Of York (IRE)"	"10.00"	"11.5"	"Handicap"	"5"	"11"	"McCullagh, Scott"	"Flint, J L"	"7f "	"5"	"8"	"8"	"16"
"17:15:00"	"2019-07-02"	"Hamilton"	"Paddy Power (IRE)"	"2.50"	"3.93"	"Handicap"	"3"	"5"	"Davis, Sean"	"Fahey, R A"	"6f "	"4"	"3"	"16"	"18"
"20:45:00"	"2019-06-29"	"Lingfield"	"Foreign Legion (IRE)"	"8.00"	"11"	"Handicap"	"2"	"16"	"Mackay, Nicky"	"McJannet, Luke"	"7f "	"6"	"7"	"8"	"11"
"20:45:00"	"2019-06-29"	"Lingfield"	"Raise A Little Joy"	"50.00"	"269.77"	"Handicap"	"16"	"16"	"Brock, Danny"	"Jenkins, J R"	"7f "	"6"	"9"	"5"	"7"
"19:15:00"	"2019-06-29"	"Lingfield"	"Peggie Sue"	"5.50"	"6.8"	"Handicap"	"1"	"4"	"Currie, Nicola"	"West, Adam"	"5f "	"4"	"7"	"5"	"8"
"18:45:00"	"2019-06-29"	"Lingfield"	"Roundabout Magic (IRE)"	"16.00"	"23.68"	"Handicap"	"4"	"9"	"Mackay, Nicky"	"Dow, S"	"5f "	"5"	"9"	"5"	"10"
"18:30:00"	"2019-06-29"	"Doncaster"	"Cominginonmonday (IRE)"	"33.00"	"170.7"	"Maiden"	"8"	"11"	"Winston, Robert"	"Brisland, Robyn"	"6f "	"5"	"7"	"9"	"12"
"17:25:00"	"2019-06-29"	"Doncaster"	"Athollblair Boy (IRE)"	"9.00"	"14.46"	"Handicap"	"1"	"11"	"Clifton, Izzy"	"Tinkler, N"	"7f "	"4"	"7"	"3"	"10"
"17:05:00"	"2019-06-29"	"York"	"Nibras Again"	"8.00"	"11.61"	"Handicap"	"1"	"19"	"Moore, Joshua"	"Midgley, P T"	"5f "	"3"	"2"	"2"	"9"
"17:05:00"	"2019-06-29"	"York"	"Excessable"	"12.00"	"22"	"Handicap"	"2"	"19"	"Hamilton, Jamie"	"Easterby, T D"	"5f "	"3"	"7"	"3"	"10"
"19:55:00"	"2019-06-28"	"Newmarket (July)"	"Restless Rose"	"4.00"	"5.26"	"Handicap"	"3"	"6"	"McEvoy, Kerrin"	"Williams, S C"	"6f "	"3"	"8"	"5"	"10"
"17:20:00"	"2019-06-28"	"Yarmouth"	"Magical Ride"	"1.50"	"2.62"	"Handicap"	"1"	"14"	"Kirby, Adam"	"Spencer, Richard"	"1m "	"6"	"6"	"2"	"15"
"17:20:00"	"2019-06-28"	"Yarmouth"	"Coachella (IRE)"	"14.00"	"20.3"	"Handicap"	"4"	"14"	"Cronin, S C"	"De Giles, Ed"	"1m "	"6"	"10"	"2"	"14"
"21:05:00"	"2019-06-27"	"Hamilton"	"Epeius (IRE)"	"4.50"	"6.68"	"Handicap"	"2"	"8"	"Mullen, Andrew"	"Haslam, B M R"	"6f "	"5"	"8"	"2"	"7"
"21:05:00"	"2019-06-27"	"Hamilton"	"Mujassam"	"2.25"	"3.47"	"Handicap"	"3"	"8"	"Nolan, D"	"OMeara, D"	"6f "	"5"	"6"	"1"	"11"
"21:05:00"	"2019-06-27"	"Hamilton"	"Mr Wagyu (IRE)"	"4.00"	"5.2"	"Handicap"	"6"	"8"	"Stott, Kevin"	"Quinn, J J"	"6f "	"5"	"8"	"4"	"7"
"17:55:00"	"2019-06-27"	"Leicester"	"Peachey Carnehan"	"25.00"	"55"	"Handicap"	"8"	"14"	"Mullineaux, Miss M"	"Mullineaux, M"	"7f "	"5"	"10"	"6"	"10"
"17:30:00"	"2019-06-27"	"Newmarket (July)"	"Hawaam (IRE)"	"4.50"	"6.2"	"Handicap"	"5"	"9"	"Noble, Cameron"	"Fell, R / Murray, S"	"5f "	"4"	"10"	"2"	"7"
"17:00:00"	"2019-06-27"	"Newmarket (July)"	"Chevallier"	"40.00"	"145.29"	"Handicap"	"9"	"13"	"Hornby, Rob"	"Attwater, M J"	"1m "	"4"	"10"	"7"	"11"
"16:50:00"	"2019-06-27"	"Nottingham"	"Atyaaf"	"8.00"	"8.94"	"Handicap"	"5"	"10"	"Mathers, Patrick"	"Shaw, D"	"5f "	"5"	"5"	"4"	"14"
"18:30:00"	"2019-06-26"	"Naas"	"Powersville (IRE)"	"5.00"	"6.4"	"Handicap"	"2"	"22"	"Foley, Shane"	"Mullins, Thomas"	"6f "	"0"	"8"	"1"	"10"
"18:30:00"	"2019-06-26"	"Naas"	"Rag Tatter"	"20.00"	"29"	"Handicap"	"17"	"22"	"Crosse, Nathan"	"Murray, Joseph Anthony"	"6f "	"0"	"8"	"12"	"14"
"20:45:00"	"2019-06-25"	"Newbury"	"Wiff Waff"	"25.00"	"38"	"Handicap"	"8"	"14"	"Kelly, Shane"	"Gordon, C"	"6f "	"5"	"10"	"6"	"10"
"20:15:00"	"2019-06-25"	"Newbury"	"Sir Roderic (IRE)"	"7.00"	"9.79"	"Handicap"	"2"	"18"	"Mosse, G"	"Millman, B R"	"7f "	"5"	"8"	"2"	"11"
"17:00:00"	"2019-06-25"	"Beverley"	"Astrophysics"	"20.00"	"29"	"Handicap"	"3"	"15"	"Sanderson, Benjamin"	"Siddall, Miss L C"	"5f "	"6"	"5"	"8"	"8"
"17:00:00"	"2019-06-25"	"Beverley"	"Le Manege Enchante (IRE)"	"25.00"	"35.1"	"Handicap"	"5"	"15"	"Beech, Aled J"	"Shaw, D"	"5f "	"6"	"7"	"13"	"17"
"17:00:00"	"2019-06-25"	"Beverley"	"Optimickstickhill"	"6.50"	"8.6"	"Handicap"	"8"	"15"	"Hogan, D E"	"Dixon, Scott"	"5f "	"6"	"7"	"7"	"17"
"17:00:00"	"2019-06-24"	"Chepstow"	"Bluella"	"9.00"	"13.1"	"Handicap"	"7"	"14"	"Probert, David"	"Brisland, Robyn"	"5f "	"6"	"7"	"2"	"13"
"17:00:00"	"2019-06-24"	"Chepstow"	"Red Allure"	"5.00"	"7"	"Handicap"	"11"	"14"	"Mullen, Andrew"	"Mullineaux, M"	"5f "	"6"	"7"	"11"	"17"
"16:30:00"	"2019-06-24"	"Chepstow"	"Somewhere Secret"	"6.00"	"7.86"	"Handicap"	"1"	"16"	"Mullen, Andrew"	"Mullineaux, M"	"6f "	"6"	"7"	"3"	"17"
"15:00:00"	"2019-06-24"	"Chepstow"	"Mottaham (FR)"	"200.00"	"1000"	"Novices"	"7"	"10"	"Sweeney, Fergus"	"Williams, Christian"	"1m "	"5"	"7"	"12"	"12"
"14:35:00"	"2019-06-23"	"Tipperary"	"Straffan (IRE)"	"7.00"	"8.35"	"Handicap"	"5"	"15"	"Roche, L F"	"Casey, Francis"	"5f "	"0"	"7"	"10"	"16"
"14:35:00"	"2019-06-23"	"Tipperary"	"May Remain"	"2.75"	"4.2"	"Handicap"	"10"	"15"	"Hayes, C D"	"Murphy, P J F"	"5f "	"0"	"5"	"2"	"14"
"14:35:00"	"2019-06-23"	"Tipperary"	"De Main Lady (IRE)"	"25.00"	"55"	"Handicap"	"12"	"15"	"Coen, Ben M"	"Slattery, Andrew"	"5f "	"0"	"9"	"8"	"15"
"14:35:00"	"2019-06-23"	"Tipperary"	"Comhghairdeas (IRE)"	"5.00"	"7.71"	"Handicap"	"13"	"15"	"Slattery, A J"	"Slattery, Andrew"	"5f "	"0"	"8"	"11"	"14"
"14:35:00"	"2019-06-23"	"Tipperary"	"Sarah Ash Calum (IRE)"	"33.00"	"75.16"	"Handicap"	"14"	"15"	"Curran, D N"	"Meany, P"	"5f "	"0"	"7"	"15"	"16"
"20:15:00"	"2019-06-22"	"Lingfield"	"Atalanta Queen"	"7.00"	"8.86"	"Handicap"	"6"	"15"	"Currie, Nicola"	"Brisland, Robyn"	"7f "	"6"	"10"	"3"	"7"
"20:15:00"	"2019-06-22"	"Lingfield"	"Letmestopyouthere (IRE)"	"9.00"	"14"	"Handicap"	"12"	"15"	"Leahy, Kate"	"Watson, Archie"	"7f "	"6"	"10"	"7"	"15"
"19:15:00"	"2019-06-22"	"Lingfield"	"Chica De La Noche"	"5.00"	"7.4"	"Handicap"	"5"	"6"	"Bentley, Harry"	"Dow, S"	"7.5f "	"4"	"6"	"2"	"8"
"19:00:00"	"2019-06-22"	"Haydock"	"Seen The Lyte (IRE)"	"4.50"	"7.98"	"Handicap"	"1"	"8"	"McManoman, Faye"	"Tinkler, N"	"5f "	"4"	"7"	"4"	"22"
"19:00:00"	"2019-06-22"	"Haydock"	"Celerity (IRE)"	"50.00"	"147.17"	"Handicap"	"8"	"8"	"Whittington, Elisha"	"Williamson, Mrs L"	"5f "	"4"	"4"	"11"	"17"
"17:55:00"	"2019-06-22"	"Redcar"	"Piazon"	"12.00"	"17"	"Handicap"	"2"	"14"	"Evans, Nathan"	"Brooke, Julia"	"5f "	"6"	"4"	"4"	"17"
"17:55:00"	"2019-06-22"	"Redcar"	"Groundworker (IRE)"	"3.00"	"4.96"	"Handicap"	"7"	"14"	"Doyle, Hollie"	"Midgley, P T"	"5f "	"6"	"10"	"1"	"12"
"17:55:00"	"2019-06-22"	"Redcar"	"Someone Exciting"	"5.50"	"7.74"	"Handicap"	"8"	"14"	"Shaw, Harrison"	"Thompson, D W"	"5f "	"6"	"10"	"5"	"12"
"17:55:00"	"2019-06-22"	"Redcar"	"Mightaswellsmile"	"25.00"	"48.54"	"Handicap"	"10"	"14"	"Scott, Rowan"	"Barr, R E"	"5f "	"6"	"5"	"13"	"13"
"17:55:00"	"2019-06-22"	"Redcar"	"One Boy (IRE)"	"12.00"	"18"	"Handicap"	"11"	"14"	"Downey, R P"	"Midgley, P T"	"5f "	"6"	"10"	"12"	"12"
"17:40:00"	"2019-06-22"	"Ayr"	"Upstaging"	"20.00"	"27"	"Handicap"	"2"	"10"	"McHugh, B"	"Wilson, N"	"6f "	"4"	"7"	"12"	"22"
"17:40:00"	"2019-06-22"	"Ayr"	"Another Angel (IRE)"	"16.00"	"25"	"Handicap"	"4"	"10"	"Hardie, Cameron"	"Brittain, Antony"	"6f "	"4"	"7"	"20"	"22"
"17:15:00"	"2019-06-22"	"Newmarket (July)"	"Foreign Legion (IRE)"	"20.00"	"25.29"	"Handicap"	"8"	"11"	"ONeill, K T"	"McJannet, Luke"	"6f "	"4"	"9"	"4"	"11"
"17:10:00"	"2019-06-22"	"Redcar"	"Glaceon (IRE)"	"4.00"	"5.5"	"Handicap Maiden"	"1"	"11"	"Evans, Nathan"	"Jackson, Miss T"	"1m "	"5"	"4"	"7"	"10"
"17:10:00"	"2019-06-22"	"Redcar"	"Fard"	"8.00"	"12"	"Handicap Maiden"	"4"	"11"	"Muir, Paula"	"Fell, R / Murray, S"	"1m "	"5"	"10"	"5"	"13"
"17:10:00"	"2019-06-22"	"Redcar"	"Lord Rob"	"33.00"	"103.99"	"Handicap Maiden"	"8"	"11"	"Ffrench, Royston"	"Thompson, D W"	"1m "	"5"	"1"	"9"	"16"
"14:40:00"	"2019-06-22"	"Redcar"	"Danielsflyer (IRE)"	"10.00"	"13.5"	"Handicap"	"9"	"12"	"Mullen, Andrew"	"Dods, M"	"7f "	"3"	"7"	"6"	"20"
"14:15:00"	"2019-06-22"	"Down Royal"	"Ty Rock Brandy (IRE)"	"11.00"	"13.5"	"Handicap"	"3"	"8"	"Coen, Ben M"	"McGuinness, Adrian"	"5f "	"0"	"8"	"10"	"10"
"14:15:00"	"2019-06-22"	"Down Royal"	"Teddy Boy (IRE)"	"2.75"	"4"	"Handicap"	"5"	"8"	"Egan, David"	"Lynam, Edward"	"5f "	"0"	"4"	"4"	"14"
"20:45:00"	"2019-06-21"	"Ayr"	"Shepherds Purse"	"3.50"	"5.27"	"Handicap"	"1"	"13"	"Sullivan, James P"	"Carr, Mrs R A"	"5f "	"5"	"3"	"10"	"17"
"20:45:00"	"2019-06-21"	"Ayr"	"Prestbury Park (USA)"	"5.00"	"7.4"	"Handicap"	"11"	"13"	"Lee, G"	"Midgley, P T"	"5f "	"5"	"10"	"7"	"15"
"17:05:00"	"2019-06-21"	"Newmarket (July)"	"Zodiakos (IRE)"	"5.50"	"7.26"	"Handicap"	"8"	"12"	"Sanderson, Benjamin"	"Fell, R / Murray, S"	"1m "	"5"	"9"	"1"	"7"
"17:05:00"	"2019-06-21"	"Newmarket (July)"	"Gulland Rock"	"50.00"	"200"	"Handicap"	"9"	"12"	"Francis, Isobel"	"Carson, Anthony"	"1m "	"5"	"8"	"5"	"11"
"15:55:00"	"2019-06-21"	"Redcar"	"Swift Emperor (IRE)"	"10.00"	"14.5"	"Handicap"	"5"	"10"	"Downey, R P"	"Barron, T D"	"1m "	"3"	"7"	"11"	"14"
"15:55:00"	"2019-06-21"	"Redcar"	"Give It Some Teddy"	"11.00"	"12.5"	"Handicap"	"7"	"10"	"Fentiman, Duran"	"Easterby, T D"	"1m "	"3"	"6"	"12"	"17"
"15:20:00"	"2019-06-21"	"Redcar"	"Tukhoom (IRE)"	"2.00"	"3.33"	"Claimer"	"1"	"16"	"Hart, Jason"	"Herrington,M "	"7f "	"5"	"3"	"3"	"11"
"15:20:00"	"2019-06-21"	"Redcar"	"Mutarakez (IRE)"	"14.00"	"17.5"	"Claimer"	"5"	"16"	"Davis, Sean"	"Carr, Mrs R A"	"7f "	"5"	"10"	"6"	"13"
"15:20:00"	"2019-06-21"	"Redcar"	"Dasheen"	"66.00"	"120"	"Claimer"	"8"	"16"	"Tutty, Gemma"	"Tutty, Mrs K J"	"7f "	"5"	"9"	"9"	"13"
"17:10:00"	"2019-06-20"	"Ripon"	"Cupids Arrow (IRE)"	"2.50"	"3.96"	"Handicap"	"1"	"8"	"Gormley, Jamie"	"Carr, Mrs R A"	"6f "	"5"	"7"	"2"	"7"
"17:10:00"	"2019-06-20"	"Ripon"	"Mutabaahy (IRE)"	"5.00"	"7.8"	"Handicap"	"2"	"8"	"Hardie, Cameron"	"Brittain, Antony"	"6f "	"5"	"9"	"4"	"15"
"17:10:00"	"2019-06-20"	"Ripon"	"Tadaany (IRE)"	"5.50"	"7.2"	"Handicap"	"4"	"8"	"Sullivan, James P"	"Carr, Mrs R A"	"6f "	"5"	"7"	"2"	"7"
"14:55:00"	"2019-06-19"	"Hamilton"	"Scuzeme"	"2.25"	"3.66"	"Handicap"	"5"	"7"	"James, S H"	"Makin, Phillip"	"6f "	"5"	"8"	"2"	"15"
"17:45:00"	"2019-06-18"	"Thirsk"	"Always Amazing"	"11.00"	"16.27"	"Handicap"	"6"	"17"	"Hart, Jason"	"Shaw, D"	"5f "	"6"	"5"	"6"	"7"
"17:45:00"	"2019-06-18"	"Thirsk"	"Shepherds Purse"	"3.00"	"4.31"	"Handicap"	"10"	"17"	"Sullivan, James P"	"Carr, Mrs R A"	"5f "	"6"	"8"	"2"	"12"
"17:45:00"	"2019-06-18"	"Thirsk"	"Celerity (IRE)"	"40.00"	"57.05"	"Handicap"	"11"	"17"	"Whittington, Elisha"	"Williamson, Mrs L"	"5f "	"6"	"3"	"10"	"14"
"15:20:00"	"2019-06-18"	"Thirsk"	"Sheepscar Lad (IRE)"	"6.50"	"7.98"	"Handicap"	"4"	"9"	"McManoman, Faye"	"Tinkler, N"	"6f "	"4"	"8"	"6"	"12"
"15:20:00"	"2019-06-18"	"Thirsk"	"Pennsylvania Dutch"	"5.50"	"7.21"	"Handicap"	"8"	"9"	"Davis, Sean"	"Ryan, K A"	"6f "	"4"	"9"	"1"	"10"
"19:40:00"	"2019-06-17"	"Windsor"	"Diamond Dougal (IRE)"	"8.00"	"10.72"	"Handicap"	"7"	"9"	"Probert, David"	"Channon, M R"	"6f "	"3"	"9"	"4"	"15"
"18:50:00"	"2019-06-17"	"Nottingham"	"National Glory (IRE)"	"11.00"	"13.5"	"Handicap"	"3"	"7"	"Morris, Luke"	"Watson, Archie"	"5f "	"5"	"9"	"3"	"9"
"18:50:00"	"2019-06-17"	"Nottingham"	"Global Melody"	"1.88"	"3.09"	"Handicap"	"4"	"7"	"McEntee, Grace"	"McEntee, P S"	"5f "	"5"	"4"	"4"	"7"
"17:15:00"	"2019-06-17"	"Catterick"	"Racquet"	"7.00"	"9.07"	"Handicap"	"8"	"13"	"Shaw, Harrison"	"Carr, Mrs R A"	"5f "	"6"	"5"	"8"	"12"
"15:00:00"	"2019-06-17"	"Carlisle"	"Somewhere Secret"	"10.00"	"13.5"	"Handicap"	"3"	"17"	"Mullen, Andrew"	"Mullineaux, M"	"6f "	"6"	"6"	"9"	"15"
"15:00:00"	"2019-06-17"	"Carlisle"	"Dirchill (IRE)"	"22.00"	"35.22"	"Handicap"	"4"	"17"	"Edmunds, Lewis"	"Thompson, D W"	"6f "	"6"	"6"	"14"	"15"
"15:00:00"	"2019-06-17"	"Carlisle"	"Ticks The Boxes (IRE)"	"2.50"	"3.87"	"Handicap"	"9"	"17"	"Schofield, Kieran"	"Ellison, B"	"6f "	"6"	"7"	"2"	"11"
"15:00:00"	"2019-06-17"	"Carlisle"	"JacobS Pillow"	"20.00"	"36"	"Handicap"	"13"	"17"	"Scott, Rowan"	"Bastiman, Rebecca"	"6f "	"6"	"7"	"3"	"11"
"17:20:00"	"2019-06-16"	"Salisbury"	"Youkan (IRE)"	"2.50"	"3.88"	"Handicap"	"2"	"7"	"Kirby, Adam"	"Kittow, W S"	"5f "	"4"	"7"	"5"	"10"
"15:55:00"	"2019-06-16"	"Doncaster"	"Camacho Chief (IRE)"	"2.25"	"3.85"	"Handicap"	"1"	"7"	"Mulrennan, Paul"	"Dods, M"	"5f "	"3"	"8"	"3"	"15"
"15:55:00"	"2019-06-16"	"Doncaster"	"Storm Over (IRE)"	"4.50"	"7.02"	"Handicap"	"6"	"7"	"Turner, Hayley"	"Scott, George"	"5f "	"3"	"6"	"3"	"6"
"17:15:00"	"2019-06-15"	"York"	"Galloway Hills"	"10.00"	"12.34"	"Handicap"	"1"	"22"	"Davis, Sean"	"Makin, Phillip"	"6f "	"4"	"9"	"3"	"11"
"17:15:00"	"2019-06-15"	"York"	"Music Society (IRE)"	"4.50"	"6.9"	"Handicap"	"2"	"22"	"Allan, David"	"Easterby, T D"	"6f "	"4"	"9"	"1"	"13"
"17:15:00"	"2019-06-15"	"York"	"Zumurud (IRE)"	"8.00"	"11.5"	"Handicap"	"5"	"22"	"Tudhope, Daniel"	"Bastiman, Rebecca"	"6f "	"4"	"9"	"2"	"11"
"17:15:00"	"2019-06-15"	"York"	"John Kirkup"	"6.50"	"8.53"	"Handicap"	"7"	"22"	"Beasley, Connor"	"Dods, M"	"6f "	"4"	"8"	"1"	"9"
"17:15:00"	"2019-06-15"	"York"	"Picketts Charge"	"50.00"	"154.04"	"Handicap"	"19"	"22"	"Robinson, Ben"	"Ellison, B"	"6f "	"4"	"8"	"11"	"11"
"14:35:00"	"2019-06-15"	"Sandown"	"Fantasy Keeper"	"1.63"	"2.72"	"Handicap"	"1"	"10"	"Sousa, Silvestre De"	"Appleby, M"	"5f "	"4"	"6"	"2"	"10"
"14:35:00"	"2019-06-15"	"Sandown"	"Secretfact"	"20.00"	"28"	"Handicap"	"5"	"10"	"Sweeney, Fergus"	"Saunders, M S"	"5f "	"4"	"8"	"5"	"13"
"18:20:00"	"2019-06-14"	"Cork"	"Dash Dor (IRE)"	"5.00"	"6.32"	"Handicap"	"3"	"10"	"Whelan, R P"	"Cotter, Kieran P"	"5f "	"0"	"10"	"1"	"7"
"18:20:00"	"2019-06-14"	"Cork"	"Gopsies Daughter (IRE)"	"5.50"	"7.43"	"Handicap"	"7"	"10"	"Persse, A C"	"Hogan, Denis Gerard"	"5f "	"0"	"6"	"5"	"16"
"17:40:00"	"2019-06-13"	"Yarmouth"	"Fitzrovia"	"25.00"	"25.35"	"Handicap"	"1"	"11"	"Cosgrave, Pat"	"De Giles, Ed"	"7f "	"6"	"10"	"12"	"12"
"17:40:00"	"2019-06-13"	"Yarmouth"	"Foreign Legion (IRE)"	"3.50"	"5.66"	"Handicap"	"4"	"11"	"Mackay, Nicky"	"McJannet, Luke"	"7f "	"6"	"6"	"4"	"12"
"16:20:00"	"2019-06-13"	"Nottingham"	"Tadaany (IRE)"	"1.50"	"2.79"	"Handicap"	"2"	"7"	"Garritty, Jack"	"Carr, Mrs R A"	"6f "	"6"	"8"	"2"	"15"
"16:20:00"	"2019-06-13"	"Nottingham"	"Caledonian Gold"	"9.00"	"11.66"	"Handicap"	"5"	"7"	"Ashton, Gavin"	"Williamson, Mrs L"	"6f "	"6"	"8"	"4"	"15"
"15:45:00"	"2019-06-13"	"Nottingham"	"Cupids Arrow (IRE)"	"4.50"	"5.8"	"Handicap"	"2"	"7"	"Garritty, Jack"	"Carr, Mrs R A"	"6f "	"6"	"10"	"7"	"15"
"15:45:00"	"2019-06-13"	"Nottingham"	"Global Melody"	"2.25"	"3.35"	"Handicap"	"4"	"7"	"Gordon, Josephine"	"McEntee, P S"	"6f "	"6"	"2"	"4"	"8"
"15:15:00"	"2019-06-13"	"Nottingham"	"Royal Residence"	"1.88"	"3.09"	"Handicap"	"UR"	"9"	"McDonald, P J"	"Tate, James"	"6f "	"3"	"5"	"2"	"6"
"21:00:00"	"2019-06-12"	"Hamilton"	"Camanche Grey (IRE)"	"25.00"	"30"	"Handicap"	"3"	"12"	"Santos, Victor"	"Egerton, Lucinda"	"5f "	"6"	"4"	"12"	"12"
"21:00:00"	"2019-06-12"	"Hamilton"	"Someone Exciting"	"4.00"	"5.4"	"Handicap"	"5"	"12"	"Shaw, Harrison"	"Thompson, D W"	"5f "	"6"	"9"	"11"	"15"
"21:00:00"	"2019-06-12"	"Hamilton"	"Racquet"	"5.00"	"6.79"	"Handicap"	"8"	"12"	"Sullivan, James P"	"Carr, Mrs R A"	"5f "	"6"	"6"	"3"	"14"
"20:30:00"	"2019-06-12"	"Hamilton"	"Air Raid"	"0.73"	"1.77"	"Handicap"	"1"	"6"	"Garritty, Jack"	"OKeeffe, Jedd"	"6f "	"4"	"6"	"1"	"11"
"20:30:00"	"2019-06-12"	"Hamilton"	"Global Spirit"	"2.50"	"4"	"Handicap"	"4"	"6"	"Curtis, B A"	"Fell, R / Murray, S"	"6f "	"4"	"1"	"6"	"15"
"17:30:00"	"2019-06-12"	"Hamilton"	"Queen Of Kalahari"	"7.00"	"8.6"	"Handicap"	"1"	"15"	"Harding, James"	"Eyre, J L"	"6f "	"6"	"7"	"2"	"15"
"17:30:00"	"2019-06-12"	"Hamilton"	"Magical Molly Joe"	"9.00"	"12"	"Handicap"	"11"	"15"	"Walton, Miss C"	"Barron, T D"	"6f "	"6"	"9"	"7"	"12"
"17:00:00"	"2019-06-12"	"Yarmouth"	"Brecqhou Island"	"8.00"	"10.98"	"Handicap"	"2"	"8"	"Francis, Isobel"	"Pattinson, Mark"	"1m "	"6"	"4"	"6"	"12"
"14:00:00"	"2019-06-12"	"Yarmouth"	"Viking Way (IRE)"	"4.00"	"6.59"	"Handicap"	"2"	"12"	"Mitchell, Jack"	"Williams, Olly"	"6f "	"6"	"7"	"1"	"15"
"14:00:00"	"2019-06-12"	"Yarmouth"	"Dubai Elegance"	"25.00"	"50.62"	"Handicap"	"6"	"12"	"Eaves, Tom"	"Shaw, D"	"6f "	"6"	"9"	"5"	"10"
"14:00:00"	"2019-06-12"	"Yarmouth"	"Mother of Dragons (IRE)"	"10.00"	"13.5"	"Handicap"	"11"	"12"	"Ryan, Rossa"	"McEntee, P S"	"6f "	"6"	"7"	"12"	"15"
"19:20:00"	"2019-06-11"	"Thirsk"	"Mutabaahy (IRE)"	"8.00"	"9.75"	"Handicap"	"4"	"15"	"Hardie, Cameron"	"Brittain, Antony"	"6f "	"5"	"4"	"2"	"9"
"19:20:00"	"2019-06-11"	"Thirsk"	"Somewhere Secret"	"9.00"	"11"	"Handicap"	"9"	"15"	"Mullen, Andrew"	"Mullineaux, M"	"6f "	"5"	"4"	"1"	"11"
"19:15:00"	"2019-06-10"	"Windsor"	"Tawny Port"	"3.50"	"5.6"	"Handicap"	"1"	"6"	"McDonald, P J"	"Williams, S C"	"5f "	"3"	"1"	"6"	"10"
"19:15:00"	"2019-06-10"	"Windsor"	"Just Glamorous (IRE)"	"4.00"	"5.14"	"Handicap"	"2"	"6"	"Noble, Cameron"	"Harris, Miss G"	"5f "	"3"	"9"	"11"	"19"
"19:15:00"	"2019-06-10"	"Windsor"	"Storm Over (IRE)"	"7.00"	"11.8"	"Handicap"	"3"	"6"	"Bentley, Harry"	"Scott, George"	"5f "	"3"	"10"	"3"	"10"
"19:15:00"	"2019-06-10"	"Windsor"	"Blue De Vega (GER)"	"4.50"	"6.44"	"Handicap"	"4"	"6"	"Watson, Jason"	"Cowell, R M H"	"5f "	"3"	"9"	"3"	"19"
"19:15:00"	"2019-06-10"	"Windsor"	"Ice Age (IRE)"	"2.50"	"3.49"	"Handicap"	"6"	"6"	"Bishop, Charles"	"Houghton, Eve Johnson"	"5f "	"3"	"5"	"2"	"11"
"16:10:00"	"2019-06-09"	"Goodwood"	"Youkan (IRE)"	"5.50"	"7.92"	"Handicap"	"5"	"10"	"McDonald, P J"	"Kittow, W S"	"6f "	"4"	"3"	"9"	"11"
"21:00:00"	"2019-06-08"	"Chepstow"	"Glyder"	"3.50"	"5.26"	"Handicap"	"3"	"9"	"Ffrench, Royston"	"Holt, J R"	"5f "	"6"	"10"	"5"	"15"
"21:00:00"	"2019-06-08"	"Chepstow"	"Celerity (IRE)"	"25.00"	"39.84"	"Handicap"	"5"	"9"	"Cox, William"	"Williamson, Mrs L"	"5f "	"6"	"3"	"12"	"15"
"20:30:00"	"2019-06-08"	"Chepstow"	"Swanton Blue (IRE)"	"5.50"	"8.52"	"Handicap"	"8"	"9"	"Bridgwater, Poppy"	"De Giles, Ed"	"5f "	"5"	"10"	"11"	"14"
"20:15:00"	"2019-06-08"	"Lingfield"	"Tomily (IRE)"	"9.00"	"13.83"	"Handicap"	"5"	"6"	"Catton, Luke"	"Hannon (Jnr), Richard"	"6f "	"4"	"8"	"7"	"10"
"16:10:00"	"2019-06-08"	"Haydock"	"Growl"	"7.00"	"10.5"	"Handicap"	"5"	"15"	"Hanagan, Paul"	"Fahey, R A"	"6f "	"3"	"3"	"4"	"11"
"15:25:00"	"2019-06-08"	"Navan"	"Art Of Unity"	"6.00"	"7.6"	"Handicap"	"2"	"16"	"Crosse, S M"	"Feane, John James"	"5f "	"0"	"7"	"4"	"22"
"15:25:00"	"2019-06-08"	"Navan"	"Teddy Boy (IRE)"	"5.00"	"6.6"	"Handicap"	"6"	"16"	"Sheehy, Danny"	"Lynam, Edward"	"5f "	"0"	"7"	"3"	"22"
"15:25:00"	"2019-06-08"	"Navan"	"Takeachancejimmy (IRE)"	"4.50"	"6.05"	"Handicap"	"7"	"16"	"Colgan, R C"	"Slevin, Nigel"	"5f "	"0"	"7"	"1"	"22"
"15:25:00"	"2019-06-08"	"Navan"	"Gala N Dandy (IRE)"	"50.00"	"240.37"	"Handicap"	"9"	"16"	"McCullagh, N G"	"Duffy, S M"	"5f "	"0"	"7"	"20"	"22"
"15:25:00"	"2019-06-08"	"Navan"	"Brave Display (IRE)"	"10.00"	"15.76"	"Handicap"	"10"	"16"	"Byrne, Mr S P"	"Oxx, John M"	"5f "	"0"	"7"	"9"	"22"
"19:25:00"	"2019-06-07"	"Haydock"	"Tricky Dicky"	"2.50"	"4.18"	"Handicap"	"3"	"9"	"Sanderson, Benjamin"	"Fell, R / Murray, S"	"6f "	"5"	"10"	"2"	"13"
"19:25:00"	"2019-06-07"	"Haydock"	"Stoneyford Lane (IRE)"	"12.00"	"16.5"	"Handicap"	"7"	"9"	"Mathers, Patrick"	"Hollinshead, Steph"	"6f "	"5"	"10"	"10"	"14"
"19:25:00"	"2019-06-07"	"Haydock"	"Afandem (IRE)"	"4.00"	"5.9"	"Handicap"	"8"	"9"	"Fentiman, Duran"	"Easterby, T D"	"6f "	"5"	"7"	"1"	"9"
"19:05:00"	"2019-06-07"	"Goodwood"	"Foreign Legion (IRE)"	"11.00"	"15.47"	"Handicap"	"4"	"12"	"Mackay, Nicky"	"McJannet, Luke"	"6f "	"5"	"10"	"5"	"7"
"18:55:00"	"2019-06-07"	"Haydock"	"Somewhere Secret"	"5.00"	"7.52"	"Handicap"	"1"	"11"	"Evans, Nathan"	"Mullineaux, M"	"6f "	"5"	"9"	"3"	"11"
"18:55:00"	"2019-06-07"	"Haydock"	"Champagne Bob"	"7.00"	"9.46"	"Handicap"	"9"	"11"	"Doyle, Hollie"	"Price, R J"	"6f "	"5"	"4"	"10"	"12"
"17:20:00"	"2019-06-06"	"Ripon"	"Optimickstickhill"	"5.50"	"7.97"	"Handicap"	"1"	"14"	"ONeill, K T"	"Dixon, Scott"	"5f "	"6"	"8"	"4"	"15"
"17:20:00"	"2019-06-06"	"Ripon"	"Point Of Woods"	"6.00"	"8"	"Handicap"	"9"	"14"	"MacKenzie, Ellie"	"Jackson, Miss T"	"5f "	"6"	"8"	"9"	"15"
"17:00:00"	"2019-06-06"	"Hamilton"	"Music Society (IRE)"	"5.50"	"8.6"	"Handicap"	"1"	"13"	"Tudhope, Daniel"	"Easterby, T D"	"5f "	"5"	"8"	"4"	"14"
"17:00:00"	"2019-06-06"	"Hamilton"	"Samovar"	"14.00"	"22.28"	"Handicap"	"2"	"13"	"Mathers, Patrick"	"Dixon, Scott"	"5f "	"5"	"9"	"3"	"13"
"17:00:00"	"2019-06-06"	"Hamilton"	"Everkyllachy (IRE)"	"4.00"	"5.9"	"Handicap"	"4"	"13"	"Coughlan, Laura"	"McLintock, Karen"	"5f "	"5"	"8"	"1"	"11"
"17:00:00"	"2019-06-06"	"Hamilton"	"Boundsy (IRE)"	"6.00"	"8.88"	"Handicap"	"13"	"13"	"Davis, Sean"	"Fahey, R A"	"5f "	"5"	"8"	"2"	"11"
"16:30:00"	"2019-06-06"	"Hamilton"	"Kenny The Captain (IRE)"	"6.00"	"8"	"Handicap"	"4"	"11"	"Fentiman, Duran"	"Easterby, T D"	"6f "	"4"	"8"	"3"	"14"
"16:30:00"	"2019-06-06"	"Hamilton"	"Avenue Of Stars"	"4.00"	"5.94"	"Handicap"	"6"	"11"	"Sousa, Silvestre De"	"McLintock, Karen"	"6f "	"4"	"8"	"2"	"14"
"16:10:00"	"2019-06-06"	"Haydock"	"Boundary Lane"	"5.50"	"7.4"	"Handicap"	"2"	"11"	"Mulrennan, Paul"	"Camacho, Miss J A"	"5f "	"4"	"9"	"4"	"10"
"16:10:00"	"2019-06-06"	"Haydock"	"Signore Piccolo"	"14.00"	"16.88"	"Handicap"	"4"	"11"	"Whelan, Trevor"	"Loughnane, David"	"5f "	"4"	"6"	"8"	"10"
"16:10:00"	"2019-06-06"	"Haydock"	"Show Palace"	"7.50"	"9.6"	"Handicap"	"7"	"11"	"Beasley, Connor"	"Candlish, Jennie"	"5f "	"4"	"9"	"10"	"13"
"15:45:00"	"2019-06-05"	"Nottingham"	"Caledonian Gold"	"20.00"	"27.17"	"Handicap"	"4"	"15"	"Harris, Russell"	"Williamson, Mrs L"	"6f "	"6"	"2"	"7"	"10"
"15:45:00"	"2019-06-05"	"Nottingham"	"Mother of Dragons (IRE)"	"12.00"	"16"	"Handicap"	"12"	"15"	"McEntee, Grace"	"McEntee, P S"	"6f "	"6"	"9"	"5"	"10"
"15:10:00"	"2019-06-05"	"Nottingham"	"Mansfield"	"4.00"	"5.92"	"Handicap"	"9"	"15"	"Dobie, Georgia"	"Barclay, Stella"	"6f "	"6"	"8"	"1"	"12"
"12:30:00"	"2019-06-05"	"Nottingham"	"Liamba"	"4.00"	"5.48"	"Handicap"	"7"	"8"	"McGovern, C J"	"OMeara, D"	"6f "	"5"	"8"	"1"	"12"
"19:30:00"	"2019-06-04"	"Tipperary"	"Dapper Power (IRE)"	"1.00"	"2.1"	"Handicap"	"2"	"7"	"Lordan, W M"	"Lynam, Edward"	"5f "	"0"	"4"	"2"	"12"
"15:15:00"	"2019-06-03"	"Thirsk"	"JacobS Pillow"	"14.00"	"15.5"	"Handicap Seller"	"3"	"15"	"Allan, David"	"Bastiman, Rebecca"	"6f "	"6"	"5"	"13"	"14"
"16:30:00"	"2019-06-02"	"Nottingham"	"Abel Handy (IRE)"	"3.50"	"5.1"	"Handicap"	"6"	"7"	"Nolan, D"	"Carroll, D"	"5f "	"3"	"8"	"17"	"19"
"19:45:00"	"2019-06-01"	"Lingfield"	"Slipalongtrevaskis"	"12.00"	"14"	"Handicap"	"8"	"14"	"Haynes, Joey"	"Howling, P"	"7f "	"6"	"9"	"9"	"13"
"13:05:00"	"2019-06-01"	"Navan"	"Teddy Boy (IRE)"	"5.00"	"6.4"	"Handicap"	"3"	"22"	"Ryan, Gavin"	"Lynam, Edward"	"5.5f "	"0"	"6"	"UR"	"26"
"13:05:00"	"2019-06-01"	"Navan"	"Baile An Roba (IRE)"	"33.00"	"77.15"	"Handicap"	"13"	"22"	"Roche, L F"	"Casey, Francis"	"5.5f "	"0"	"3"	"12"	"16"
"18:25:00"	"2019-05-31"	"Down Royal"	"Polly Douglas (IRE)"	"3.50"	"4.6"	"Handicap"	"1"	"12"	"Crosse, Nathan"	"Cotter, Kieran P"	"5f "	"0"	"5"	"2"	"26"
"18:25:00"	"2019-05-31"	"Down Royal"	"Hee Haw (IRE)"	"8.00"	"11"	"Handicap"	"7"	"12"	"Madden, Tom"	"McGuinness, Adrian"	"5f "	"0"	"5"	"3"	"26"
"18:00:00"	"2019-05-31"	"Doncaster"	"Straight Ash (IRE)"	"11.00"	"13.5"	"Handicap"	"3"	"13"	"McGovern, C J"	"Pears, Ollie"	"1m "	"5"	"7"	"2"	"8"
"18:00:00"	"2019-05-31"	"Doncaster"	"Prevent"	"7.00"	"8.8"	"Handicap"	"11"	"13"	"McDonald, P J"	"Williams, Ian"	"1m "	"5"	"4"	"5"	"9"
"18:00:00"	"2019-05-31"	"Doncaster"	"Fire Diamond"	"16.00"	"19.46"	"Handicap"	"12"	"13"	"Mackay, Nicky"	"Dascombe, Tom"	"1m "	"5"	"8"	"5"	"14"
"18:00:00"	"2019-05-31"	"Doncaster"	"Insurplus (IRE)"	"14.00"	"15.97"	"Handicap"	"13"	"13"	"Madden, C J"	"Goldie, J S"	"1m "	"5"	"3"	"7"	"10"
"13:40:00"	"2019-05-31"	"Carlisle"	"Leeshaan (IRE)"	"3.50"	"5.26"	"Handicap"	"4"	"9"	"Probert, David"	"Bastiman, Rebecca"	"5f "	"5"	"2"	"9"	"11"
"17:20:00"	"2019-05-30"	"Yarmouth"	"Song Of Summer"	"40.00"	"95"	"Handicap"	"7"	"10"	"Gordon, Josephine"	"McEntee, P S"	"1m "	"6"	"3"	"10"	"10"
"17:25:00"	"2019-05-29"	"Hamilton"	"Astrophysics"	"20.00"	"28.46"	"Handicap"	"4"	"11"	"Sanderson, Benjamin"	"Siddall, Miss L C"	"5f "	"6"	"10"	"7"	"12"
"17:25:00"	"2019-05-29"	"Hamilton"	"Havana Go"	"12.00"	"16.69"	"Handicap"	"7"	"11"	"Russell, Harry"	"Dalgleish, Keith"	"5f "	"6"	"7"	"9"	"16"
"17:25:00"	"2019-05-29"	"Hamilton"	"Star Cracker (IRE)"	"10.00"	"12.01"	"Handicap"	"8"	"11"	"Dennis, Phil"	"Goldie, J S"	"5f "	"6"	"7"	"6"	"16"
"14:20:00"	"2019-05-29"	"Hamilton"	"Dirchill (IRE)"	"8.00"	"9.09"	"Handicap"	"7"	"14"	"Fanning, Joe"	"Thompson, D W"	"6f "	"5"	"9"	"8"	"11"
"14:10:00"	"2019-05-29"	"Beverley"	"Glyder"	"6.50"	"8.2"	"Handicap"	"5"	"15"	"Ffrench, Royston"	"Holt, J R"	"5f "	"6"	"8"	"3"	"11"
"17:55:00"	"2019-05-28"	"Redcar"	"Royal Connoisseur (IRE)"	"40.00"	"81.91"	"Handicap"	"6"	"12"	"Cagney, Eireann"	"Fahey, R A"	"6f "	"6"	"10"	"10"	"11"
"17:55:00"	"2019-05-28"	"Redcar"	"Who Told Jo Jo (IRE)"	"20.00"	"32"	"Handicap"	"10"	"12"	"Blundell, Matilda"	"Tuite, Joseph"	"6f "	"6"	"3"	"2"	"9"
"16:50:00"	"2019-05-28"	"Redcar"	"Boundary Lane"	"2.00"	"3.1"	"Handicap"	"4"	"10"	"Lee, G"	"Camacho, Miss J A"	"5f "	"4"	"10"	"4"	"9"
"15:50:00"	"2019-05-28"	"Redcar"	"Verdigris (IRE)"	"8.00"	"12.5"	"Handicap"	"1"	"14"	"Eaves, Tom"	"Carr, Mrs R A"	"1m "	"5"	"8"	"2"	"11"
"15:50:00"	"2019-05-28"	"Redcar"	"Zodiakos (IRE)"	"4.50"	"6.6"	"Handicap"	"8"	"14"	"Sanderson, Benjamin"	"Fell, R / Murray, S"	"1m "	"5"	"5"	"2"	"11"
"15:50:00"	"2019-05-28"	"Redcar"	"Dubai Acclaim (IRE)"	"9.00"	"13.5"	"Handicap"	"11"	"14"	"Davis, Sean"	"Fahey, R A"	"1m "	"5"	"10"	"4"	"11"
"15:50:00"	"2019-05-28"	"Redcar"	"Etikaal"	"33.00"	"43.92"	"Handicap"	"12"	"14"	"Stott, Kevin"	"Tuer, Grant"	"1m "	"5"	"10"	"6"	"11"
"15:00:00"	"2019-05-27"	"Redcar"	"Mr Wing (IRE)"	"100.00"	"980"	"Seller"	"13"	"15"	"Santos, Victor"	"Wainwright, J S"	"7f "	"5"	"2"	"11"	"12"
"13:55:00"	"2019-05-27"	"Windsor"	"Buridan (FR)"	"2.75"	"4.26"	"Handicap"	"2"	"7"	"Levey, S M"	"Hannon (Jnr), Richard"	"6f "	"4"	"9"	"4"	"6"
"13:55:00"	"2019-05-27"	"Windsor"	"Lady Dancealot (IRE)"	"5.00"	"6.4"	"Handicap"	"3"	"7"	"Mosse, G"	"Elsworth, D R C"	"6f "	"4"	"10"	"8"	"15"
"13:55:00"	"2019-05-27"	"Windsor"	"Red Alert"	"12.00"	"15.09"	"Handicap"	"7"	"7"	"Marquand, Tom"	"Carroll, A W"	"6f "	"4"	"3"	"1"	"5"
"14:20:00"	"2019-05-26"	"Curragh"	"Caesars Comet (IRE)"	"10.00"	"12.5"	"Handicap"	"8"	"26"	"Heffernan, J A"	"Hogan, Denis Gerard"	"6f "	"0"	"5"	"4"	"9"
"14:20:00"	"2019-05-26"	"Curragh"	"Gopsies Daughter (IRE)"	"9.00"	"16"	"Handicap"	"13"	"26"	"Leonard, Killian"	"Hogan, Denis Gerard"	"6f "	"0"	"8"	"5"	"19"
"14:20:00"	"2019-05-26"	"Curragh"	"Haqeeba (IRE)"	"16.00"	"22.53"	"Handicap"	"18"	"26"	"McDonogh, D P"	"Lennon, Liam"	"6f "	"0"	"8"	"1"	"19"
"18:20:00"	"2019-05-25"	"Salisbury"	"Mooroverthebridge"	"7.00"	"8.77"	"Handicap"	"4"	"9"	"Marsh, Finley"	"Harris, Miss G"	"6f "	"6"	"10"	"UR"	"9"
"16:55:00"	"2019-05-25"	"Goodwood"	"Paddy Power (IRE)"	"2.50"	"2.89"	"Handicap"	"1"	"6"	"ONeill, Dane"	"Fahey, R A"	"6f "	"4"	"7"	"4"	"14"
"17:30:00"	"2019-05-23"	"Goodwood"	"National Glory (IRE)"	"10.00"	"14.5"	"Handicap"	"3"	"11"	"Jamin, Pierre-Louis"	"Watson, Archie"	"6f "	"5"	"6"	"7"	"11"
"16:35:00"	"2019-05-23"	"Lingfield"	"Tundra"	"6.50"	"9.03"	"Handicap"	"1"	"7"	"Keenan, Darragh"	"Carson, Anthony"	"6f "	"6"	"8"	"6"	"9"
"15:35:00"	"2019-05-23"	"Chepstow"	"The Groove"	"9.00"	"14"	"Handicap"	"4"	"10"	"Mangan, Gina"	"Evans, P D"	"6f "	"4"	"9"	"7"	"14"
"13:50:00"	"2019-05-23"	"Chepstow"	"Tallys Son"	"20.00"	"22.14"	"Handicap"	"6"	"6"	"Quinn, Jimmy"	"Harris, Miss G"	"1m "	"5"	"9"	"6"	"14"
"17:15:00"	"2019-05-22"	"Yarmouth"	"Takeonefortheteam"	"9.00"	"12.65"	"Handicap"	"4"	"6"	"Greatrex, Edward"	"Loughnane, Daniel Mark"	"1m "	"5"	"8"	"4"	"14"
"14:30:00"	"2019-05-22"	"Ayr"	"Mr Shelby (IRE)"	"4.50"	"6.2"	"Handicap"	"10"	"16"	"Curtis, B A"	"Donohoe, S"	"6f "	"6"	"9"	"3"	"13"
"14:10:00"	"2019-05-22"	"Yarmouth"	"Shamlan (IRE)"	"33.00"	"51.74"	"Handicap"	"13"	"14"	"Shaw, Harrison"	"Fife, Mrs Marjorie"	"1m "	"6"	"9"	"10"	"12"
"17:05:00"	"2019-05-20"	"Redcar"	"Henriettas Dream"	"200.00"	"665.1"	"Maiden"	"6"	"12"	"Eaves, Tom"	"Wainwright, J S"	"1m "	"6"	"9"	"12"	"13"
"14:45:00"	"2019-05-20"	"Carlisle"	"Final Go"	"11.00"	"15.18"	"Handicap"	"12"	"14"	"James, S H"	"Tuer, Grant"	"6f "	"4"	"10"	"2"	"9"
"14:45:00"	"2019-05-20"	"Carlisle"	"Classic Pursuit"	"66.00"	"220"	"Handicap"	"14"	"14"	"Curtis, B A"	"Fife, Mrs Marjorie"	"6f "	"4"	"2"	"16"	"16"
"18:00:00"	"2019-05-19"	"Ripon"	"Qaaraat"	"1.75"	"3"	"Handicap"	"2"	"12"	"Schofield, Kieran"	"Brittain, Antony"	"5f "	"5"	"5"	"2"	"15"
"18:00:00"	"2019-05-19"	"Ripon"	"Indian Pursuit (IRE)"	"12.00"	"17.2"	"Handicap"	"11"	"12"	"Davis, Sean"	"Quinn, J J"	"5f "	"5"	"8"	"1"	"19"
"18:00:00"	"2019-05-19"	"Ripon"	"Afandem (IRE)"	"10.00"	"12.86"	"Handicap"	"12"	"12"	"Dodsworth, Robert"	"Easterby, T D"	"5f "	"5"	"5"	"12"	"15"
"16:55:00"	"2019-05-19"	"Ripon"	"Our Little Pony"	"12.00"	"16.01"	"Handicap"	"5"	"6"	"McManoman, Faye"	"Mullaney, L A"	"6f "	"3"	"8"	"8"	"11"
"17:40:00"	"2019-05-18"	"Thirsk"	"Tricky Dicky"	"3.50"	"5.2"	"Handicap"	"1"	"11"	"Curtis, B A"	"Fell, R / Murray, S"	"6f "	"6"	"8"	"11"	"14"
"17:40:00"	"2019-05-18"	"Thirsk"	"Ginger Jam"	"1.75"	"3"	"Handicap"	"3"	"11"	"Scott, Rowan"	"Tinkler, N"	"6f "	"6"	"7"	"1"	"15"
"17:40:00"	"2019-05-18"	"Thirsk"	"Poets Pride"	"8.00"	"11.31"	"Handicap"	"4"	"11"	"Downey, R P"	"Barron, T D"	"6f "	"6"	"8"	"10"	"14"
"17:40:00"	"2019-05-18"	"Thirsk"	"Rasheeq (IRE)"	"8.00"	"11"	"Handicap"	"9"	"11"	"Fallon, Cieren"	"Moubarak, Mohamed"	"6f "	"6"	"8"	"1"	"14"
"17:35:00"	"2019-05-18"	"Newmarket (Rowley)"	"Zamjar"	"12.00"	"16.1"	"Handicap"	"8"	"9"	"Marquand, Tom"	"Cowell, R M H"	"5f "	"4"	"9"	"6"	"9"
"17:35:00"	"2019-05-18"	"Newmarket (Rowley)"	"Equimou"	"8.00"	"10.76"	"Handicap"	"9"	"9"	"ONeill, Dane"	"Eddery, Robert"	"5f "	"4"	"9"	"5"	"9"
"15:55:00"	"2019-05-18"	"Thirsk"	"Brian The Snail (IRE)"	"8.00"	"11.93"	"Handicap"	"5"	"14"	"Murtagh, Connor"	"Fahey, R A"	"6f "	"3"	"8"	"11"	"12"
"15:05:00"	"2019-05-18"	"Navan"	"Haqeeba (IRE)"	"14.00"	"22.03"	"Handicap"	"1"	"19"	"McDonogh, D P"	"Lennon, Liam"	"5f "	"0"	"7"	"8"	"17"
"15:05:00"	"2019-05-18"	"Navan"	"Sweetest Taboo (IRE)"	"12.00"	"18.71"	"Handicap"	"11"	"19"	"ODwyer, Charlie"	"McCreery, W"	"5f "	"0"	"7"	"7"	"17"
"15:05:00"	"2019-05-18"	"Navan"	"May Remain"	"4.50"	"7"	"Handicap"	"13"	"19"	"Orr, Oisin"	"OBrien, Richard John"	"5f "	"0"	"7"	"4"	"17"
"14:45:00"	"2019-05-18"	"Thirsk"	"Burmese Blazer (IRE)"	"5.00"	"5.8"	"Handicap"	"8"	"16"	"Gormley, Jamie"	"Goldie, J S"	"5f "	"4"	"7"	"6"	"19"
"14:45:00"	"2019-05-18"	"Thirsk"	"Classic Pursuit"	"66.00"	"123.51"	"Handicap"	"16"	"16"	"McHugh, B"	"Fife, Mrs Marjorie"	"5f "	"4"	"8"	"6"	"6"
"21:05:00"	"2019-05-17"	"Hamilton"	"Corton Lass"	"10.00"	"13.74"	"Handicap"	"8"	"8"	"Davis, Sean"	"Dalgleish, Keith"	"5f "	"6"	"4"	"11"	"13"
"17:30:00"	"2019-05-17"	"Newbury"	"Regimented (IRE)"	"12.00"	"16.31"	"Handicap"	"2"	"17"	"Catton, Luke"	"Hannon (Jnr), Richard"	"1m "	"5"	"6"	"4"	"7"
"17:30:00"	"2019-05-17"	"Newbury"	"Redgrave (IRE)"	"14.00"	"18.98"	"Handicap"	"15"	"17"	"Beech, Aled J"	"Tuite, Joseph"	"1m "	"5"	"10"	"2"	"8"
"17:15:00"	"2019-05-17"	"Newmarket (Rowley)"	"Major Valentine"	"2.50"	"3.7"	"Handicap"	"8"	"11"	"Leahy, Kate"	"Oshea, J G M"	"6f "	"5"	"3"	"1"	"14"
"17:15:00"	"2019-05-17"	"Newmarket (Rowley)"	"Suzis Connoisseur"	"3.50"	"5.67"	"Handicap"	"10"	"11"	"Price, Tristan"	"Chapple-Hyam, Jane"	"6f "	"5"	"6"	"4"	"15"
"17:15:00"	"2019-05-15"	"Yarmouth"	"Haader (FR)"	"16.00"	"24"	"Handicap"	"6"	"12"	"Mathers, Patrick"	"Shaw, D"	"7f "	"6"	"7"	"8"	"13"
"15:20:00"	"2019-05-14"	"Beverley"	"Qaaraat"	"6.00"	"8.46"	"Handicap"	"2"	"15"	"Hardie, Cameron"	"Brittain, Antony"	"5f "	"5"	"7"	"4"	"7"
"15:20:00"	"2019-05-14"	"Beverley"	"Show Palace"	"8.50"	"11"	"Handicap"	"3"	"15"	"Beasley, Connor"	"Candlish, Jennie"	"5f "	"5"	"7"	"9"	"9"
"14:00:00"	"2019-05-14"	"Chepstow"	"Dashing Poet"	"2.00"	"3.21"	"Handicap"	"2"	"14"	"Egan, David"	"Main, Mrs H S"	"1m "	"5"	"3"	"2"	"14"
"14:00:00"	"2019-05-14"	"Chepstow"	"Bobs Girl"	"66.00"	"294.23"	"Handicap"	"11"	"14"	"Quinn, Jimmy"	"Mullineaux, M"	"1m "	"5"	"8"	"4"	"6"
"14:30:00"	"2019-05-13"	"Musselburgh"	"Someone Exciting"	"6.50"	"7.79"	"Handicap"	"6"	"13"	"Shaw, Harrison"	"Thompson, D W"	"5f "	"6"	"2"	"2"	"15"
"20:45:00"	"2019-05-11"	"Thirsk"	"Crosse Fire"	"14.00"	"18.49"	"Handicap"	"6"	"15"	"Eaves, Tom"	"Dixon, Scott"	"6f "	"6"	"9"	"2"	"7"
"20:45:00"	"2019-05-11"	"Thirsk"	"Milton Road"	"5.50"	"7.2"	"Handicap"	"8"	"15"	"Tudhope, Daniel"	"Bastiman, Rebecca"	"6f "	"6"	"9"	"2"	"11"
"20:15:00"	"2019-05-11"	"Thirsk"	"Dandys Beano (IRE)"	"4.00"	"5.9"	"Handicap"	"1"	"11"	"Stott, Kevin"	"Ryan, K A"	"5f "	"5"	"10"	"7"	"11"
"20:15:00"	"2019-05-11"	"Thirsk"	"Honey Gg"	"5.50"	"7.2"	"Handicap"	"2"	"11"	"MacRedmond, Cian"	"Carroll, D"	"5f "	"5"	"10"	"2"	"8"
"20:15:00"	"2019-05-11"	"Thirsk"	"Gold Stone"	"7.00"	"9.93"	"Handicap"	"3"	"11"	"Eaves, Tom"	"Ryan, K A"	"5f "	"5"	"7"	"7"	"13"
"20:15:00"	"2019-05-11"	"Thirsk"	"Justice Lady (IRE)"	"6.00"	"8.79"	"Handicap"	"6"	"11"	"Tudhope, Daniel"	"Cowell, R M H"	"5f "	"5"	"8"	"6"	"8"
"20:15:00"	"2019-05-11"	"Thirsk"	"Lydiate Lady"	"12.00"	"15.5"	"Handicap"	"9"	"11"	"Gormley, Jamie"	"Alston, E J"	"5f "	"5"	"10"	"7"	"8"
"17:40:00"	"2019-05-11"	"Thirsk"	"Indian Pursuit (IRE)"	"33.00"	"38.35"	"Handicap"	"1"	"19"	"Downey, R P"	"Quinn, J J"	"5f "	"6"	"8"	"9"	"9"
"17:40:00"	"2019-05-11"	"Thirsk"	"Kinloch Pride"	"7.00"	"9.5"	"Handicap"	"5"	"19"	"Dennis, Phil"	"Wilson, N"	"5f "	"6"	"9"	"4"	"13"
"17:40:00"	"2019-05-11"	"Thirsk"	"Burmese Blazer (IRE)"	"4.50"	"6.32"	"Handicap"	"6"	"19"	"Robinson, Ben"	"Goldie, J S"	"5f "	"6"	"8"	"4"	"12"
"17:40:00"	"2019-05-11"	"Thirsk"	"One Boy (IRE)"	"16.00"	"25"	"Handicap"	"17"	"19"	"Stott, Kevin"	"Midgley, P T"	"5f "	"6"	"10"	"10"	"11"
"14:20:00"	"2019-05-11"	"Nottingham"	"Peggie Sue"	"4.00"	"5.6"	"Handicap"	"1"	"9"	"Eley, T"	"West, Adam"	"5f "	"4"	"10"	"1"	"11"
"14:20:00"	"2019-05-11"	"Nottingham"	"Zapper Cass (FR)"	"8.00"	"10.11"	"Handicap"	"4"	"9"	"Rawlinson, Ali"	"Appleby, M"	"5f "	"4"	"10"	"9"	"11"
"14:20:00"	"2019-05-11"	"Nottingham"	"Rickyroadboy"	"5.50"	"7.66"	"Handicap"	"6"	"9"	"Mullen, Andrew"	"Walford, Mark"	"5f "	"4"	"10"	"2"	"11"
"14:20:00"	"2019-05-11"	"Nottingham"	"Gnaad (IRE)"	"4.50"	"6.2"	"Handicap"	"8"	"9"	"Keenan, Darragh"	"Bailey, A"	"5f "	"4"	"10"	"3"	"13"
"14:10:00"	"2019-05-11"	"Naas"	"Verhoyen"	"4.00"	"5.53"	"Handicap"	"3"	"17"	"Lee, W J"	"Grassick, M C"	"5f "	"0"	"5"	"1"	"30"
"14:10:00"	"2019-05-11"	"Naas"	"May Remain"	"6.50"	"7.86"	"Handicap"	"4"	"17"	"Orr, Oisin"	"OBrien, Richard John"	"5f "	"0"	"5"	"8"	"30"
"14:10:00"	"2019-05-11"	"Naas"	"Haqeeba (IRE)"	"20.00"	"40.9"	"Handicap"	"8"	"17"	"McDonogh, D P"	"Lennon, Liam"	"5f "	"0"	"8"	"8"	"12"
"14:10:00"	"2019-05-11"	"Naas"	"Super Julius"	"25.00"	"26.71"	"Handicap"	"12"	"17"	"Colgan, R C"	"Donohoe, S"	"5f "	"0"	"8"	"7"	"12"
"19:30:00"	"2019-05-10"	"Ripon"	"Seen The Lyte (IRE)"	"10.00"	"13.5"	"Handicap"	"3"	"6"	"Scott, Rowan"	"Tinkler, N"	"5f "	"3"	"9"	"5"	"6"
"19:30:00"	"2019-05-10"	"Ripon"	"Henley"	"2.75"	"3.97"	"Handicap"	"4"	"6"	"Curtis, B A"	"Waggott, Miss Tracy"	"5f "	"3"	"6"	"10"	"13"
"17:50:00"	"2019-05-10"	"Nottingham"	"Global Melody"	"20.00"	"26"	"Handicap"	"2"	"14"	"Gordon, Josephine"	"McEntee, P S"	"6f "	"6"	"9"	"4"	"8"
"15:45:00"	"2019-05-10"	"Ascot"	"Royal Residence"	"1.75"	"2.81"	"Handicap"	"3"	"11"	"Buick, William"	"Tate, James"	"6f "	"3"	"6"	"6"	"13"
"16:45:00"	"2019-05-06"	"Curragh"	"Verhoyen"	"10.00"	"14.56"	"Handicap"	"1"	"30"	"Lee, W J"	"Grassick, M C"	"6f "	"0"	"8"	"4"	"21"
"16:45:00"	"2019-05-06"	"Curragh"	"Fairy Tango (IRE)"	"18.00"	"27"	"Handicap"	"3"	"30"	"Sheehy, Danny"	"Lynam, S"	"6f "	"0"	"8"	"6"	"21"
"16:45:00"	"2019-05-06"	"Curragh"	"Little Clarinet (IRE)"	"3.50"	"5.07"	"Handicap"	"4"	"30"	"OBrien, Donnacha"	"OBrien, Joseph Patrick"	"6f "	"0"	"8"	"2"	"21"
"16:45:00"	"2019-05-06"	"Curragh"	"May Remain"	"14.00"	"25.72"	"Handicap"	"8"	"30"	"Orr, Oisin"	"OBrien, Richard John"	"6f "	"0"	"8"	"8"	"21"
"16:45:00"	"2019-05-06"	"Curragh"	"Aggression (IRE)"	"40.00"	"122.74"	"Handicap"	"28"	"30"	"Halpin, G P"	"OCallaghan, M D"	"6f "	"0"	"8"	"20"	"21"
"14:00:00"	"2019-05-06"	"Windsor"	"Mooroverthebridge"	"6.50"	"8.4"	"Handicap"	"5"	"13"	"Baker, Keelan"	"Harris, Miss G"	"6f "	"5"	"7"	"3"	"15"
"14:00:00"	"2019-05-06"	"Windsor"	"Porto Ferro (IRE)"	"3.50"	"5.82"	"Handicap"	"9"	"13"	"Dobie, Georgia"	"Bridger, J / Cook, R"	"6f "	"5"	"7"	"6"	"15"
"15:45:00"	"2019-05-05"	"Hamilton"	"Sharp Defence (USA)"	"1.00"	"2.24"	"Handicap"	"4"	"5"	"Davis, Sean"	"OBrien, Richard John"	"6f "	"4"	"6"	"4"	"22"
"17:25:00"	"2019-05-04"	"Thirsk"	"Desert Ace (IRE)"	"25.00"	"34"	"Handicap"	"12"	"13"	"Costello, Dougie"	"Midgley, P T"	"5f "	"4"	"8"	"7"	"12"
"17:15:00"	"2019-05-04"	"Doncaster"	"Lucky Lucky Man (IRE)"	"20.00"	"26.94"	"Handicap"	"7"	"9"	"Murtagh, Connor"	"Fahey, R A"	"6f "	"3"	"7"	"13"	"15"
"17:15:00"	"2019-05-04"	"Doncaster"	"Boy In The Bar"	"40.00"	"85"	"Handicap"	"8"	"9"	"Downing, George"	"Williams, Ian"	"6f "	"3"	"7"	"15"	"15"
"15:15:00"	"2019-05-04"	"Goodwood"	"Harry Hurricane"	"7.00"	"8.98"	"Handicap"	"3"	"11"	"Gordon, Josephine"	"Baker, George"	"5f "	"3"	"4"	"2"	"7"
"14:30:00"	"2019-05-04"	"Thirsk"	"Requinto Dawn (IRE)"	"25.00"	"30"	"Handicap"	"10"	"13"	"Hamilton, Tony"	"Fahey, R A"	"6f "	"4"	"8"	"8"	"12"
"17:35:00"	"2019-05-01"	"Ascot"	"Letsbe Avenue (IRE)"	"12.00"	"18.5"	"Handicap"	"13"	"20"	"Cronin, S C"	"Hannon (Jnr), Richard"	"1m "	"4"	"6"	"4"	"9"
"17:35:00"	"2019-05-01"	"Ascot"	"Blame Culture (USA)"	"20.00"	"40"	"Handicap"	"15"	"20"	"Elliott, Jane"	"Margarson, G G"	"1m "	"4"	"6"	"4"	"8"
"16:50:00"	"2019-04-30"	"Yarmouth"	"Dream World (IRE)"	"1.63"	"2.78"	"Handicap"	"1"	"7"	"Bryan, Joshua"	"Appleby, M"	"7f "	"5"	"4"	"1"	"11"
"16:50:00"	"2019-04-30"	"Yarmouth"	"Spanish Mane (IRE)"	"7.50"	"11"	"Handicap"	"F"	"7"	"Birkett, Shelley"	"Feilden, Miss J"	"7f "	"5"	"7"	"3"	"8"
"16:15:00"	"2019-04-30"	"Yarmouth"	"Lake Volta (IRE)"	"0.67"	"1.7"	"Handicap"	"1"	"4"	"Moore, Ryan"	"Johnston, M"	"7f "	"3"	"10"	"4"	"10"
"14:15:00"	"2019-04-30"	"Yarmouth"	"Percy Toplis"	"40.00"	"75.5"	"Handicap"	"10"	"13"	"Ingram, Rhiain B"	"Dunnett, Mrs C A"	"1m "	"6"	"7"	"4"	"8"
"19:10:00"	"2019-04-29"	"Thirsk"	"Pennsylvania Dutch"	"4.50"	"5.65"	"Handicap"	"1"	"14"	"Davis, Sean"	"Ryan, K A"	"6f "	"4"	"9"	"1"	"9"
"18:00:00"	"2019-04-29"	"Windsor"	"Sir Hector (IRE)"	"12.00"	"20"	"Handicap"	"13"	"15"	"Kirby, Adam"	"Wallis, Charlie"	"5f "	"5"	"6"	"7"	"7"
"17:50:00"	"2019-04-29"	"Naas"	"Lincoln (IRE)"	"28.00"	"111.17"	"Handicap"	"9"	"22"	"Sheridan, J M"	"Hogan, Denis Gerard"	"6f "	"0"	"4"	"7"	"10"
"17:15:00"	"2019-04-29"	"Naas"	"Moneebb (IRE)"	"100.00"	"881.51"	"Maiden"	"21"	"23"	"Cleary, R P"	"Clarke, Keith Henry"	"6f "	"0"	"5"	"7"	"7"
"17:40:00"	"2019-04-28"	"Salisbury"	"Perfect Symphony (IRE)"	"10.00"	"14"	"Handicap"	"5"	"18"	"Brotherton, Miss S"	"Pattinson, Mark"	"7f "	"6"	"8"	"4"	"9"
"17:40:00"	"2019-04-28"	"Salisbury"	"Coastal Cyclone"	"20.00"	"32.52"	"Handicap"	"6"	"18"	"Davies, Rachel"	"Dunlop, H J L"	"7f "	"6"	"8"	"4"	"10"
"17:40:00"	"2019-04-28"	"Salisbury"	"Swissal (IRE)"	"16.00"	"23"	"Handicap"	"10"	"18"	"Pinchin, Miss L M"	"Dennis, David"	"7f "	"6"	"8"	"6"	"8"
"13:40:00"	"2019-04-27"	"Leicester"	"Bungee Jump (IRE)"	"8.50"	"10.5"	"Handicap"	"9"	"15"	"Nicholls, Miss M"	"Harris, Miss G"	"6f "	"4"	"8"	"4"	"9"
"17:00:00"	"2019-04-26"	"Doncaster"	"Penny Pot Lane"	"10.00"	"13"	"Handicap"	"5"	"11"	"Edmunds, Lewis"	"Whitaker, R M"	"6f "	"5"	"8"	"8"	"13"
"17:00:00"	"2019-04-26"	"Doncaster"	"Mystical Moon (IRE)"	"12.00"	"15.76"	"Handicap"	"10"	"11"	"Dennis, Phil"	"Griffiths, D C"	"6f "	"5"	"10"	"5"	"12"
"15:55:00"	"2019-04-26"	"Doncaster"	"Tathmeen (IRE)"	"9.00"	"11.5"	"Handicap"	"4"	"12"	"Hardie, Cameron"	"Brittain, Antony"	"5f "	"4"	"7"	"6"	"12"
"15:55:00"	"2019-04-26"	"Doncaster"	"Canford Bay (IRE)"	"2.25"	"3.61"	"Handicap"	"5"	"12"	"Schofield, Kieran"	"Brittain, Antony"	"5f "	"4"	"8"	"1"	"11"
"15:55:00"	"2019-04-26"	"Doncaster"	"Bashiba (IRE)"	"16.00"	"20.28"	"Handicap"	"9"	"12"	"Scott, Rowan"	"Tinkler, N"	"5f "	"4"	"7"	"12"	"12"
"14:15:00"	"2019-04-26"	"Doncaster"	"Hammer Gun (USA)"	"8.00"	"10.5"	"Handicap"	"1"	"14"	"Mathers, Patrick"	"Shaw, D"	"7f "	"5"	"3"	"8"	"10"
"14:50:00"	"2019-04-25"	"Beverley"	"Mininggold"	"3.00"	"4.7"	"Handicap"	"8"	"10"	"Muir, Paula"	"Dods, M"	"5f "	"5"	"8"	"3"	"8"
"14:10:00"	"2019-04-24"	"Epsom"	"Just That Lord"	"5.00"	"6.6"	"Handicap"	"1"	"10"	"Morris, Luke"	"Attwater, M J"	"5f "	"3"	"8"	"5"	"7"
"14:10:00"	"2019-04-24"	"Epsom"	"Shamshon (IRE)"	"4.50"	"6.8"	"Handicap"	"4"	"10"	"Bentley, Harry"	"Williams, S C"	"5f "	"3"	"6"	"6"	"11"
"14:10:00"	"2019-04-24"	"Epsom"	"Midnight Malibu (IRE)"	"16.00"	"17.95"	"Handicap"	"9"	"10"	"Richardson, Rachel"	"Easterby, T D"	"5f "	"3"	"7"	"1"	"8"
"16:35:00"	"2019-04-23"	"Yarmouth"	"Terri Rules (IRE)"	"9.00"	"12"	"Handicap"	"4"	"7"	"Birkett, Shelley"	"Feilden, Miss J"	"5f "	"5"	"10"	"6"	"12"
"13:30:00"	"2019-04-23"	"Yarmouth"	"Rosarno (IRE)"	"20.00"	"25.58"	"Handicap"	"6"	"8"	"Haynes, Joey"	"Howling, P"	"1m "	"6"	"10"	"10"	"11"
"15:05:00"	"2019-04-22"	"Redcar"	"Hortzadar"	"0.57"	"1.59"	"Handicap"	"1"	"8"	"Tudhope, Daniel"	"OMeara, D"	"7f "	"4"	"7"	"1"	"9"
"14:30:00"	"2019-04-22"	"Redcar"	"Muatadel"	"3.50"	"4.94"	"Handicap"	"3"	"10"	"Curtis, B A"	"Fell, R / Murray, S"	"6f "	"5"	"9"	"6"	"11"
"14:30:00"	"2019-04-22"	"Redcar"	"Afandem (IRE)"	"6.00"	"7.31"	"Handicap"	"4"	"10"	"Fentiman, Duran"	"Easterby, T D"	"6f "	"5"	"9"	"5"	"19"
"17:45:00"	"2019-04-20"	"Musselburgh"	"Pennsylvania Dutch"	"3.00"	"4.8"	"Handicap"	"1"	"9"	"Davis, Sean"	"Ryan, K A"	"5f "	"5"	"7"	"1"	"19"
"17:15:00"	"2019-04-20"	"Musselburgh"	"Super Julius"	"2.50"	"3.74"	"Handicap"	"1"	"9"	"Curtis, B A"	"Donohoe, S"	"5f "	"5"	"5"	"2"	"9"
"15:00:00"	"2019-04-15"	"Windsor"	"Bellevarde (IRE)"	"25.00"	"33.67"	"Handicap"	"1"	"13"	"Doyle, Hollie"	"Price, R J"	"5f "	"4"	"9"	"6"	"10"
"14:00:00"	"2019-04-15"	"Windsor"	"Brockey Rise (IRE)"	"8.00"	"9.92"	"Handicap"	"3"	"15"	"Murphy, Oisin"	"Evans, P D"	"6f "	"6"	"9"	"1"	"10"
"17:55:00"	"2019-04-13"	"Thirsk"	"Carpet Time (IRE)"	"25.00"	"29.66"	"Handicap"	"4"	"17"	"McDonald, P J"	"Barron, T D"	"6f "	"6"	"7"	"7"	"10"
"15:25:00"	"2019-04-13"	"Naas"	"Verhoyen"	"20.00"	"29"	"Handicap"	"3"	"20"	"Coen, Ben M"	"Grassick, M C"	"6f "	"0"	"10"	"5"	"18"
"15:25:00"	"2019-04-13"	"Naas"	"Reverberation"	"20.00"	"29.86"	"Handicap"	"6"	"20"	"Ryan, Gavin"	"Lambe, J J"	"6f "	"0"	"10"	"10"	"18"
"15:25:00"	"2019-04-13"	"Naas"	"Time Stands Still"	"12.00"	"17.71"	"Handicap"	"17"	"20"	"Byrne, Willie"	"Martin, W J"	"6f "	"0"	"10"	"4"	"18"
"15:05:00"	"2019-04-13"	"Thirsk"	"Mr Strutter (IRE)"	"16.00"	"27.49"	"Handicap"	"15"	"19"	"ONeill, K T"	"Thompson, Ronald"	"6f "	"5"	"10"	"7"	"7"
"15:00:00"	"2019-04-08"	"Redcar"	"Rey Loopy (IRE)"	"7.00"	"11.5"	"Handicap"	"2"	"16"	"Mullen, Andrew"	"Haslam, B M R"	"1m "	"4"	"10"	"1"	"8"
"17:25:00"	"2019-04-05"	"Leicester"	"Take It Down Under"	"33.00"	"59.71"	"Novices"	"6"	"13"	"Wood, George"	"Murphy, Amy"	"7f "	"5"	"8"	"8"	"13"
"14:15:00"	"2019-03-30"	"Navan"	"Super Julius"	"33.00"	"97.91"	"Handicap"	"5"	"23"	"Colgan, R C"	"Donohoe, S"	"5f "	"0"	"8"	"8"	"8"
"14:15:00"	"2019-03-30"	"Navan"	"Kasbah (IRE)"	"12.00"	"20"	"Handicap"	"9"	"23"	"Hayes, C D"	"McGuinness, Adrian"	"5f "	"0"	"8"	"3"	"8"
"11:45:00"	"2018-11-10"	"Doncaster"	"Presidential (IRE)"	"4.50"	"6.4"	"Handicap"	"3"	"17"	"Noble, Cameron"	"Fell, R / Murray, S"	"7f "	"3"	"7"	"1"	"15"
"11:45:00"	"2018-11-10"	"Doncaster"	"Vive La Difference (IRE)"	"28.00"	"34"	"Handicap"	"5"	"17"	"Dodsworth, Robert"	"Easterby, T D"	"7f "	"3"	"7"	"8"	"14"
"11:45:00"	"2018-11-10"	"Doncaster"	"Roller"	"7.00"	"8.17"	"Handicap"	"13"	"17"	"Quinn, Josh"	"Easterby, M W"	"7f "	"3"	"7"	"6"	"15"
"15:20:00"	"2018-11-07"	"Nottingham"	"Pearl Noir"	"11.00"	"16.62"	"Handicap"	"6"	"14"	"Ladd, Theodore"	"Dixon, Scott"	"5f "	"6"	"8"	"5"	"13"
"15:20:00"	"2018-11-07"	"Nottingham"	"Secret Potion"	"7.00"	"8.14"	"Handicap"	"12"	"14"	"Watson, Jason"	"Harris, R A"	"5f "	"6"	"8"	"1"	"10"
"14:50:00"	"2018-11-07"	"Nottingham"	"Bossipop"	"16.00"	"18.66"	"Handicap"	"2"	"16"	"Hornby, Rob"	"Easterby, T D"	"5f "	"4"	"8"	"8"	"12"
"16:05:00"	"2018-11-06"	"Redcar"	"Cupids Arrow (IRE)"	"5.50"	"7.15"	"Handicap"	"1"	"20"	"Gormley, Jamie"	"Carr, Mrs R A"	"6f "	"6"	"7"	"2"	"12"
"16:05:00"	"2018-11-06"	"Redcar"	"Spirit of Zebedee (IRE)"	"6.50"	"9"	"Handicap"	"2"	"20"	"Hart, Jason"	"Quinn, J J"	"6f "	"6"	"7"	"1"	"12"
"16:05:00"	"2018-11-06"	"Redcar"	"Lucky Lodge"	"5.50"	"7.93"	"Handicap"	"3"	"20"	"Hardie, Cameron"	"Brittain, Antony"	"6f "	"6"	"8"	"1"	"16"
"16:05:00"	"2018-11-06"	"Redcar"	"Tadaany (IRE)"	"25.00"	"35.13"	"Handicap"	"4"	"20"	"Garritty, Jack"	"Carr, Mrs R A"	"6f "	"6"	"8"	"7"	"13"
"16:05:00"	"2018-11-06"	"Redcar"	"Magical Molly Joe"	"10.00"	"14.01"	"Handicap"	"5"	"20"	"Gordon, Josephine"	"Barron, T D"	"6f "	"6"	"3"	"7"	"14"
"16:05:00"	"2018-11-06"	"Redcar"	"Camanche Grey (IRE)"	"14.00"	"19.5"	"Handicap"	"6"	"20"	"Russell, Harry"	"Egerton, Lucinda"	"6f "	"6"	"8"	"3"	"13"
"16:05:00"	"2018-11-06"	"Redcar"	"Someone Exciting"	"8.00"	"10"	"Handicap"	"7"	"20"	"Rodriguez, Callum"	"Thompson, D W"	"6f "	"6"	"8"	"2"	"16"
"16:05:00"	"2018-11-06"	"Redcar"	"Clergyman"	"20.00"	"30.45"	"Handicap"	"10"	"20"	"Tudhope, Daniel"	"Bastiman, Rebecca"	"6f "	"6"	"7"	"5"	"11"
"16:05:00"	"2018-11-06"	"Redcar"	"Ticks The Boxes (IRE)"	"14.00"	"22"	"Handicap"	"11"	"20"	"Gray, S A"	"Wainwright, J S"	"6f "	"6"	"7"	"7"	"11"
"16:05:00"	"2018-11-06"	"Redcar"	"Gilmer (IRE)"	"11.00"	"14.5"	"Handicap"	"12"	"20"	"Keniry, L P"	"Keniry, Stef"	"6f "	"6"	"8"	"1"	"13"
"16:05:00"	"2018-11-06"	"Redcar"	"Cliff (IRE)"	"18.00"	"25"	"Handicap"	"13"	"20"	"McManoman, Faye"	"Tinkler, N"	"6f "	"6"	"8"	"3"	"16"
"13:55:00"	"2018-11-06"	"Redcar"	"Parys Mountain (IRE)"	"1.75"	"2.83"	"Handicap"	"1"	"10"	"Hart, Jason"	"Easterby, T D"	"7f "	"4"	"7"	"1"	"10"
"13:55:00"	"2018-11-06"	"Redcar"	"Beverley Bullet"	"7.00"	"8.6"	"Handicap"	"4"	"10"	"Dennis, Phil"	"Mullaney, L A"	"7f "	"4"	"3"	"11"	"14"
"13:55:00"	"2018-11-06"	"Redcar"	"Al Erayg (IRE)"	"11.00"	"15"	"Handicap"	"6"	"10"	"Richardson, Rachel"	"Easterby, T D"	"7f "	"4"	"10"	"7"	"18"
"13:55:00"	"2018-11-06"	"Redcar"	"Tommy G"	"9.00"	"11.61"	"Handicap"	"7"	"10"	"Tudhope, Daniel"	"Goldie, J S"	"7f "	"4"	"10"	"3"	"18"
"13:55:00"	"2018-11-06"	"Redcar"	"Twin Appeal (IRE)"	"5.50"	"7.45"	"Handicap"	"8"	"10"	"Tutty, Gemma"	"Tutty, Mrs K J"	"7f "	"4"	"5"	"2"	"10"
"13:20:00"	"2018-11-06"	"Redcar"	"Warriors Spirit (IRE)"	"4.00"	"5.26"	"Seller"	"5"	"12"	"McGovern, C J"	"Brown, A D"	"1m "	"6"	"8"	"5"	"11"
"13:20:00"	"2018-11-06"	"Redcar"	"King of Naples"	"6.00"	"7.4"	"Seller"	"9"	"12"	"Sullivan, James P"	"Carr, Mrs R A"	"1m "	"6"	"8"	"3"	"11"
"13:20:00"	"2018-11-06"	"Redcar"	"Arcane Dancer (IRE)"	"50.00"	"99.24"	"Seller"	"12"	"12"	"Dennis, Phil"	"Mullaney, L A"	"1m "	"6"	"5"	"9"	"14"
"12:50:00"	"2018-11-04"	"Naas"	"Sors (IRE)"	"9.00"	"10.24"	"Handicap"	"7"	"17"	"Slattery, A J"	"Slattery, Andrew"	"5f "	"0"	"2"	"9"	"11"
"12:50:00"	"2018-11-04"	"Naas"	"Tookiedoo (IRE)"	"66.00"	"272.3"	"Handicap"	"17"	"17"	"Cleary, R P"	"Hayden, J C"	"5f "	"0"	"2"	"12"	"14"
"16:15:00"	"2018-11-03"	"Newmarket (Rowley)"	"Presidential (IRE)"	"7.50"	"9.29"	"Handicap"	"1"	"15"	"Noble, Cameron"	"Fell, R / Murray, S"	"7f "	"4"	"7"	"4"	"18"
"16:15:00"	"2018-11-03"	"Newmarket (Rowley)"	"London (FR)"	"9.00"	"14.63"	"Handicap"	"2"	"15"	"Currie, Nicola"	"McEntee, P S"	"7f "	"4"	"9"	"2"	"11"
"16:15:00"	"2018-11-03"	"Newmarket (Rowley)"	"Another Boy"	"14.00"	"15.93"	"Handicap"	"13"	"15"	"Bentley, Harry"	"Beckett, R M"	"7f "	"4"	"8"	"13"	"20"
"14:00:00"	"2018-11-03"	"Newmarket (Rowley)"	"Redgrave (IRE)"	"7.00"	"8.81"	"Handicap"	"4"	"14"	"Norton, Francis"	"Tuite, Joseph"	"1m "	"4"	"8"	"7"	"20"
"12:55:00"	"2018-10-30"	"Catterick"	"Carlovian"	"4.00"	"6.6"	"Handicap"	"4"	"13"	"Hart, Jason"	"Walford, Mark"	"5f "	"6"	"8"	"3"	"10"
"16:15:00"	"2018-10-29"	"Leicester"	"Young John (IRE)"	"5.00"	"6.58"	"Handicap"	"1"	"15"	"Todd, C J"	"Murphy, Mike"	"7f "	"5"	"10"	"4"	"13"
"16:15:00"	"2018-10-29"	"Leicester"	"Mr Strutter (IRE)"	"8.00"	"9.58"	"Handicap"	"7"	"15"	"Johnson, Matthew S"	"Thompson, Ronald"	"7f "	"5"	"10"	"2"	"13"
"15:25:00"	"2018-10-29"	"Redcar"	"Someone Exciting"	"12.00"	"15"	"Handicap"	"2"	"16"	"Fallon, Cieren"	"Thompson, D W"	"6f "	"6"	"10"	"13"	"13"
"15:25:00"	"2018-10-29"	"Redcar"	"Cliff (IRE)"	"5.50"	"7.26"	"Handicap"	"3"	"16"	"McManoman, Faye"	"Tinkler, N"	"6f "	"6"	"10"	"5"	"13"
"15:25:00"	"2018-10-29"	"Redcar"	"Vallarta (IRE)"	"12.00"	"18.45"	"Handicap"	"11"	"16"	"Bridgwater, Poppy"	"Carr, Mrs R A"	"6f "	"6"	"9"	"1"	"9"
"15:25:00"	"2018-10-29"	"Redcar"	"Yorkshire Pudding"	"14.00"	"25.15"	"Handicap"	"12"	"16"	"Dodsworth, Robert"	"Easterby, T D"	"6f "	"6"	"10"	"4"	"12"
"14:30:00"	"2018-10-29"	"Leicester"	"Hedging (IRE)"	"7.00"	"8.87"	"Claimer"	"5"	"13"	"Dobie, Georgia"	"Houghton, Eve Johnson"	"7f "	"5"	"7"	"5"	"14"
"14:30:00"	"2018-10-29"	"Leicester"	"Masquerade Bling (IRE)"	"14.00"	"17.66"	"Claimer"	"13"	"13"	"Hornby, Rob"	"Mulholland, N P"	"7f "	"5"	"9"	"5"	"10"
"16:25:00"	"2018-10-24"	"Navan"	"Tide Of Time"	"3.33"	"4.49"	"Handicap"	"1"	"23"	"Foley, Shane"	"Lynam, Edward"	"5.5f "	"0"	"10"	"1"	"23"
"16:25:00"	"2018-10-24"	"Navan"	"Brave Display (IRE)"	"8.00"	"10"	"Handicap"	"5"	"23"	"Coen, Ben M"	"Prendergast, P J"	"5.5f "	"0"	"10"	"9"	"16"
"15:15:00"	"2018-10-24"	"Navan"	"Sors (IRE)"	"8.00"	"12.37"	"Handicap"	"1"	"6"	"Slattery, A J"	"Slattery, Andrew"	"5.5f "	"0"	"10"	"5"	"16"
"15:15:00"	"2018-10-24"	"Navan"	"Fuwairt (IRE)"	"4.50"	"5.57"	"Handicap"	"5"	"6"	"Manning, K J"	"Cromwell, Gavin Patrick"	"5.5f "	"0"	"5"	"4"	"11"
"15:15:00"	"2018-10-24"	"Navan"	"Miss Power (IRE)"	"1.88"	"2.91"	"Handicap"	"6"	"6"	"Foley, Shane"	"Lynam, Edward"	"5.5f "	"0"	"10"	"3"	"16"
"14:40:00"	"2018-10-24"	"Navan"	"Dash Dor (IRE)"	"5.00"	"6.6"	"Handicap"	"1"	"11"	"Hogan, D E"	"Cotter, Kieran P"	"5f "	"0"	"10"	"15"	"23"
"14:40:00"	"2018-10-24"	"Navan"	"Gopsies Daughter (IRE)"	"5.50"	"6.46"	"Handicap"	"2"	"11"	"Leonard, Killian"	"Hogan, Denis Gerard"	"5f "	"0"	"10"	"4"	"16"
"17:00:00"	"2018-10-23"	"Yarmouth"	"Danish Duke (IRE)"	"3.50"	"5.3"	"Handicap"	"1"	"11"	"Mitchell, Jack"	"Carr, Mrs R A"	"6f "	"6"	"6"	"3"	"14"
"17:00:00"	"2018-10-23"	"Yarmouth"	"Shyarch"	"7.00"	"8.23"	"Handicap"	"5"	"11"	"Queally, T P"	"Dunnett, Mrs C A"	"6f "	"6"	"8"	"6"	"10"
"17:00:00"	"2018-10-23"	"Yarmouth"	"Ocean Temptress"	"4.00"	"5.39"	"Handicap"	"8"	"11"	"Fallon, Cieren"	"Ryan, J"	"6f "	"6"	"6"	"12"	"14"
"17:00:00"	"2018-10-23"	"Yarmouth"	"Juan Horsepower"	"7.50"	"9.4"	"Handicap"	"11"	"11"	"Brock, Danny"	"Chapple-Hyam, Jane"	"6f "	"6"	"10"	"2"	"9"
"16:30:00"	"2018-10-23"	"Yarmouth"	"Gabrielle"	"4.50"	"6.77"	"Handicap"	"4"	"12"	"Ryan, Rossa"	"Scargill, Dr J D"	"7f "	"6"	"8"	"3"	"10"
"16:30:00"	"2018-10-23"	"Yarmouth"	"Topmeup"	"7.00"	"9.76"	"Handicap"	"7"	"12"	"Gordon, Josephine"	"Kelleway, Miss Gay"	"7f "	"6"	"8"	"5"	"10"
"16:30:00"	"2018-10-23"	"Yarmouth"	"Ubla (IRE)"	"8.50"	"10.5"	"Handicap"	"10"	"12"	"Jones, Mr A T"	"Kelleway, Miss Gay"	"7f "	"6"	"8"	"1"	"10"
"14:40:00"	"2018-10-22"	"Windsor"	"Jack Nevison"	"10.00"	"15.73"	"Claimer"	"4"	"14"	"Morris, Luke"	"Appleby, M"	"6f "	"5"	"9"	"3"	"8"
"13:40:00"	"2018-10-22"	"Windsor"	"Flowing Clarets"	"8.00"	"9.6"	"Handicap"	"1"	"16"	"Jones, Liam"	"Bridger, J / Cook, R"	"5f "	"6"	"7"	"9"	"9"
"13:40:00"	"2018-10-22"	"Windsor"	"Everkyllachy (IRE)"	"5.00"	"8"	"Handicap"	"4"	"16"	"Winston, Robert"	"Moore, J S"	"5f "	"6"	"4"	"2"	"14"
"13:40:00"	"2018-10-22"	"Windsor"	"Fantasy Justifier (IRE)"	"9.00"	"12.5"	"Handicap"	"5"	"16"	"Probert, David"	"Harris, R A"	"5f "	"6"	"5"	"16"	"17"
"16:20:00"	"2018-10-19"	"Redcar"	"Young John (IRE)"	"4.00"	"5.3"	"Handicap"	"4"	"13"	"Murtagh, Connor"	"Murphy, Mike"	"7f "	"5"	"10"	"2"	"11"
"16:20:00"	"2018-10-19"	"Redcar"	"Acadian Angel (IRE)"	"7.50"	"7.71"	"Handicap"	"8"	"13"	"Stott, Kevin"	"Quinn, J J"	"7f "	"5"	"8"	"3"	"13"
"15:50:00"	"2018-10-19"	"Redcar"	"Mischief Managed (IRE)"	"4.50"	"5.54"	"Handicap"	"1"	"13"	"Fentiman, Duran"	"Easterby, T D"	"7f "	"5"	"8"	"3"	"14"
"15:50:00"	"2018-10-19"	"Redcar"	"Benjamin Thomas (IRE)"	"8.00"	"11.57"	"Handicap"	"11"	"13"	"Hart, Jason"	"Quinn, J J"	"7f "	"5"	"8"	"3"	"14"
"15:05:00"	"2018-10-19"	"Haydock"	"Tawny Port"	"4.00"	"5.12"	"Handicap"	"3"	"11"	"Costello, Dougie"	"Given, J G"	"6f "	"3"	"7"	"5"	"19"
"15:05:00"	"2018-10-19"	"Haydock"	"Al Qahwa (IRE)"	"7.00"	"9.72"	"Handicap"	"7"	"11"	"McGovern, C J"	"OMeara, D"	"6f "	"3"	"6"	"12"	"17"
"17:15:00"	"2018-10-17"	"Nottingham"	"Astrophysics"	"14.00"	"15"	"Handicap"	"8"	"14"	"Aspell, P"	"Siddall, Miss L C"	"5f "	"6"	"5"	"8"	"9"
"16:40:00"	"2018-10-17"	"Nottingham"	"Suwaan (IRE)"	"14.00"	"16.97"	"Handicap"	"7"	"14"	"Sullivan, James P"	"Carr, Mrs R A"	"5f "	"4"	"8"	"3"	"12"
"16:40:00"	"2018-10-17"	"Nottingham"	"Manshood (IRE)"	"6.50"	"9.21"	"Handicap"	"9"	"14"	"Shoemark, Kieran"	"Midgley, P T"	"5f "	"4"	"8"	"9"	"13"
"17:05:00"	"2018-10-15"	"Yarmouth"	"Champagne Bob"	"5.50"	"7"	"Handicap"	"4"	"10"	"Fisher, Jonathan"	"Price, R J"	"7f "	"6"	"6"	"3"	"14"
"17:05:00"	"2018-10-15"	"Yarmouth"	"Topmeup"	"5.00"	"6.69"	"Handicap"	"5"	"10"	"Beech, Aled J"	"Kelleway, Miss Gay"	"7f "	"6"	"6"	"6"	"13"
"16:30:00"	"2018-10-15"	"Yarmouth"	"Spinart"	"6.00"	"8.93"	"Handicap"	"7"	"12"	"Fahy, J P"	"Sly, Mrs P"	"1m "	"5"	"10"	"4"	"13"
"15:50:00"	"2018-10-15"	"Musselburgh"	"Mythmaker"	"2.75"	"3.76"	"Non-Handicap"	"5"	"7"	"Lee, G"	"Smart, B"	"5f "	"3"	"9"	"4"	"10"
"15:50:00"	"2018-10-15"	"Musselburgh"	"Bossipop"	"22.00"	"45.88"	"Non-Handicap"	"6"	"7"	"Gormley, Jamie"	"Easterby, T D"	"5f "	"3"	"3"	"3"	"18"
"16:25:00"	"2018-10-12"	"York"	"Just Glamorous (IRE)"	"12.00"	"14.08"	"Handicap"	"9"	"18"	"Probert, David"	"Harris, R A"	"5f "	"3"	"6"	"6"	"10"
"16:25:00"	"2018-10-12"	"York"	"Holmeswood"	"4.00"	"5.5"	"Handicap"	"13"	"18"	"Rodriguez, Callum"	"Dods, M"	"5f "	"3"	"6"	"2"	"11"
"15:10:00"	"2018-10-11"	"Ayr"	"Inexes"	"8.00"	"9.36"	"Handicap"	"8"	"11"	"Hart, Jason"	"Fife, Mrs Marjorie"	"6f "	"4"	"9"	"1"	"12"
"14:35:00"	"2018-10-11"	"Ayr"	"Star Cracker (IRE)"	"5.50"	"7.73"	"Handicap"	"14"	"17"	"Gormley, Jamie"	"Goldie, J S"	"5f "	"6"	"8"	"2"	"14"
"18:00:00"	"2018-10-09"	"Leicester"	"Plucky Dip"	"7.00"	"8.18"	"Handicap"	"4"	"14"	"Pearson, Laura"	"Ryan, J"	"7f "	"6"	"1"	"10"	"16"
"17:30:00"	"2018-10-09"	"Leicester"	"Swanton Blue (IRE)"	"4.50"	"6.2"	"Handicap"	"3"	"11"	"Cronin, S C"	"De Giles, Ed"	"6f "	"5"	"9"	"1"	"10"
"17:15:00"	"2018-10-09"	"Catterick"	"Pearl Noir"	"3.50"	"4.96"	"Handicap"	"1"	"14"	"Newmarch, Gareth"	"Dixon, Scott"	"5f "	"6"	"8"	"2"	"13"
"17:15:00"	"2018-10-09"	"Catterick"	"Nifty Niece (IRE)"	"20.00"	"25.63"	"Handicap"	"9"	"14"	"McCain, Abbie"	"Duffield, Mrs A"	"5f "	"6"	"6"	"14"	"14"
"16:55:00"	"2018-10-09"	"Leicester"	"Compas Scoobie"	"2.75"	"4.23"	"Handicap"	"2"	"11"	"Noble, Cameron"	"Williams, S C"	"6f "	"5"	"5"	"1"	"9"
"16:55:00"	"2018-10-09"	"Leicester"	"Hammer Gun (USA)"	"10.00"	"13.88"	"Handicap"	"8"	"11"	"Norton, Francis"	"Shaw, D"	"6f "	"5"	"3"	"7"	"8"
"17:05:00"	"2018-10-08"	"Windsor"	"Plucky Dip"	"8.00"	"10"	"Handicap"	"10"	"16"	"McEntee, Grace"	"Ryan, J"	"6f "	"6"	"7"	"1"	"14"
"17:05:00"	"2018-10-08"	"Windsor"	"Cold Fusion (IRE)"	"100.00"	"252.93"	"Handicap"	"12"	"16"	"Peck, Antonia"	"Williams, D L"	"6f "	"6"	"7"	"11"	"11"
"18:10:00"	"2018-10-06"	"Redcar"	"Merry Banter"	"16.00"	"22"	"Handicap"	"1"	"12"	"Robinson, Ben"	"Midgley, P T"	"5f "	"4"	"10"	"7"	"8"
"18:10:00"	"2018-10-06"	"Redcar"	"Bashiba (IRE)"	"5.00"	"6.4"	"Handicap"	"2"	"12"	"Edmunds, Lewis"	"Tinkler, N"	"5f "	"4"	"7"	"4"	"12"
"18:10:00"	"2018-10-06"	"Redcar"	"Jabbarockie"	"3.50"	"4.7"	"Handicap"	"3"	"12"	"Hart, Jason"	"Alston, E J"	"5f "	"4"	"7"	"9"	"17"
"18:10:00"	"2018-10-06"	"Redcar"	"Computable"	"18.00"	"25"	"Handicap"	"4"	"12"	"Evans, Nathan"	"Easterby, T D"	"5f "	"4"	"9"	"2"	"14"
"18:10:00"	"2018-10-06"	"Redcar"	"Desert Ace (IRE)"	"14.00"	"21"	"Handicap"	"6"	"12"	"Stott, Kevin"	"Midgley, P T"	"5f "	"4"	"9"	"1"	"14"
"16:45:00"	"2018-10-06"	"Ascot"	"Holmeswood"	"4.50"	"6.2"	"Handicap"	"2"	"11"	"Rodriguez, Callum"	"Dods, M"	"5f "	"3"	"7"	"4"	"17"
"16:45:00"	"2018-10-06"	"Ascot"	"Only Spoofing (IRE)"	"8.00"	"9.22"	"Handicap"	"4"	"11"	"Davis, Sean"	"OKeeffe, Jedd"	"5f "	"3"	"6"	"3"	"11"
"16:45:00"	"2018-10-06"	"Ascot"	"Royal Brave (IRE)"	"20.00"	"29.27"	"Handicap"	"8"	"11"	"Ffrench, Royston"	"Bastiman, Rebecca"	"5f "	"3"	"7"	"1"	"11"
"17:25:00"	"2018-10-03"	"Salisbury"	"Equimou"	"7.00"	"8.6"	"Handicap"	"1"	"9"	"Harley, M"	"Eddery, Robert"	"5f "	"4"	"9"	"6"	"11"
"17:25:00"	"2018-10-03"	"Salisbury"	"Blaine"	"14.00"	"18.83"	"Handicap"	"UR"	"9"	"Ingram, Rhiain B"	"Barr, Brian"	"5f "	"4"	"7"	"5"	"12"
"17:15:00"	"2018-10-03"	"Nottingham"	"Musharrif"	"5.50"	"7.2"	"Handicap"	"2"	"13"	"Hart, Jason"	"Carroll, D"	"5f "	"5"	"5"	"4"	"14"
"17:15:00"	"2018-10-03"	"Nottingham"	"Tan"	"5.00"	"7.02"	"Handicap"	"4"	"13"	"Rawlinson, Ali"	"Appleby, M"	"5f "	"5"	"4"	"3"	"12"
"16:20:00"	"2018-10-03"	"Salisbury"	"Sir Roderic (IRE)"	"4.50"	"5.6"	"Handicap"	"4"	"10"	"Atzeni, Andrea"	"Millman, B R"	"6f "	"4"	"7"	"7"	"9"
"15:35:00"	"2018-10-03"	"Nottingham"	"Case Key"	"10.00"	"14.18"	"Handicap"	"2"	"14"	"Ffrench, Royston"	"Appleby, M"	"6f "	"3"	"4"	"1"	"12"
"15:35:00"	"2018-10-03"	"Nottingham"	"Casterbridge"	"20.00"	"32.16"	"Handicap"	"13"	"14"	"Hart, Jason"	"Alston, E J"	"6f "	"3"	"7"	"2"	"16"
"15:15:00"	"2018-10-02"	"Ayr"	"Zebulon (IRE)"	"18.00"	"26"	"Handicap"	"6"	"12"	"Mullen, Andrew"	"Carr, Mrs R A"	"6f "	"5"	"10"	"7"	"12"
"15:15:00"	"2018-10-02"	"Ayr"	"Fumbo Jumbo (IRE)"	"14.00"	"18.71"	"Handicap"	"9"	"12"	"Rodriguez, Callum"	"Dods, M"	"6f "	"5"	"6"	"3"	"16"
"14:15:00"	"2018-10-02"	"Naas"	"Dash Dor (IRE)"	"6.00"	"6.98"	"Handicap"	"1"	"20"	"Hoban, Connor"	"Cotter, Kieran P"	"6f "	"0"	"3"	"2"	"21"
"14:15:00"	"2018-10-02"	"Naas"	"Althib"	"16.00"	"22.9"	"Handicap"	"6"	"20"	"Lordan, W M"	"Hogan, Denis Gerard"	"6f "	"0"	"10"	"7"	"16"
"14:15:00"	"2018-10-02"	"Naas"	"Polly Douglas (IRE)"	"4.00"	"5.63"	"Handicap"	"11"	"20"	"Hogan, D E"	"Cotter, Kieran P"	"6f "	"0"	"3"	"1"	"21"
"14:15:00"	"2018-10-02"	"Naas"	"Double Czech (IRE)"	"50.00"	"149.78"	"Handicap"	"15"	"20"	"Persse, A C"	"McCourt, T G"	"6f "	"0"	"8"	"9"	"10"
"14:15:00"	"2018-10-02"	"Naas"	"Lilys Prince (IRE)"	"14.00"	"25"	"Handicap"	"18"	"20"	"Orr, Oisin"	"Donnelly, Garvan"	"6f "	"0"	"8"	"5"	"16"
"15:35:00"	"2018-10-01"	"Catterick"	"Kibaar"	"14.00"	"18.61"	"Handicap"	"5"	"13"	"Sullivan, James P"	"Carr, Mrs R A"	"5f "	"6"	"10"	"1"	"14"
"15:35:00"	"2018-10-01"	"Catterick"	"Market Choice (IRE)"	"40.00"	"48"	"Handicap"	"10"	"13"	"Mathers, Patrick"	"Waggott, Miss Tracy"	"5f "	"6"	"9"	"9"	"14"
"17:25:00"	"2018-09-30"	"Musselburgh"	"Griffin Street"	"18.00"	"25"	"Handicap"	"2"	"6"	"Breslin, Andrew"	"Whillans, A C"	"5f "	"6"	"9"	"13"	"13"
"17:25:00"	"2018-09-30"	"Musselburgh"	"Thornaby Princess"	"9.00"	"11.44"	"Handicap"	"4"	"6"	"Muir, Paula"	"Teague, C J"	"5f "	"6"	"9"	"9"	"13"
"15:45:00"	"2018-09-30"	"Musselburgh"	"Rasheeq (IRE)"	"4.00"	"5.6"	"Handicap"	"7"	"8"	"Allan, David"	"Easterby, T D"	"5f "	"5"	"10"	"4"	"20"
"16:45:00"	"2018-09-29"	"Ripon"	"Alfies Angel (IRE)"	"12.00"	"13.02"	"Handicap"	"3"	"12"	"Pindar, Rhonda"	"Tutty, Mrs K J"	"6f "	"5"	"5"	"7"	"10"
"16:45:00"	"2018-09-29"	"Ripon"	"Etienne Gerard"	"33.00"	"44.18"	"Handicap"	"7"	"12"	"Clifton, Izzy"	"Tinkler, N"	"6f "	"5"	"3"	"14"	"18"
"16:45:00"	"2018-09-29"	"Ripon"	"Muatadel"	"5.00"	"6.8"	"Handicap"	"10"	"12"	"Mitchell, Jacob"	"Fell, R / Murray, S"	"6f "	"5"	"1"	"3"	"12"
"16:45:00"	"2018-09-29"	"Ripon"	"Point Of Woods"	"10.00"	"12.5"	"Handicap"	"11"	"12"	"Francis, Isobel"	"Jackson, Miss T"	"6f "	"5"	"3"	"5"	"16"
"15:50:00"	"2018-09-29"	"Haydock"	"The Daley Express (IRE)"	"25.00"	"46"	"Handicap"	"6"	"15"	"Shoemark, Kieran"	"Harris, R A"	"6f "	"3"	"5"	"7"	"9"
"15:50:00"	"2018-09-29"	"Haydock"	"Nuns Walk"	"9.00"	"15.07"	"Handicap"	"7"	"15"	"Dodsworth, Robert"	"Easterby, T D"	"6f "	"3"	"9"	"2"	"9"
"15:50:00"	"2018-09-29"	"Haydock"	"Kenny The Captain (IRE)"	"14.00"	"23"	"Handicap"	"10"	"15"	"Richardson, Rachel"	"Easterby, T D"	"6f "	"3"	"8"	"4"	"23"
"15:05:00"	"2018-09-29"	"Ripon"	"Tan"	"6.50"	"8.6"	"Handicap"	"3"	"12"	"Rawlinson, Ali"	"Appleby, M"	"5f "	"4"	"9"	"7"	"7"
"18:00:00"	"2018-09-26"	"Redcar"	"Carlovian"	"5.50"	"6.85"	"Handicap"	"3"	"18"	"Muir, Paula"	"Walford, Mark"	"6f "	"6"	"4"	"5"	"14"
"18:00:00"	"2018-09-26"	"Redcar"	"Someone Exciting"	"7.00"	"11.93"	"Handicap"	"8"	"18"	"Rodriguez, Callum"	"Thompson, D W"	"6f "	"6"	"2"	"2"	"10"
"17:00:00"	"2018-09-26"	"Redcar"	"Fumbo Jumbo (IRE)"	"16.00"	"34"	"Handicap"	"3"	"16"	"Beasley, Connor"	"Dods, M"	"5f "	"5"	"7"	"12"	"16"
"17:00:00"	"2018-09-26"	"Redcar"	"Point Of Woods"	"14.00"	"18.5"	"Handicap"	"5"	"16"	"Scott, Rowan"	"Jackson, Miss T"	"5f "	"5"	"8"	"12"	"13"
"17:00:00"	"2018-09-26"	"Redcar"	"Tricky Dicky"	"6.00"	"7.91"	"Handicap"	"6"	"16"	"Murtagh, Connor"	"Williams, Olly"	"5f "	"5"	"7"	"14"	"16"
"17:00:00"	"2018-09-26"	"Redcar"	"Twentysvnthlancers"	"25.00"	"34.03"	"Handicap"	"12"	"16"	"Lee, G"	"Midgley, P T"	"5f "	"5"	"7"	"6"	"16"
"16:30:00"	"2018-09-26"	"Redcar"	"Torrid"	"1.88"	"3.15"	"Seller"	"3"	"10"	"Evans, Nathan"	"Easterby, M W"	"1m "	"5"	"6"	"7"	"12"
"15:05:00"	"2018-09-26"	"Goodwood"	"Major Pusey"	"10.00"	"11.65"	"Handicap"	"9"	"12"	"Bennett, Charlie"	"Gallagher, J"	"6f "	"4"	"2"	"11"	"11"
"15:05:00"	"2018-09-26"	"Goodwood"	"Just An Idea (IRE)"	"14.00"	"27.24"	"Handicap"	"12"	"12"	"Gordon, Josephine"	"Dunlop, H J L"	"6f "	"4"	"8"	"8"	"12"
"15:55:00"	"2018-09-25"	"Beverley"	"Orvar (IRE)"	"5.50"	"7.2"	"Non-Handicap"	"1"	"7"	"Fanning, Joe"	"Midgley, P T"	"5f "	"3"	"10"	"16"	"21"
"15:55:00"	"2018-09-25"	"Beverley"	"Perfect Pasture"	"1.00"	"2.18"	"Non-Handicap"	"2"	"7"	"Evans, Nathan"	"Easterby, M W"	"5f "	"3"	"3"	"6"	"25"
"17:50:00"	"2018-09-24"	"Leicester"	"Plucky Dip"	"25.00"	"48.23"	"Handicap"	"1"	"13"	"Fallon, Cieren"	"Ryan, J"	"7f "	"6"	"7"	"6"	"14"
"17:50:00"	"2018-09-24"	"Leicester"	"Tifl"	"6.50"	"7.64"	"Handicap"	"5"	"13"	"Cronin, S C"	"Main, Mrs H S"	"7f "	"6"	"4"	"5"	"12"
"17:50:00"	"2018-09-24"	"Leicester"	"Champagne Bob"	"4.00"	"5.29"	"Handicap"	"9"	"13"	"Fisher, Jonathan"	"Price, R J"	"7f "	"6"	"8"	"2"	"11"
"16:30:00"	"2018-09-24"	"Hamilton"	"Hot Hannah"	"4.00"	"5.6"	"Handicap"	"2"	"9"	"Fanning, Joe"	"Dods, M"	"5f "	"5"	"4"	"3"	"20"
"15:50:00"	"2018-09-24"	"Leicester"	"Equimou"	"11.00"	"13.65"	"Handicap"	"6"	"11"	"Carson, William"	"Eddery, Robert"	"5f "	"3"	"6"	"7"	"9"
"15:50:00"	"2018-09-24"	"Leicester"	"Bossipop"	"8.00"	"9.52"	"Handicap"	"9"	"11"	"Egan, John"	"Easterby, T D"	"5f "	"3"	"9"	"11"	"12"
"14:30:00"	"2018-09-24"	"Hamilton"	"Dutch Dream"	"50.00"	"85.79"	"Handicap"	"RR"	"10"	"Fentiman, Duran"	"Perratt, Miss L A"	"6f "	"6"	"4"	"20"	"20"
"14:00:00"	"2018-09-24"	"Hamilton"	"Tadaany (IRE)"	"6.50"	"8"	"Handicap"	"1"	"10"	"Sullivan, James P"	"Carr, Mrs R A"	"6f "	"6"	"9"	"4"	"11"
"17:35:00"	"2018-09-22"	"Newmarket (Rowley)"	"Bernardo OReilly"	"6.00"	"9.08"	"Handicap"	"3"	"7"	"Queally, T P"	"Spencer, Richard"	"6f "	"4"	"8"	"9"	"9"
"17:35:00"	"2018-09-22"	"Newmarket (Rowley)"	"Highland Acclaim (IRE)"	"3.50"	"4.9"	"Handicap"	"4"	"7"	"Spencer, Jamie"	"OMeara, D"	"6f "	"4"	"7"	"7"	"12"
"14:45:00"	"2018-09-22"	"Newmarket (Rowley)"	"Compas Scoobie"	"25.00"	"50"	"Handicap"	"5"	"9"	"Naseb, Milly"	"Williams, S C"	"7f "	"4"	"8"	"4"	"9"
"14:45:00"	"2018-09-22"	"Newmarket (Rowley)"	"Firmdecisions (IRE)"	"8.00"	"10.81"	"Handicap"	"6"	"9"	"Edmunds, Lewis"	"Tinkler, N"	"7f "	"4"	"4"	"7"	"10"
"16:45:00"	"2018-09-20"	"Ayr"	"One Boy (IRE)"	"12.00"	"16.25"	"Handicap"	"5"	"20"	"Lee, G"	"Midgley, P T"	"5f "	"5"	"9"	"9"	"14"
"16:45:00"	"2018-09-20"	"Ayr"	"Pearl Acclaim (IRE)"	"14.00"	"24"	"Handicap"	"12"	"20"	"Norton, Francis"	"Griffiths, D C"	"5f "	"5"	"9"	"2"	"14"
"16:45:00"	"2018-09-20"	"Ayr"	"Dutch Dream"	"66.00"	"198.78"	"Handicap"	"20"	"20"	"Gray, S A"	"Perratt, Miss L A"	"5f "	"5"	"7"	"12"	"15"
"16:35:00"	"2018-09-20"	"Yarmouth"	"Tan"	"9.00"	"14.84"	"Handicap"	"7"	"7"	"Dwyer, Martin"	"Appleby, M"	"6f "	"3"	"6"	"7"	"9"
"16:30:00"	"2018-09-19"	"Beverley"	"Twentysvnthlancers"	"20.00"	"33.19"	"Handicap"	"6"	"16"	"Mullen, Andrew"	"Midgley, P T"	"5f "	"5"	"4"	"8"	"9"
"16:30:00"	"2018-09-19"	"Beverley"	"Arnold"	"10.00"	"13.93"	"Handicap"	"11"	"16"	"Fanning, Joe"	"Duffield, Mrs A"	"5f "	"5"	"8"	"3"	"11"
"13:40:00"	"2018-09-19"	"Sandown"	"Saaheq"	"1.75"	"2.91"	"Handicap"	"1"	"11"	"Morris, Luke"	"Appleby, M"	"5f "	"5"	"7"	"1"	"12"
"13:40:00"	"2018-09-19"	"Sandown"	"Operative"	"3.00"	"4.58"	"Handicap"	"5"	"11"	"Hornby, Rob"	"De Giles, Ed"	"5f "	"5"	"5"	"6"	"9"
"13:40:00"	"2018-09-19"	"Sandown"	"Kasbah (IRE)"	"4.00"	"5.4"	"Handicap"	"6"	"11"	"Mitchell, Jack"	"Perrett, Mrs A J"	"5f "	"5"	"4"	"2"	"10"
"16:50:00"	"2018-09-18"	"Yarmouth"	"Equimou"	"2.00"	"3.01"	"Handicap"	"7"	"9"	"Harley, M"	"Eddery, Robert"	"5f "	"4"	"3"	"5"	"8"
"16:10:00"	"2018-09-18"	"Redcar"	"Give It Some Teddy"	"3.50"	"4.9"	"Handicap"	"5"	"10"	"Hart, Jason"	"Easterby, T D"	"1m "	"4"	"9"	"10"	"19"
"16:10:00"	"2018-09-18"	"Redcar"	"Royal Shaheen (FR)"	"6.00"	"7.84"	"Handicap"	"6"	"10"	"Rodriguez, Callum"	"Whillans, A C"	"1m "	"4"	"6"	"2"	"10"
"15:50:00"	"2018-09-18"	"Yarmouth"	"Case Key"	"6.50"	"7.8"	"Handicap"	"3"	"12"	"Ffrench, Royston"	"Appleby, M"	"6f "	"5"	"10"	"4"	"16"
"15:40:00"	"2018-09-18"	"Redcar"	"Rantan (IRE)"	"11.00"	"14.79"	"Handicap"	"5"	"13"	"Lee, G"	"Midgley, P T"	"6f "	"5"	"10"	"11"	"16"
"15:40:00"	"2018-09-18"	"Redcar"	"Etikaal"	"10.00"	"10.72"	"Handicap"	"6"	"13"	"Garritty, Jack"	"Tuer, Grant"	"6f "	"5"	"10"	"15"	"16"
"15:40:00"	"2018-09-18"	"Redcar"	"Scuzeme"	"16.00"	"18.22"	"Handicap"	"8"	"13"	"Fanning, Joe"	"Barron, T D"	"6f "	"5"	"5"	"10"	"15"
"15:10:00"	"2018-09-18"	"Redcar"	"Tadaawol"	"3.50"	"4.54"	"Handicap"	"1"	"10"	"Muir, Paula"	"Fell, R / Murray, S"	"7f "	"4"	"3"	"6"	"11"
"15:10:00"	"2018-09-18"	"Redcar"	"Caridade (USA)"	"9.00"	"11.67"	"Handicap"	"9"	"10"	"Bridgwater, Poppy"	"Ryan, K A"	"7f "	"4"	"9"	"6"	"15"
"18:55:00"	"2018-09-15"	"Musselburgh"	"Kinloch Pride"	"4.00"	"5.7"	"Handicap"	"2"	"9"	"Dennis, Phil"	"Wilson, N"	"5f "	"6"	"8"	"6"	"8"
"18:55:00"	"2018-09-15"	"Musselburgh"	"Griffin Street"	"33.00"	"42.61"	"Handicap"	"5"	"9"	"Sullivan, James P"	"Whillans, A C"	"5f "	"6"	"8"	"5"	"12"
"18:55:00"	"2018-09-15"	"Musselburgh"	"Newgate Sioux"	"10.00"	"13.49"	"Handicap"	"PU"	"9"	"Mullen, Andrew"	"Coyle, Tony"	"5f "	"6"	"8"	"4"	"12"
"18:55:00"	"2018-09-13"	"Hamilton"	"Yes You (IRE)"	"2.75"	"4.46"	"Handicap"	"4"	"7"	"Gormley, Jamie"	"Jardine, I"	"6f "	"3"	"5"	"1"	"16"
"17:00:00"	"2018-09-13"	"Ffos Las"	"Sir Roderic (IRE)"	"6.50"	"8.84"	"Handicap"	"3"	"8"	"Haynes, Joey"	"Millman, B R"	"6f "	"4"	"10"	"1"	"11"
"16:05:00"	"2018-09-13"	"Doncaster"	"Big Lachie"	"12.00"	"18.85"	"Handicap"	"1"	"18"	"Cooley, Miss J"	"Loughnane, Daniel Mark"	"6f "	"3"	"6"	"4"	"19"
"16:05:00"	"2018-09-13"	"Doncaster"	"Kenny The Captain (IRE)"	"3.50"	"4.91"	"Handicap"	"2"	"18"	"Easterby, Miss E"	"Easterby, T D"	"6f "	"3"	"5"	"3"	"16"
"16:05:00"	"2018-09-13"	"Doncaster"	"Top Boy"	"25.00"	"52.66"	"Handicap"	"4"	"18"	"Brotherton, Miss S"	"Shaw, D"	"6f "	"3"	"5"	"8"	"16"
"15:45:00"	"2018-09-13"	"Hamilton"	"Alfies Angel (IRE)"	"6.00"	"7.63"	"Handicap"	"5"	"15"	"Tutty, Gemma"	"Tutty, Mrs K J"	"6f "	"6"	"1"	"5"	"14"
"15:45:00"	"2018-09-13"	"Hamilton"	"Willsy"	"18.00"	"26"	"Handicap"	"14"	"15"	"Gormley, Jamie"	"Bishop, Frank"	"6f "	"6"	"8"	"5"	"12"
"15:45:00"	"2018-09-13"	"Hamilton"	"Dodgy Bob"	"5.50"	"7.21"	"Handicap"	"15"	"15"	"Dennis, Phil"	"Mullineaux, M"	"6f "	"6"	"7"	"4"	"12"
"17:15:00"	"2018-09-12"	"Doncaster"	"Bashiba (IRE)"	"6.50"	"8.4"	"Handicap"	"3"	"12"	"Scott, Rowan"	"Tinkler, N"	"5f "	"4"	"9"	"5"	"9"
"17:15:00"	"2018-09-12"	"Doncaster"	"Lydiate Lady"	"12.00"	"15.21"	"Handicap"	"5"	"12"	"Mathers, Patrick"	"Alston, E J"	"5f "	"4"	"5"	"5"	"10"
"17:15:00"	"2018-09-12"	"Doncaster"	"Canford Bay (IRE)"	"12.00"	"15.06"	"Handicap"	"8"	"12"	"Hardie, Cameron"	"Brittain, Antony"	"5f "	"4"	"5"	"5"	"8"
"16:15:00"	"2018-09-12"	"Carlisle"	"Chaplin Bay (IRE)"	"14.00"	"20.24"	"Handicap"	"3"	"14"	"Sullivan, James P"	"Carr, Mrs R A"	"6f "	"5"	"6"	"5"	"12"
"16:15:00"	"2018-09-12"	"Carlisle"	"Stubytuesday"	"16.00"	"19.63"	"Handicap"	"14"	"14"	"Evans, Nathan"	"Easterby, M W"	"6f "	"5"	"6"	"11"	"12"
"15:35:00"	"2018-09-12"	"Doncaster"	"Zeshov (IRE)"	"8.00"	"10.15"	"Non-Handicap"	"4"	"16"	"Culhane, Tony"	"Bastiman, Rebecca"	"1m "	"5"	"5"	"1"	"7"
"17:10:00"	"2018-09-11"	"Catterick"	"Pearl Acclaim (IRE)"	"11.00"	"14"	"Handicap"	"2"	"14"	"Dennis, Phil"	"Griffiths, D C"	"5f "	"6"	"4"	"6"	"12"
"17:10:00"	"2018-09-11"	"Catterick"	"Lexington Place"	"8.00"	"11.44"	"Handicap"	"5"	"14"	"Sullivan, James P"	"Carr, Mrs R A"	"5f "	"6"	"10"	"8"	"16"
"17:10:00"	"2018-09-11"	"Catterick"	"Highly Focussed (IRE)"	"5.50"	"6.8"	"Handicap"	"6"	"14"	"Fanning, Joe"	"Duffield, Mrs A"	"5f "	"6"	"8"	"13"	"14"
"17:10:00"	"2018-09-11"	"Catterick"	"Celerity (IRE)"	"40.00"	"65"	"Handicap"	"8"	"14"	"Whittington, Elisha"	"Williamson, Mrs L"	"5f "	"6"	"6"	"8"	"10"
"17:10:00"	"2018-09-11"	"Catterick"	"Culloden"	"50.00"	"65"	"Handicap"	"10"	"14"	"Hardie, Cameron"	"Harris, S A"	"5f "	"6"	"6"	"6"	"10"
"15:45:00"	"2018-09-11"	"Leicester"	"Line Of Reason (IRE)"	"2.75"	"3.95"	"Non-Handicap"	"3"	"3"	"Rodriguez, Callum"	"Midgley, P T"	"5f "	"3"	"10"	"4"	"11"
"17:05:00"	"2018-09-08"	"Ascot"	"Delagate This Lord"	"12.00"	"16.5"	"Handicap"	"3"	"14"	"Egan, David"	"Attwater, M J"	"5f "	"3"	"5"	"4"	"9"
"17:05:00"	"2018-09-08"	"Ascot"	"Bahamian Sunrise"	"14.00"	"21.96"	"Handicap"	"8"	"14"	"Ryan, Rossa"	"Gallagher, J"	"5f "	"3"	"7"	"3"	"14"
"16:20:00"	"2018-09-08"	"Thirsk"	"Yes You (IRE)"	"5.50"	"6.86"	"Handicap"	"1"	"16"	"Gormley, Jamie"	"Jardine, I"	"6f "	"4"	"8"	"5"	"7"
"16:20:00"	"2018-09-08"	"Thirsk"	"Kenny The Captain (IRE)"	"4.00"	"5.2"	"Handicap"	"3"	"16"	"Dodsworth, Robert"	"Easterby, T D"	"6f "	"4"	"8"	"9"	"14"
"16:20:00"	"2018-09-08"	"Thirsk"	"Venturous (IRE)"	"4.50"	"7.48"	"Handicap"	"10"	"16"	"Lee, Clifford"	"Barron, T D"	"6f "	"4"	"7"	"4"	"10"
"16:20:00"	"2018-09-08"	"Thirsk"	"Etikaal"	"33.00"	"71.83"	"Handicap"	"15"	"16"	"Garritty, Jack"	"Tuer, Grant"	"6f "	"4"	"9"	"12"	"12"
"19:30:00"	"2018-09-07"	"Musselburgh"	"Newgate Sioux"	"9.00"	"12"	"Handicap"	"4"	"12"	"Gray, S A"	"Coyle, Tony"	"5f "	"6"	"8"	"3"	"9"
"19:30:00"	"2018-09-07"	"Musselburgh"	"Encoded (IRE)"	"9.00"	"11.15"	"Handicap"	"7"	"12"	"Dodsworth, Robert"	"Siddall, Miss L C"	"5f "	"6"	"7"	"3"	"14"
"19:30:00"	"2018-09-07"	"Musselburgh"	"Jorvik Prince"	"3.50"	"5.08"	"Handicap"	"10"	"12"	"Tutty, Gemma"	"Tutty, Mrs K J"	"5f "	"6"	"9"	"3"	"10"
"19:30:00"	"2018-09-07"	"Musselburgh"	"Knockamany Bends (IRE)"	"12.00"	"18.53"	"Handicap"	"12"	"12"	"Hart, Jason"	"Wainwright, J S"	"5f "	"6"	"7"	"5"	"11"
"17:00:00"	"2018-09-07"	"Musselburgh"	"Kinloch Pride"	"4.00"	"5.1"	"Handicap"	"6"	"8"	"Dennis, Phil"	"Wilson, N"	"5f "	"5"	"9"	"3"	"9"
"16:55:00"	"2018-09-07"	"Ascot"	"Parnassian (IRE)"	"4.50"	"6.54"	"Handicap"	"9"	"19"	"Watson, Jason"	"Perrett, Mrs A J"	"6f "	"4"	"4"	"2"	"11"
"18:00:00"	"2018-09-06"	"Carlisle"	"Dodgy Bob"	"66.00"	"120"	"Handicap"	"4"	"12"	"Dennis, Phil"	"Mullineaux, M"	"6f "	"5"	"8"	"9"	"10"
"18:00:00"	"2018-09-06"	"Carlisle"	"Lucky Beggar (IRE)"	"12.00"	"17.5"	"Handicap"	"12"	"12"	"Edmunds, Lewis"	"Griffiths, D C"	"6f "	"5"	"10"	"3"	"12"
"13:50:00"	"2018-09-06"	"Salisbury"	"The Groove"	"1.88"	"3.19"	"Handicap"	"2"	"8"	"Fallon, Cieren"	"Evans, P D"	"1m "	"5"	"3"	"4"	"6"
"13:50:00"	"2018-09-06"	"Salisbury"	"Bristol Missile (USA)"	"4.50"	"5.87"	"Handicap"	"5"	"8"	"Fisher, Jonathan"	"Price, R J"	"1m "	"5"	"9"	"8"	"13"
"13:50:00"	"2018-09-06"	"Salisbury"	"Hedging (IRE)"	"20.00"	"31.83"	"Handicap"	"7"	"8"	"Dobie, Georgia"	"Houghton, Eve Johnson"	"1m "	"5"	"9"	"6"	"7"
"16:45:00"	"2018-09-04"	"Goodwood"	"Curious Fox"	"3.50"	"5.81"	"Handicap"	"1"	"7"	"Probert, David"	"Carson, Anthony"	"6f "	"4"	"10"	"4"	"6"
"16:25:00"	"2018-09-04"	"Naas"	"Dash Dor (IRE)"	"20.00"	"27"	"Handicap"	"2"	"19"	"Hoban, Connor"	"Cotter, Kieran P"	"5.5f "	"0"	"10"	"10"	"18"
"16:25:00"	"2018-09-04"	"Naas"	"Lilys Prince (IRE)"	"5.50"	"6.8"	"Handicap"	"4"	"19"	"Orr, Oisin"	"Donnelly, Garvan"	"5.5f "	"0"	"6"	"6"	"15"
"16:25:00"	"2018-09-04"	"Naas"	"Art World (IRE)"	"14.00"	"27"	"Handicap"	"6"	"19"	"Davis, Sean"	"OBrien, Richard John"	"5.5f "	"0"	"10"	"12"	"18"
"16:25:00"	"2018-09-04"	"Naas"	"Takeachancejimmy (IRE)"	"5.50"	"6.94"	"Handicap"	"18"	"19"	"Cleary, R P"	"Slevin, Nigel"	"5.5f "	"0"	"6"	"1"	"15"
"15:55:00"	"2018-09-03"	"Windsor"	"Sir Roderic (IRE)"	"5.00"	"6.77"	"Handicap"	"1"	"11"	"Mosse, G"	"Millman, B R"	"6f "	"5"	"10"	"4"	"10"
"15:55:00"	"2018-09-03"	"Windsor"	"Parnassian (IRE)"	"2.75"	"4.5"	"Handicap"	"2"	"11"	"Watson, Jason"	"Perrett, Mrs A J"	"6f "	"5"	"9"	"5"	"8"
"16:35:00"	"2018-09-01"	"Curragh"	"Medicine Jack"	"8.00"	"9.04"	"Handicap"	"4"	"15"	"Keane, C T"	"Lyons, G M"	"6f "	"0"	"7"	"9"	"14"
"16:35:00"	"2018-09-01"	"Curragh"	"Texas Rock (IRE)"	"16.00"	"16.72"	"Handicap"	"5"	"15"	"Colgan, R C"	"Grassick, M C"	"6f "	"0"	"7"	"8"	"14"
"15:20:00"	"2018-09-01"	"Beverley"	"Point Of Woods"	"20.00"	"36"	"Handicap"	"5"	"16"	"Scott, Rowan"	"Jackson, Miss T"	"5f "	"5"	"3"	"4"	"10"
"15:20:00"	"2018-09-01"	"Beverley"	"Desert Ace (IRE)"	"25.00"	"69.77"	"Handicap"	"6"	"16"	"Morris, Luke"	"Midgley, P T"	"5f "	"5"	"10"	"6"	"13"
"15:20:00"	"2018-09-01"	"Beverley"	"Computable"	"50.00"	"65"	"Handicap"	"13"	"16"	"Dodsworth, Robert"	"Easterby, T D"	"5f "	"5"	"3"	"8"	"9"
"13:50:00"	"2018-09-01"	"Sandown"	"Intense Romance (IRE)"	"8.00"	"10"	"Handicap"	"2"	"14"	"Curtis, B A"	"Dods, M"	"5f "	"3"	"10"	"2"	"13"
"13:50:00"	"2018-09-01"	"Sandown"	"Bahamian Sunrise"	"7.00"	"8.32"	"Handicap"	"3"	"14"	"Sousa, Silvestre De"	"Gallagher, J"	"5f "	"3"	"5"	"2"	"7"
"20:00:00"	"2018-08-31"	"Hamilton"	"Guardia Svizzera (IRE)"	"1.00"	"2.08"	"Handicap"	"1"	"11"	"Hamilton, Tony"	"Fell, R / Murray, S"	"5f "	"6"	"2"	"1"	"10"
"20:00:00"	"2018-08-31"	"Hamilton"	"Rockley Point"	"8.00"	"10"	"Handicap"	"2"	"11"	"Gormley, Jamie"	"Scott, Miss Katie"	"5f "	"6"	"9"	"2"	"13"
"20:00:00"	"2018-08-31"	"Hamilton"	"Who Told Jo Jo (IRE)"	"20.00"	"32.78"	"Handicap"	"6"	"11"	"Marsh, Finley"	"Tuite, Joseph"	"5f "	"6"	"8"	"10"	"10"
"20:00:00"	"2018-08-31"	"Hamilton"	"Dutch Dream"	"28.00"	"48"	"Handicap"	"7"	"11"	"Breslin, Andrew"	"Perratt, Miss L A"	"5f "	"6"	"10"	"9"	"11"
"19:50:00"	"2018-08-31"	"Curragh"	"Shore Step (IRE)"	"4.50"	"5.25"	"Handicap"	"3"	"15"	"Linehan, Denis"	"Murtagh, J P"	"5f "	"0"	"5"	"4"	"30"
"19:50:00"	"2018-08-31"	"Curragh"	"Haqeeba (IRE)"	"20.00"	"22.42"	"Handicap"	"5"	"15"	"Roche, L F"	"Lennon, Liam"	"5f "	"0"	"6"	"7"	"18"
"19:50:00"	"2018-08-31"	"Curragh"	"Lapilli"	"33.00"	"120"	"Handicap"	"11"	"15"	"Cleary, R P"	"Hogan, Denis Gerard"	"5f "	"0"	"6"	"16"	"18"
"19:50:00"	"2018-08-31"	"Curragh"	"Gopsies Daughter (IRE)"	"5.50"	"6.6"	"Handicap"	"13"	"15"	"Leonard, Killian"	"Hogan, Denis Gerard"	"5f "	"0"	"6"	"1"	"18"
"18:25:00"	"2018-08-31"	"Hamilton"	"Yes You (IRE)"	"2.25"	"3.55"	"Handicap"	"5"	"7"	"Gormley, Jamie"	"Jardine, I"	"6f "	"3"	"10"	"2"	"13"
"16:45:00"	"2018-08-31"	"Thirsk"	"Highland Acclaim (IRE)"	"16.00"	"20.57"	"Handicap"	"5"	"14"	"James, S H"	"OMeara, D"	"6f "	"3"	"3"	"2"	"5"
"16:45:00"	"2018-08-31"	"Thirsk"	"Kenny The Captain (IRE)"	"16.00"	"22"	"Handicap"	"9"	"14"	"Richardson, Rachel"	"Easterby, T D"	"6f "	"3"	"10"	"5"	"13"
"16:45:00"	"2018-08-31"	"Thirsk"	"Handsome Dude"	"33.00"	"44.69"	"Handicap"	"14"	"14"	"Elliott, Andrew"	"Barron, T D"	"6f "	"3"	"4"	"13"	"14"
"15:40:00"	"2018-08-31"	"Thirsk"	"Etienne Gerard"	"16.00"	"21"	"Handicap"	"9"	"12"	"Coughlan, Laura"	"Tinkler, N"	"6f "	"6"	"5"	"4"	"10"
"15:05:00"	"2018-08-31"	"Thirsk"	"Hadley"	"6.00"	"8"	"Handicap"	"2"	"13"	"McHugh, B"	"Waggott, Miss Tracy"	"6f "	"6"	"6"	"5"	"16"
"15:05:00"	"2018-08-31"	"Thirsk"	"Cliff (IRE)"	"3.50"	"5.02"	"Handicap"	"5"	"13"	"Edmunds, Lewis"	"Tinkler, N"	"6f "	"6"	"6"	"2"	"16"
"15:05:00"	"2018-08-31"	"Thirsk"	"Piazon"	"66.00"	"212.64"	"Handicap"	"6"	"13"	"Evans, Nathan"	"Brooke, Julia"	"6f "	"6"	"10"	"10"	"11"
"14:10:00"	"2018-08-31"	"Sandown"	"Wotadoll"	"7.00"	"8.4"	"Handicap"	"2"	"9"	"Dwyer, Martin"	"Ivory, D K"	"5f "	"5"	"10"	"2"	"4"
"14:10:00"	"2018-08-31"	"Sandown"	"Grey Galleon (USA)"	"3.50"	"4.7"	"Handicap"	"6"	"9"	"Glass, Amelia"	"Cox, C G"	"5f "	"5"	"7"	"1"	"10"
"16:55:00"	"2018-08-30"	"Musselburgh"	"Newgate Sioux"	"10.00"	"13"	"Handicap"	"3"	"9"	"Evans, Nathan"	"Coyle, Tony"	"5f "	"6"	"4"	"2"	"10"
"16:55:00"	"2018-08-30"	"Musselburgh"	"Kibaar"	"5.00"	"7.32"	"Handicap"	"4"	"9"	"Eaves, Tom"	"Carr, Mrs R A"	"5f "	"6"	"9"	"3"	"7"
"16:55:00"	"2018-08-30"	"Musselburgh"	"Thornaby Princess"	"20.00"	"24.31"	"Handicap"	"5"	"9"	"Ffrench, Royston"	"Teague, C J"	"5f "	"6"	"5"	"9"	"16"
"16:55:00"	"2018-08-30"	"Musselburgh"	"Windforpower (IRE)"	"8.00"	"10"	"Handicap"	"6"	"9"	"Fanning, Joe"	"Waggott, Miss Tracy"	"5f "	"6"	"4"	"7"	"10"
"18:35:00"	"2018-08-29"	"Bellewstown"	"Sweetest Taboo (IRE)"	"7.00"	"9.02"	"Handicap"	"5"	"15"	"MacRedmond, Cian"	"McCreery, W"	"5f "	"0"	"4"	"14"	"18"
"14:35:00"	"2018-08-27"	"Chepstow"	"Assassinate (IRE)"	"1.75"	"2.78"	"Seller"	"1"	"7"	"Mahon, Gary"	"Cole, P F I"	"6f "	"6"	"6"	"2"	"7"
"14:35:00"	"2018-08-27"	"Chepstow"	"Swanton Blue (IRE)"	"1.75"	"2.75"	"Seller"	"2"	"7"	"McCullagh, Scott"	"De Giles, Ed"	"6f "	"6"	"4"	"6"	"10"
"14:35:00"	"2018-08-27"	"Chepstow"	"Born To Boogie"	"8.00"	"10.5"	"Seller"	"4"	"7"	"Cronin, S C"	"Turner, W G M"	"6f "	"6"	"9"	"4"	"16"
"14:00:00"	"2018-08-27"	"Chepstow"	"Field of Vision (IRE)"	"1.75"	"2.82"	"Handicap"	"2"	"7"	"Marsh, Finley"	"Flint, J L"	"6f "	"4"	"9"	"1"	"7"
"14:00:00"	"2018-08-27"	"Chepstow"	"Somewhere Secret"	"4.00"	"5.54"	"Handicap"	"5"	"7"	"Dennis, Phil"	"Mullineaux, M"	"6f "	"4"	"9"	"2"	"7"
"18:00:00"	"2018-08-26"	"Beverley"	"Mr Enthusiastic"	"50.00"	"169.42"	"Handicap"	"8"	"8"	"Dennis, Phil"	"Wilson, N"	"5f "	"6"	"9"	"12"	"12"
"17:40:00"	"2018-08-26"	"Yarmouth"	"Spinart"	"0.80"	"1.84"	"Handicap"	"1"	"7"	"Spencer, Jamie"	"Sly, Mrs P"	"7f "	"5"	"4"	"5"	"8"
"17:30:00"	"2018-08-26"	"Beverley"	"One Boy (IRE)"	"2.25"	"3.54"	"Handicap"	"1"	"10"	"Lee, G"	"Midgley, P T"	"5f "	"6"	"5"	"2"	"11"
"17:30:00"	"2018-08-26"	"Beverley"	"Etienne Gerard"	"9.00"	"12"	"Handicap"	"4"	"10"	"Clifton, Izzy"	"Tinkler, N"	"5f "	"6"	"10"	"6"	"11"
"17:30:00"	"2018-08-26"	"Beverley"	"Oriental Splendour (IRE)"	"2.75"	"3.8"	"Handicap"	"5"	"10"	"Sullivan, James P"	"Carr, Mrs R A"	"5f "	"6"	"10"	"4"	"11"
"17:30:00"	"2018-08-26"	"Beverley"	"Compton River"	"10.00"	"13.5"	"Handicap"	"9"	"10"	"Russell, Harry"	"Smart, B"	"5f "	"6"	"10"	"11"	"11"
"17:20:00"	"2018-08-26"	"Goodwood"	"Roundabout Magic (IRE)"	"5.00"	"6.2"	"Handicap"	"2"	"7"	"Marquand, Tom"	"Dow, S"	"5f "	"5"	"6"	"8"	"8"
"17:20:00"	"2018-08-26"	"Goodwood"	"John Joiner"	"10.00"	"13.83"	"Handicap"	"3"	"7"	"Jones, Mr A T"	"Keightley, S L"	"5f "	"5"	"10"	"9"	"11"
"17:20:00"	"2018-08-26"	"Goodwood"	"Deer Song"	"40.00"	"83.09"	"Handicap"	"7"	"7"	"Ingram, Rhiain B"	"Bridger, J / Cook, R"	"5f "	"5"	"2"	"7"	"10"
"17:10:00"	"2018-08-26"	"Yarmouth"	"Colonel Frank"	"2.00"	"3.3"	"Handicap"	"1"	"4"	"Berry, F M"	"Quinn, M"	"7f "	"3"	"5"	"2"	"6"
"17:10:00"	"2018-08-26"	"Yarmouth"	"Robero"	"3.33"	"4.96"	"Handicap"	"3"	"4"	"Spencer, Jamie"	"Kelleway, Miss Gay"	"7f "	"3"	"9"	"9"	"13"
"20:00:00"	"2018-08-25"	"Redcar"	"Thornaby Princess"	"33.00"	"103.69"	"Handicap"	"9"	"16"	"Muir, Paula"	"Teague, C J"	"6f "	"6"	"8"	"9"	"12"
"19:30:00"	"2018-08-25"	"Redcar"	"Robben Rainbow"	"10.00"	"13"	"Handicap"	"4"	"19"	"Lee, Clifford"	"Barron, T D"	"7f "	"5"	"8"	"4"	"12"
"19:30:00"	"2018-08-25"	"Redcar"	"Abushamah (IRE)"	"8.00"	"9.74"	"Handicap"	"5"	"19"	"Sullivan, James P"	"Carr, Mrs R A"	"7f "	"5"	"7"	"3"	"9"
"19:30:00"	"2018-08-25"	"Redcar"	"Sumner Beach"	"33.00"	"45.19"	"Handicap"	"6"	"19"	"Robinson, Ben"	"Ellison, B"	"7f "	"5"	"7"	"7"	"8"
"19:30:00"	"2018-08-25"	"Redcar"	"Fieldsman (USA)"	"12.00"	"21"	"Handicap"	"13"	"19"	"Dennis, Phil"	"Griffiths, D C"	"7f "	"5"	"3"	"2"	"7"
"19:00:00"	"2018-08-25"	"Redcar"	"Kharbetation (IRE)"	"5.50"	"7.42"	"Handicap"	"4"	"9"	"Nolan, D"	"OMeara, D"	"1m "	"3"	"9"	"5"	"7"
"19:00:00"	"2018-08-25"	"Redcar"	"Fayez (IRE)"	"14.00"	"19"	"Handicap"	"8"	"9"	"Vaughan, Patrick"	"OMeara, D"	"1m "	"3"	"8"	"10"	"11"
"17:10:00"	"2018-08-25"	"Newmarket (July)"	"Diamond Lady"	"3.50"	"3.79"	"Handicap"	"5"	"7"	"Malune, Gabriele"	"Stone, W B"	"5f "	"4"	"8"	"2"	"9"
"17:10:00"	"2018-08-25"	"Newmarket (July)"	"Patrick (IRE)"	"5.00"	"6.35"	"Handicap"	"6"	"7"	"Queally, T P"	"Midgley, P T"	"5f "	"4"	"7"	"6"	"14"
"16:35:00"	"2018-08-25"	"Curragh"	"Takeachancejimmy (IRE)"	"33.00"	"182.84"	"Handicap"	"3"	"18"	"Cleary, R P"	"Slevin, Nigel"	"5f "	"0"	"8"	"8"	"14"
"16:35:00"	"2018-08-25"	"Curragh"	"Kings Of Luxor"	"33.00"	"173.07"	"Handicap"	"17"	"18"	"Davis, Sean"	"Burns, R P"	"5f "	"0"	"8"	"11"	"14"
"17:15:00"	"2018-08-24"	"Salisbury"	"Red Charmer (IRE)"	"5.00"	"6.92"	"Handicap"	"1"	"10"	"Smith, Becky"	"Fife, Mrs Marjorie"	"1m "	"5"	"8"	"1"	"14"
"17:15:00"	"2018-08-24"	"Salisbury"	"Gala Celebration (IRE)"	"1.20"	"2.2"	"Handicap"	"2"	"10"	"Todd, C J"	"Williams, Ian"	"1m "	"5"	"7"	"2"	"15"
"17:15:00"	"2018-08-24"	"Salisbury"	"Sir Roderic (IRE)"	"6.50"	"7.55"	"Handicap"	"4"	"10"	"Millman, Mr P"	"Millman, B R"	"1m "	"5"	"7"	"9"	"10"
"17:15:00"	"2018-08-24"	"Salisbury"	"Spryt (IRE)"	"33.00"	"65"	"Handicap"	"5"	"10"	"Johnson, Matthew S"	"Butler, John"	"1m "	"5"	"7"	"6"	"12"
"17:15:00"	"2018-08-24"	"Salisbury"	"Misu Pete"	"5.00"	"7"	"Handicap"	"7"	"10"	"MacKenzie, Ellie"	"Usher, M D I"	"1m "	"5"	"7"	"1"	"9"
"16:55:00"	"2018-08-24"	"Newmarket (July)"	"Highland Pass"	"2.75"	"3.93"	"Handicap"	"2"	"5"	"Cox, William"	"Balding, A M"	"7f "	"4"	"8"	"1"	"9"
"16:55:00"	"2018-08-24"	"Newmarket (July)"	"La Isla Bonita"	"9.00"	"12"	"Handicap"	"5"	"5"	"Queally, T P"	"Spencer, Richard"	"7f "	"4"	"8"	"2"	"5"
"14:50:00"	"2018-08-24"	"Ffos Las"	"Sweet Pursuit"	"7.00"	"9.69"	"Handicap"	"4"	"16"	"Marsh, Finley"	"Millman, B R"	"6f "	"3"	"10"	"1"	"6"
"14:50:00"	"2018-08-24"	"Ffos Las"	"Eastern Racer (IRE)"	"5.00"	"7.4"	"Handicap"	"8"	"16"	"Schofield, Kieran"	"Ellison, B"	"6f "	"3"	"4"	"1"	"7"
"14:50:00"	"2018-08-24"	"Ffos Las"	"Satchville Flyer"	"40.00"	"98.79"	"Handicap"	"13"	"16"	"Mackay, Nicky"	"Evans, P D"	"6f "	"3"	"6"	"6"	"8"
"16:00:00"	"2018-08-23"	"Chepstow"	"Swanton Blue (IRE)"	"5.50"	"7"	"Handicap"	"6"	"10"	"Cox, William"	"De Giles, Ed"	"5f "	"6"	"9"	"4"	"8"
"14:50:00"	"2018-08-23"	"Chepstow"	"The Groove"	"1.20"	"2.26"	"Handicap"	"1"	"10"	"Ryan, Rossa"	"Evans, P D"	"7f "	"6"	"9"	"2"	"8"
"14:50:00"	"2018-08-23"	"Chepstow"	"Alqalsar (IRE)"	"50.00"	"154.67"	"Handicap"	"10"	"10"	"Marsh, Finley"	"Bradley, J M"	"7f "	"6"	"7"	"9"	"11"
"14:15:00"	"2018-08-23"	"Chepstow"	"Stosur (IRE)"	"7.00"	"9.36"	"Handicap"	"2"	"6"	"Morris, Luke"	"Kelleway, Miss Gay"	"1m "	"5"	"10"	"8"	"12"
"19:50:00"	"2018-08-21"	"Yarmouth"	"Topmeup"	"4.00"	"6.12"	"Handicap"	"1"	"15"	"Gordon, Josephine"	"Kelleway, Miss Gay"	"1m "	"6"	"5"	"1"	"15"
"19:50:00"	"2018-08-21"	"Yarmouth"	"Sharp Operator"	"7.00"	"10.39"	"Handicap"	"4"	"15"	"Carson, William"	"Wallis, Charlie"	"1m "	"6"	"10"	"4"	"11"
"19:50:00"	"2018-08-21"	"Yarmouth"	"Foxy Rebel"	"12.00"	"17.94"	"Handicap"	"14"	"15"	"Sullivan, James P"	"Carr, Mrs R A"	"1m "	"6"	"8"	"13"	"14"
"16:50:00"	"2018-08-21"	"Yarmouth"	"Assassinate (IRE)"	"2.25"	"3.2"	"Handicap"	"2"	"7"	"Bentley, Harry"	"Cole, P F I"	"5f "	"6"	"8"	"2"	"7"
"16:50:00"	"2018-08-21"	"Yarmouth"	"Kibaar"	"2.50"	"3.74"	"Handicap"	"3"	"7"	"Sullivan, James P"	"Carr, Mrs R A"	"5f "	"6"	"8"	"2"	"16"
"16:50:00"	"2018-08-21"	"Yarmouth"	"Celerity (IRE)"	"12.00"	"17.05"	"Handicap"	"5"	"7"	"Whittington, Elisha"	"Williamson, Mrs L"	"5f "	"6"	"10"	"3"	"10"
"15:20:00"	"2018-08-21"	"Hamilton"	"Guardia Svizzera (IRE)"	"2.00"	"3.2"	"Handicap"	"1"	"11"	"Curtis, B A"	"Fell, R / Murray, S"	"5f "	"5"	"7"	"2"	"14"
"15:20:00"	"2018-08-21"	"Hamilton"	"One Boy (IRE)"	"14.00"	"23"	"Handicap"	"2"	"11"	"Lee, G"	"Midgley, P T"	"5f "	"5"	"8"	"13"	"16"
"15:20:00"	"2018-08-21"	"Hamilton"	"Star Cracker (IRE)"	"12.00"	"19.68"	"Handicap"	"3"	"11"	"Gormley, Jamie"	"Goldie, J S"	"5f "	"5"	"10"	"5"	"12"
"15:20:00"	"2018-08-21"	"Hamilton"	"Our Place In Loule"	"8.00"	"9.77"	"Handicap"	"7"	"11"	"Beasley, Connor"	"Wilson, N"	"5f "	"5"	"8"	"3"	"16"
"15:20:00"	"2018-08-21"	"Hamilton"	"Dutch Dream"	"40.00"	"78.23"	"Handicap"	"9"	"11"	"Mullen, Andrew"	"Perratt, Miss L A"	"5f "	"5"	"8"	"12"	"16"
"13:50:00"	"2018-08-21"	"Hamilton"	"Yes You (IRE)"	"4.00"	"6.16"	"Handicap"	"2"	"13"	"Gormley, Jamie"	"Jardine, I"	"6f "	"4"	"8"	"1"	"9"
"13:50:00"	"2018-08-21"	"Hamilton"	"Kenny The Captain (IRE)"	"10.00"	"14"	"Handicap"	"5"	"13"	"Richardson, Rachel"	"Easterby, T D"	"6f "	"4"	"10"	"5"	"11"
"13:50:00"	"2018-08-21"	"Hamilton"	"Manshood (IRE)"	"4.00"	"5.6"	"Handicap"	"6"	"13"	"Fanning, Joe"	"Midgley, P T"	"6f "	"4"	"10"	"2"	"11"
"13:50:00"	"2018-08-21"	"Hamilton"	"Kupa River (IRE)"	"25.00"	"30.45"	"Handicap"	"9"	"13"	"Curtis, B A"	"Fell, R / Murray, S"	"6f "	"4"	"1"	"7"	"7"
"13:50:00"	"2018-08-21"	"Hamilton"	"Strong Steps"	"12.00"	"15.97"	"Handicap"	"11"	"13"	"McDonald, P J"	"Goldie, J S"	"6f "	"4"	"7"	"6"	"8"
"19:30:00"	"2018-08-20"	"Windsor"	"Porto Ferro (IRE)"	"9.00"	"11.36"	"Handicap"	"1"	"8"	"ONeill, K T"	"Bridger, J / Cook, R"	"5f "	"4"	"9"	"2"	"6"
"19:30:00"	"2018-08-20"	"Windsor"	"Tylery Wonder (IRE)"	"4.00"	"5.8"	"Handicap"	"6"	"8"	"Morris, Luke"	"Midgley, P T"	"5f "	"4"	"8"	"1"	"8"
"17:35:00"	"2018-08-20"	"Thirsk"	"Vallarta (IRE)"	"12.00"	"14.7"	"Handicap"	"4"	"15"	"Bullock, Miss Emily"	"Carr, Mrs R A"	"6f "	"6"	"9"	"6"	"12"
"17:35:00"	"2018-08-20"	"Thirsk"	"Someone Exciting"	"10.00"	"13.65"	"Handicap"	"8"	"15"	"Todd, Emma"	"Thompson, D W"	"6f "	"6"	"3"	"5"	"12"
"16:50:00"	"2018-08-20"	"Leicester"	"Ninjago"	"5.00"	"7.6"	"Handicap"	"2"	"9"	"Costello, Dougie"	"Midgley, P T"	"6f "	"5"	"9"	"4"	"11"
"15:35:00"	"2018-08-20"	"Thirsk"	"Lexington Place"	"12.00"	"14.34"	"Handicap"	"2"	"7"	"Sullivan, James P"	"Carr, Mrs R A"	"5f "	"4"	"6"	"2"	"7"
"15:35:00"	"2018-08-20"	"Thirsk"	"Bossipop"	"3.00"	"4.6"	"Handicap"	"5"	"7"	"Allan, David"	"Easterby, T D"	"5f "	"4"	"7"	"2"	"9"
"15:20:00"	"2018-08-20"	"Leicester"	"Firmdecisions (IRE)"	"11.00"	"13.46"	"Handicap"	"1"	"9"	"Edmunds, Lewis"	"Tinkler, N"	"7f "	"4"	"9"	"6"	"11"
"15:20:00"	"2018-08-20"	"Leicester"	"Easy Tiger"	"4.00"	"5.82"	"Handicap"	"3"	"9"	"Egan, David"	"Saunders, M S"	"7f "	"4"	"8"	"2"	"6"
"15:20:00"	"2018-08-20"	"Leicester"	"Presidential (IRE)"	"4.50"	"6.21"	"Handicap"	"7"	"9"	"Hamilton, Tony"	"Fell, R / Murray, S"	"7f "	"4"	"9"	"1"	"11"
"18:40:00"	"2018-08-18"	"Chepstow"	"Perfect Symphony (IRE)"	"6.00"	"7.93"	"Handicap"	"3"	"7"	"Probert, David"	"Leech, Mrs S"	"6f "	"5"	"6"	"1"	"9"
"18:40:00"	"2018-08-18"	"Chepstow"	"Letmestopyouthere (IRE)"	"2.75"	"4.4"	"Handicap"	"4"	"7"	"Del Fabbro, Sara"	"Bell, M L W"	"6f "	"5"	"10"	"1"	"4"
"18:40:00"	"2018-08-18"	"Chepstow"	"Archie (IRE)"	"5.50"	"7.4"	"Handicap"	"6"	"7"	"Ingram, Rhiain B"	"Spencer, Richard"	"6f "	"5"	"9"	"1"	"6"
"18:10:00"	"2018-08-18"	"Chepstow"	"Fantasy Justifier (IRE)"	"11.00"	"15.47"	"Handicap"	"1"	"16"	"Probert, David"	"Harris, R A"	"6f "	"6"	"8"	"6"	"11"
"18:10:00"	"2018-08-18"	"Chepstow"	"Rebel Heart"	"3.33"	"4.83"	"Handicap"	"3"	"16"	"Bradley, Paddy"	"Turner, W G M"	"6f "	"6"	"2"	"3"	"8"
"18:10:00"	"2018-08-18"	"Chepstow"	"Born To Boogie"	"16.00"	"25"	"Handicap"	"4"	"16"	"Marsh, Finley"	"Turner, W G M"	"6f "	"6"	"9"	"4"	"7"
"18:10:00"	"2018-08-18"	"Chepstow"	"Indiana Dawn"	"10.00"	"14.44"	"Handicap"	"6"	"16"	"Cox, William"	"Stephens, Robert"	"6f "	"6"	"8"	"9"	"13"
"18:10:00"	"2018-08-18"	"Chepstow"	"Black Truffle (FR)"	"25.00"	"55"	"Handicap"	"7"	"16"	"Ingram, Rhiain B"	"Usher, M D I"	"6f "	"6"	"8"	"7"	"11"
"18:10:00"	"2018-08-18"	"Chepstow"	"Aragon Knight"	"25.00"	"46"	"Handicap"	"8"	"16"	"Walsh, E J"	"Hughes, Jo"	"6f "	"6"	"10"	"4"	"7"
"18:10:00"	"2018-08-18"	"Chepstow"	"Jaganory (IRE)"	"7.00"	"10"	"Handicap"	"14"	"16"	"Currie, Nicola"	"Mason, Christopher"	"6f "	"6"	"10"	"2"	"7"
"16:00:00"	"2018-08-18"	"Doncaster"	"East Street Revue"	"4.50"	"6.59"	"Handicap"	"2"	"10"	"Fentiman, Duran"	"Easterby, T D"	"5f "	"3"	"7"	"3"	"11"
"16:00:00"	"2018-08-18"	"Doncaster"	"Classic Pursuit"	"7.00"	"8.6"	"Handicap"	"4"	"10"	"Malune, Gabriele"	"Appleby, M"	"5f "	"3"	"10"	"1"	"7"
"15:00:00"	"2018-08-18"	"Newbury"	"Repton (IRE)"	"25.00"	"34.51"	"Handicap"	"7"	"15"	"Marquand, Tom"	"Hannon (Jnr), Richard"	"7f "	"3"	"8"	"4"	"6"
"15:00:00"	"2018-08-18"	"Newbury"	"Fox Trotter (IRE)"	"28.00"	"46.33"	"Handicap"	"8"	"15"	"Mackay, Nicky"	"Meehan, B J"	"7f "	"3"	"2"	"5"	"6"
"13:15:00"	"2018-08-18"	"Doncaster"	"Muatadel"	"7.50"	"9.4"	"Handicap"	"2"	"11"	"Sanderson, Benjamin"	"Fell, R / Murray, S"	"7f "	"5"	"9"	"6"	"12"
"13:15:00"	"2018-08-18"	"Doncaster"	"Honey Badger"	"8.00"	"10.5"	"Handicap"	"4"	"11"	"Mitchell, Jack"	"Herrington,M "	"7f "	"5"	"9"	"6"	"10"
"13:15:00"	"2018-08-18"	"Doncaster"	"Berlios (IRE)"	"16.00"	"24"	"Handicap"	"10"	"11"	"Donohoe, Stephen"	"Loughnane, David"	"7f "	"5"	"9"	"7"	"12"
"20:15:00"	"2018-08-17"	"Catterick"	"Crosse Fire"	"1.88"	"3"	"Handicap"	"6"	"12"	"Ladd, Theodore"	"Dixon, Scott"	"5f "	"6"	"10"	"2"	"12"
"20:05:00"	"2018-08-17"	"Newmarket (July)"	"Mutarakez (IRE)"	"33.00"	"51.65"	"Handicap"	"12"	"13"	"Sullivan, James P"	"Carr, Mrs R A"	"1m "	"3"	"9"	"4"	"7"
"19:00:00"	"2018-08-17"	"Newmarket (July)"	"Little Jo"	"2.00"	"3.27"	"Handicap"	"1"	"15"	"Robinson, Ben"	"Ellison, B"	"1m "	"5"	"9"	"1"	"11"
"19:00:00"	"2018-08-17"	"Newmarket (July)"	"Rebel Cause (IRE)"	"12.00"	"16.47"	"Handicap"	"4"	"15"	"Havlin, Robert"	"Holt, J R"	"1m "	"5"	"8"	"3"	"6"
"19:00:00"	"2018-08-17"	"Newmarket (July)"	"Fashaak (IRE)"	"50.00"	"167.33"	"Handicap"	"11"	"15"	"Clark, Tim"	"Butler, John"	"1m "	"5"	"8"	"8"	"8"
"19:00:00"	"2018-08-17"	"Newmarket (July)"	"Percy Toplis"	"100.00"	"390.03"	"Handicap"	"14"	"15"	"Jones, Liam"	"Dunnett, Mrs C A"	"1m "	"5"	"1"	"10"	"15"
"17:55:00"	"2018-08-17"	"Newmarket (July)"	"Explain"	"14.00"	"21.22"	"Handicap"	"5"	"13"	"Sullivan, James P"	"Carr, Mrs R A"	"6f "	"4"	"10"	"3"	"7"
"17:55:00"	"2018-08-17"	"Newmarket (July)"	"Go Far"	"33.00"	"50"	"Handicap"	"13"	"13"	"Doyle, Brett"	"Bailey, A"	"6f "	"4"	"6"	"4"	"6"
"14:35:00"	"2018-08-17"	"Nottingham"	"Spin Top"	"2.25"	"3.57"	"Handicap"	"3"	"9"	"Bennett, Charlie"	"Muir, W R"	"5f "	"6"	"3"	"3"	"7"
"14:35:00"	"2018-08-17"	"Nottingham"	"Young Tiger"	"5.00"	"6.48"	"Handicap"	"9"	"9"	"Lee, G"	"Tate, T P"	"5f "	"6"	"10"	"10"	"12"
"14:25:00"	"2018-08-17"	"Newbury"	"Enigmatic (IRE)"	"7.00"	"8.42"	"Handicap"	"2"	"10"	"Bryan, Joshua"	"Bailey, A"	"1m "	"4"	"9"	"4"	"11"
"14:00:00"	"2018-08-17"	"Nottingham"	"The Lacemaker"	"5.50"	"7.2"	"Handicap"	"6"	"9"	"Sousa, Silvestre De"	"Dwyer, C A"	"6f "	"4"	"9"	"2"	"4"
"19:30:00"	"2018-08-16"	"Yarmouth"	"La Isla Bonita"	"1.25"	"2.36"	"Handicap"	"2"	"5"	"Muscutt, D"	"Spencer, Richard"	"7f "	"5"	"7"	"1"	"5"
"18:55:00"	"2018-08-16"	"Yarmouth"	"Topmeup"	"9.00"	"12"	"Handicap"	"1"	"15"	"Gordon, Josephine"	"Kelleway, Miss Gay"	"7f "	"6"	"7"	"3"	"7"
"18:55:00"	"2018-08-16"	"Yarmouth"	"Topology"	"1.88"	"3.05"	"Handicap"	"3"	"15"	"Havlin, Robert"	"Tuite, Joseph"	"7f "	"6"	"6"	"2"	"13"
"18:55:00"	"2018-08-16"	"Yarmouth"	"India Jane (FR)"	"50.00"	"136.19"	"Handicap"	"11"	"15"	"Noble, Cameron"	"Spiller, Henry"	"7f "	"6"	"7"	"9"	"9"
"17:35:00"	"2018-08-16"	"Chepstow"	"Kodiline (IRE)"	"12.00"	"15.76"	"Handicap"	"6"	"6"	"Malune, Gabriele"	"Evans, P D"	"1m "	"4"	"2"	"4"	"5"
"15:30:00"	"2018-08-16"	"Beverley"	"Scuzeme"	"20.00"	"32.2"	"Handicap"	"8"	"11"	"Curtis, B A"	"Barron, T D"	"5f "	"5"	"9"	"7"	"7"
"15:30:00"	"2018-08-16"	"Beverley"	"Round The Island"	"6.00"	"9.2"	"Handicap"	"9"	"11"	"Edmunds, Lewis"	"Whitaker, R M"	"5f "	"5"	"8"	"3"	"8"
"15:30:00"	"2018-08-16"	"Beverley"	"Compton River"	"12.00"	"18.64"	"Handicap"	"11"	"11"	"Hanagan, Paul"	"Smart, B"	"5f "	"5"	"9"	"3"	"10"
"14:40:00"	"2018-08-15"	"Salisbury"	"Look Surprised"	"2.25"	"3.75"	"Handicap"	"3"	"6"	"Cox, William"	"Teal, R A"	"5f "	"4"	"9"	"1"	"10"
"20:05:00"	"2018-08-14"	"Nottingham"	"Secret Agent"	"6.00"	"7.65"	"Handicap"	"1"	"8"	"Dwyer, Martin"	"Muir, W R"	"6f "	"6"	"10"	"2"	"12"
"20:05:00"	"2018-08-14"	"Nottingham"	"Coastal Cyclone"	"12.00"	"13.5"	"Handicap"	"6"	"8"	"Bishop, Charles"	"Dunlop, H J L"	"6f "	"6"	"5"	"12"	"12"
"19:35:00"	"2018-08-14"	"Nottingham"	"Major Valentine"	"2.50"	"3.75"	"Handicap"	"6"	"7"	"Morris, Luke"	"Oshea, J G M"	"5f "	"5"	"6"	"4"	"11"
"19:20:00"	"2018-08-14"	"Thirsk"	"Cliff (IRE)"	"3.00"	"4.17"	"Handicap"	"1"	"14"	"Ladd, Theodore"	"Tinkler, N"	"6f "	"6"	"8"	"6"	"8"
"19:20:00"	"2018-08-14"	"Thirsk"	"Peachey Carnehan"	"6.50"	"8.11"	"Handicap"	"3"	"14"	"Dennis, Phil"	"Mullineaux, M"	"6f "	"6"	"5"	"5"	"12"
"19:20:00"	"2018-08-14"	"Thirsk"	"Benjamin Thomas (IRE)"	"6.00"	"7.47"	"Handicap"	"7"	"14"	"McHugh, B"	"Quinn, J J"	"6f "	"6"	"3"	"9"	"12"
"19:20:00"	"2018-08-14"	"Thirsk"	"Sir Domino (FR)"	"22.00"	"28.82"	"Handicap"	"9"	"14"	"Richardson, Rachel"	"Mullaney, L A"	"6f "	"6"	"8"	"7"	"14"
"19:20:00"	"2018-08-14"	"Thirsk"	"Pavers Pride"	"28.00"	"34.55"	"Handicap"	"11"	"14"	"Beasley, Connor"	"Wilson, N"	"6f "	"6"	"7"	"12"	"12"
"19:05:00"	"2018-08-14"	"Nottingham"	"Tarboosh"	"1.10"	"2.18"	"Non-Handicap"	"1"	"4"	"Morris, Luke"	"Midgley, P T"	"5f "	"3"	"10"	"1"	"5"
"14:15:00"	"2018-08-14"	"Ffos Las"	"Mooroverthebridge"	"28.00"	"38"	"Handicap"	"6"	"6"	"Whelan, Trevor"	"Harris, Miss G"	"6f "	"5"	"6"	"11"	"11"
"16:45:00"	"2018-08-13"	"Ayr"	"Eternalist"	"8.00"	"12"	"Handicap"	"1"	"16"	"Shaw, Harrison"	"Goldie, J S"	"5f "	"6"	"6"	"2"	"7"
"16:45:00"	"2018-08-13"	"Ayr"	"Our Place In Loule"	"9.00"	"12.99"	"Handicap"	"3"	"16"	"Beasley, Connor"	"Wilson, N"	"5f "	"6"	"7"	"4"	"14"
"16:45:00"	"2018-08-13"	"Ayr"	"Cheeni"	"33.00"	"65"	"Handicap"	"6"	"16"	"Muir, Paula"	"Goldie, J S"	"5f "	"6"	"2"	"11"	"12"
"16:15:00"	"2018-08-13"	"Ayr"	"Yes You (IRE)"	"3.50"	"4.6"	"Handicap"	"1"	"9"	"Gormley, Jamie"	"Jardine, I"	"6f "	"5"	"2"	"1"	"12"
"16:15:00"	"2018-08-13"	"Ayr"	"Bossipop"	"3.00"	"4.3"	"Handicap"	"2"	"9"	"Allan, David"	"Easterby, T D"	"6f "	"5"	"7"	"3"	"7"
"16:15:00"	"2018-08-13"	"Ayr"	"Steelriver (IRE)"	"12.00"	"13.45"	"Handicap"	"9"	"9"	"Kirrane, Sean"	"Levins, J F"	"6f "	"5"	"2"	"4"	"9"
"17:25:00"	"2018-08-12"	"Leicester"	"Perfect Symphony (IRE)"	"4.00"	"5.4"	"Handicap"	"1"	"9"	"Probert, David"	"Leech, Mrs S"	"5f "	"6"	"4"	"2"	"11"
"17:25:00"	"2018-08-12"	"Leicester"	"Le Manege Enchante (IRE)"	"8.00"	"9.8"	"Handicap"	"4"	"9"	"Mathers, Patrick"	"Shaw, D"	"5f "	"6"	"9"	"4"	"5"
"16:45:00"	"2018-08-12"	"Curragh"	"Gopsies Daughter (IRE)"	"5.50"	"7.41"	"Handicap"	"1"	"14"	"Hennessy, Killian"	"Hogan, Denis Gerard"	"5f "	"0"	"6"	"5"	"30"
"16:45:00"	"2018-08-12"	"Curragh"	"Polly Douglas (IRE)"	"5.00"	"6.13"	"Handicap"	"4"	"14"	"Hogan, D E"	"Cotter, Kieran P"	"5f "	"0"	"6"	"9"	"30"
"16:45:00"	"2018-08-12"	"Curragh"	"Tush"	"9.00"	"10.51"	"Handicap"	"8"	"14"	"Coen, Ben M"	"Farrell, W T"	"5f "	"0"	"6"	"12"	"30"
"16:35:00"	"2018-08-12"	"Windsor"	"Ladweb"	"4.00"	"6.29"	"Handicap"	"3"	"8"	"Curtis, B A"	"Gallagher, J"	"5f "	"5"	"10"	"3"	"6"
"14:25:00"	"2018-08-12"	"Curragh"	"Amaretto Stone (IRE)"	"33.00"	"112.25"	"Maiden"	"8"	"15"	"Orr, Oisin"	"Scott, J H"	"5f "	"0"	"6"	"27"	"30"
"19:05:00"	"2018-08-11"	"Ayr"	"Golden Steps (FR)"	"2.75"	"4.4"	"Handicap"	"4"	"5"	"Downing, George"	"Goldie, J S"	"5f "	"4"	"7"	"RR"	"19"
"18:35:00"	"2018-08-11"	"Ayr"	"Your Pal Tal"	"10.00"	"13.99"	"Handicap"	"7"	"12"	"OConnor, Donagh"	"Levins, J F"	"6f "	"6"	"5"	"28"	"30"
"16:50:00"	"2018-08-11"	"Haydock"	"Celerity (IRE)"	"25.00"	"28.9"	"Handicap"	"3"	"10"	"Whittington, Elisha"	"Williamson, Mrs L"	"5f "	"5"	"9"	"2"	"6"
"16:50:00"	"2018-08-11"	"Haydock"	"Red Stripes (USA)"	"5.00"	"7.18"	"Handicap"	"8"	"10"	"Egan, David"	"Williamson, Mrs L"	"5f "	"5"	"8"	"7"	"7"
"16:05:00"	"2018-08-11"	"Redcar"	"Masham Star (IRE)"	"5.00"	"6.2"	"Handicap"	"1"	"9"	"Stammers, Oliver"	"Johnston, M"	"1m "	"3"	"8"	"16"	"17"
"16:05:00"	"2018-08-11"	"Redcar"	"Raselasad (IRE)"	"6.00"	"7.9"	"Handicap"	"3"	"9"	"Eaves, Tom"	"Waggott, Miss Tracy"	"1m "	"3"	"7"	"15"	"17"
"16:05:00"	"2018-08-11"	"Redcar"	"Destroyer"	"8.00"	"11.5"	"Handicap"	"8"	"9"	"McHugh, B"	"Tate, T P"	"1m "	"3"	"7"	"1"	"6"
"15:30:00"	"2018-08-11"	"Redcar"	"Tadaawol"	"16.00"	"17.19"	"Handicap"	"5"	"11"	"Sanderson, Benjamin"	"Fell, R / Murray, S"	"7f "	"4"	"7"	"8"	"13"
"15:30:00"	"2018-08-11"	"Redcar"	"Etikaal"	"6.00"	"7.06"	"Handicap"	"10"	"11"	"Murtagh, Connor"	"Tuer, Grant"	"7f "	"4"	"4"	"6"	"13"
"20:30:00"	"2018-08-10"	"Haydock"	"Teepee Time"	"5.50"	"7.41"	"Handicap"	"4"	"8"	"Dennis, Phil"	"Mullineaux, M"	"5f "	"5"	"4"	"14"	"14"
"20:15:00"	"2018-08-10"	"Newmarket (July)"	"Repton (IRE)"	"8.00"	"12.68"	"Handicap"	"4"	"6"	"Atzeni, Andrea"	"Hannon (Jnr), Richard"	"6f "	"3"	"9"	"16"	"18"
"18:05:00"	"2018-08-10"	"Tipperary"	"Dandyman Port (IRE)"	"14.00"	"14.57"	"Handicap"	"1"	"7"	"Crosse, S M"	"Donovan, D"	"5f "	"0"	"4"	"10"	"10"
"20:20:00"	"2018-08-08"	"Yarmouth"	"Letmestopyouthere (IRE)"	"0.83"	"1.85"	"Handicap"	"1"	"4"	"Del Fabbro, Sara"	"Bell, M L W"	"6f "	"5"	"5"	"2"	"5"
"20:20:00"	"2018-08-08"	"Yarmouth"	"The Lacemaker"	"4.50"	"6.1"	"Handicap"	"2"	"4"	"Sousa, Silvestre De"	"Dwyer, C A"	"6f "	"5"	"8"	"5"	"8"
"20:20:00"	"2018-08-08"	"Yarmouth"	"Deeds Not Words (IRE)"	"2.25"	"3.7"	"Handicap"	"4"	"4"	"Egan, John"	"Wigham, M"	"6f "	"5"	"4"	"5"	"12"
"15:30:00"	"2018-08-08"	"Chepstow"	"Jaganory (IRE)"	"3.33"	"5"	"Handicap"	"2"	"7"	"Marsh, Finley"	"Mason, Christopher"	"5f "	"6"	"6"	"4"	"6"
"14:00:00"	"2018-08-08"	"Chepstow"	"Jacksonfire"	"25.00"	"33.81"	"Handicap"	"1"	"11"	"Coughlan, Laura"	"Mullineaux, M"	"6f "	"5"	"7"	"6"	"14"
"18:45:00"	"2018-08-07"	"Ayr"	"Eternalist"	"12.00"	"15.27"	"Handicap"	"2"	"7"	"Shaw, Harrison"	"Goldie, J S"	"5f "	"4"	"4"	"6"	"9"
"18:45:00"	"2018-08-07"	"Ayr"	"Dark Defender"	"2.00"	"3.2"	"Handicap"	"3"	"7"	"Fanning, Joe"	"Dalgleish, Keith"	"5f "	"4"	"8"	"4"	"10"
"18:45:00"	"2018-08-07"	"Ayr"	"Scuzeme"	"12.00"	"18.97"	"Handicap"	"7"	"7"	"Curtis, B A"	"Barron, T D"	"5f "	"4"	"7"	"8"	"10"
"14:35:00"	"2018-08-07"	"Catterick"	"Kinloch Pride"	"7.50"	"8.74"	"Handicap"	"1"	"10"	"Dennis, Phil"	"Wilson, N"	"5f "	"6"	"4"	"7"	"9"
"20:30:00"	"2018-08-06"	"Windsor"	"Look Surprised"	"4.00"	"6.2"	"Handicap"	"1"	"10"	"Cox, William"	"Teal, R A"	"5f "	"5"	"9"	"1"	"7"
"20:30:00"	"2018-08-06"	"Windsor"	"Taurean Gold"	"66.00"	"200"	"Handicap"	"9"	"10"	"ONeill, K T"	"Bridger, J / Cook, R"	"5f "	"5"	"9"	"12"	"14"
"18:15:00"	"2018-08-06"	"Carlisle"	"Eastern Racer (IRE)"	"4.50"	"6.23"	"Handicap"	"2"	"8"	"Clifton, Izzy"	"Ellison, B"	"6f "	"5"	"3"	"1"	"5"
"18:15:00"	"2018-08-06"	"Carlisle"	"Ventura Secret (IRE)"	"9.00"	"10.39"	"Handicap"	"3"	"8"	"Muir, Paula"	"Dods, M"	"6f "	"5"	"5"	"10"	"13"
"18:15:00"	"2018-08-06"	"Carlisle"	"Roys Dream"	"8.00"	"9.82"	"Handicap"	"4"	"8"	"Currie, Nicola"	"Collins, Paul"	"6f "	"5"	"10"	"6"	"13"
"17:40:00"	"2018-08-06"	"Carlisle"	"Kingstreet Lady"	"5.50"	"7.24"	"Handicap"	"1"	"14"	"Elliott, Jane"	"Carr, Mrs R A"	"5f "	"6"	"10"	"10"	"13"
"17:40:00"	"2018-08-06"	"Carlisle"	"Red Forever"	"33.00"	"70"	"Handicap"	"12"	"14"	"Cuthbert, Miss H"	"Cuthbert, Helen"	"5f "	"6"	"7"	"9"	"14"
"17:20:00"	"2018-08-06"	"Curragh"	"A Likely Story (IRE)"	"8.00"	"10"	"Handicap"	"1"	"30"	"Keane, C T"	"McCourt, T G"	"6f "	"0"	"10"	"4"	"13"
"17:20:00"	"2018-08-06"	"Curragh"	"Mr Shelby (IRE)"	"16.00"	"25"	"Handicap"	"22"	"30"	"Madden, Tom"	"Donohoe, S"	"6f "	"0"	"10"	"4"	"12"
"15:30:00"	"2018-08-06"	"Ripon"	"Sheepscar Lad (IRE)"	"1.63"	"3.25"	"Handicap"	"2"	"7"	"Sousa, Silvestre De"	"Tinkler, N"	"6f "	"3"	"8"	"2"	"8"
"19:35:00"	"2018-08-04"	"Lingfield"	"Deeds Not Words (IRE)"	"6.00"	"8.6"	"Handicap"	"5"	"12"	"Egan, John"	"Wigham, M"	"6f "	"6"	"9"	"1"	"9"
"19:35:00"	"2018-08-04"	"Lingfield"	"Ocean Temptress"	"10.00"	"15.01"	"Handicap"	"10"	"12"	"Morris, Luke"	"Ryan, J"	"6f "	"6"	"10"	"2"	"7"
"18:50:00"	"2018-08-04"	"Hamilton"	"Nuns Walk"	"1.75"	"2.9"	"Handicap"	"4"	"6"	"Richardson, Rachel"	"Easterby, T D"	"6f "	"4"	"8"	"1"	"13"
"17:45:00"	"2018-08-04"	"Doncaster"	"Penny Pot Lane"	"2.50"	"3.81"	"Handicap"	"3"	"9"	"Edmunds, Lewis"	"Whitaker, R M"	"6f "	"5"	"5"	"5"	"10"
"17:35:00"	"2018-08-04"	"Newmarket (July)"	"Woody Bay"	"7.00"	"9.63"	"Handicap"	"3"	"6"	"Gordon, Josephine"	"Walford, Mark"	"1m "	"4"	"7"	"1"	"8"
"16:55:00"	"2018-08-04"	"Lingfield"	"Three Cs (IRE)"	"1.00"	"2.11"	"Handicap"	"6"	"7"	"Crehan, Mark"	"Wintle, A"	"7.5f "	"6"	"7"	"1"	"14"
"20:50:00"	"2018-08-03"	"Musselburgh"	"Eternalist"	"3.50"	"5"	"Handicap"	"6"	"9"	"Gormley, Jamie"	"Goldie, J S"	"5f "	"6"	"10"	"4"	"6"
"20:50:00"	"2018-08-03"	"Musselburgh"	"Griffin Street"	"50.00"	"167.02"	"Handicap"	"8"	"9"	"Gray, S A"	"Whillans, A C"	"5f "	"6"	"10"	"8"	"9"
"19:20:00"	"2018-08-03"	"Musselburgh"	"Excessable"	"4.00"	"5.8"	"Handicap"	"1"	"6"	"Richardson, Rachel"	"Easterby, T D"	"5f "	"3"	"9"	"2"	"6"
"19:20:00"	"2018-08-03"	"Musselburgh"	"Dapper Man (IRE)"	"7.00"	"9.5"	"Handicap"	"4"	"6"	"Sanderson, Benjamin"	"Fell, R / Murray, S"	"5f "	"3"	"9"	"5"	"6"
"17:35:00"	"2018-08-03"	"Thirsk"	"Eastern Racer (IRE)"	"1.88"	"3"	"Handicap"	"1"	"5"	"Schofield, Kieran"	"Ellison, B"	"6f "	"5"	"8"	"1"	"11"
"17:35:00"	"2018-08-03"	"Thirsk"	"Le Manege Enchante (IRE)"	"16.00"	"21.99"	"Handicap"	"4"	"5"	"Beech, Aled J"	"Shaw, D"	"6f "	"5"	"8"	"9"	"11"
"20:45:00"	"2018-08-02"	"Ffos Las"	"Celerity (IRE)"	"14.00"	"18"	"Handicap"	"2"	"6"	"Whittington, Elisha"	"Williamson, Mrs L"	"5f "	"6"	"3"	"4"	"9"
"19:15:00"	"2018-08-02"	"Ffos Las"	"Sweet Pursuit"	"2.00"	"3.39"	"Handicap"	"1"	"9"	"Marsh, Finley"	"Millman, B R"	"6f "	"5"	"9"	"1"	"6"
"17:05:00"	"2018-08-02"	"Nottingham"	"Classic Pursuit"	"3.50"	"5.14"	"Handicap"	"1"	"6"	"Ladd, Theodore"	"Appleby, M"	"5f "	"5"	"4"	"1"	"10"
"17:05:00"	"2018-08-02"	"Nottingham"	"Jashma (IRE)"	"1.75"	"3"	"Handicap"	"2"	"6"	"Currie, Nicola"	"Hughes, Richard"	"5f "	"5"	"9"	"1"	"5"
"17:05:00"	"2018-08-02"	"Nottingham"	"Tallinski (IRE)"	"2.75"	"4.21"	"Handicap"	"4"	"6"	"Robinson, Ben"	"Ellison, B"	"5f "	"5"	"9"	"1"	"8"
"17:05:00"	"2018-08-02"	"Nottingham"	"Savannah Beau"	"16.00"	"21.8"	"Handicap"	"6"	"6"	"Mathers, Patrick"	"Shaw, D"	"5f "	"5"	"7"	"11"	"11"
"20:15:00"	"2018-08-01"	"Leicester"	"Curious Fox"	"0.83"	"1.9"	"Handicap"	"3"	"5"	"Probert, David"	"Carson, Anthony"	"6f "	"5"	"7"	"1"	"7"
"18:00:00"	"2018-08-01"	"Redcar"	"Black Salt"	"6.00"	"8.66"	"Handicap"	"4"	"13"	"MacKenzie, Ellie"	"Barron, T D"	"1m "	"5"	"9"	"3"	"9"
"18:00:00"	"2018-08-01"	"Redcar"	"Abushamah (IRE)"	"6.00"	"9.75"	"Handicap"	"6"	"13"	"Bullock, Miss Emily"	"Carr, Mrs R A"	"1m "	"5"	"9"	"4"	"9"
"18:00:00"	"2018-08-01"	"Redcar"	"Three Gracez"	"8.00"	"11"	"Handicap"	"11"	"13"	"Peck, Antonia"	"Murphy, Amy"	"1m "	"5"	"7"	"6"	"11"
"17:30:00"	"2018-08-01"	"Redcar"	"Someone Exciting"	"4.00"	"5.41"	"Handicap"	"1"	"14"	"Rodriguez, Callum"	"Thompson, D W"	"6f "	"6"	"8"	"3"	"14"
"17:30:00"	"2018-08-01"	"Redcar"	"Jacksonfire"	"33.00"	"53.92"	"Handicap"	"6"	"14"	"Dennis, Phil"	"Mullineaux, M"	"6f "	"6"	"6"	"6"	"11"
"17:30:00"	"2018-08-01"	"Redcar"	"Newgate Sioux"	"66.00"	"153.91"	"Handicap"	"12"	"14"	"Walsh, R P"	"Coyle, Tony"	"6f "	"6"	"9"	"9"	"11"
"17:00:00"	"2018-08-01"	"Redcar"	"A J Cook (IRE)"	"33.00"	"62.26"	"Handicap"	"7"	"13"	"Evans, Nathan"	"Barr, R E"	"6f "	"6"	"7"	"4"	"9"
"16:30:00"	"2018-07-31"	"Yarmouth"	"Percy Toplis"	"22.00"	"30"	"Handicap"	"4"	"10"	"Quinn, Jimmy"	"Dunnett, Mrs C A"	"1m "	"6"	"6"	"8"	"11"
"15:50:00"	"2018-07-31"	"Beverley"	"Lexington Place"	"11.00"	"14.76"	"Handicap"	"5"	"10"	"Garritty, Jack"	"Carr, Mrs R A"	"5f "	"5"	"7"	"3"	"8"
"15:50:00"	"2018-07-31"	"Beverley"	"Musharrif"	"2.25"	"3.66"	"Handicap"	"6"	"10"	"ONeill, Ger"	"Carroll, D"	"5f "	"5"	"2"	"3"	"10"
"13:40:00"	"2018-07-31"	"Yarmouth"	"Franks Legacy"	"0.91"	"2.01"	"Handicap"	"5"	"9"	"Malune, Gabriele"	"Furtado, Ivan"	"7f "	"6"	"7"	"1"	"14"
"13:40:00"	"2018-07-31"	"Yarmouth"	"Emily Goldfinch"	"2.50"	"3.48"	"Handicap"	"9"	"9"	"Ryan, Rossa"	"McEntee, P S"	"7f "	"6"	"6"	"4"	"13"
"19:15:00"	"2018-07-30"	"Windsor"	"Bahamian Dollar"	"8.00"	"9.5"	"Handicap"	"3"	"15"	"Begley, Mrs K F"	"Evans, P D"	"6f "	"4"	"6"	"2"	"6"
"17:00:00"	"2018-07-30"	"Ayr"	"Redeeming"	"7.50"	"9"	"Handicap"	"2"	"14"	"Hart, Jason"	"Alston, E J"	"5f "	"6"	"3"	"5"	"11"
"17:00:00"	"2018-07-30"	"Ayr"	"Thornaby Princess"	"12.00"	"17.5"	"Handicap"	"8"	"14"	"Muir, Paula"	"Teague, C J"	"5f "	"6"	"6"	"5"	"9"
"17:00:00"	"2018-07-30"	"Ayr"	"Cheeni"	"8.00"	"12.89"	"Handicap"	"10"	"14"	"McDonald, P J"	"Goldie, J S"	"5f "	"6"	"7"	"9"	"11"
"17:00:00"	"2018-07-30"	"Ayr"	"Brendan (IRE)"	"5.00"	"6.8"	"Handicap"	"11"	"14"	"Downing, George"	"Goldie, J S"	"5f "	"6"	"7"	"3"	"11"
"16:30:00"	"2018-07-30"	"Ayr"	"Kenny The Captain (IRE)"	"6.00"	"8.6"	"Handicap"	"3"	"10"	"Richardson, Rachel"	"Easterby, T D"	"6f "	"4"	"8"	"2"	"5"
"16:30:00"	"2018-07-30"	"Ayr"	"Dark Defender"	"9.00"	"12"	"Handicap"	"4"	"10"	"Makin, Phillip"	"Dalgleish, Keith"	"6f "	"4"	"10"	"10"	"10"
"20:30:00"	"2018-07-28"	"Lingfield"	"Three Cs (IRE)"	"8.00"	"13.72"	"Handicap"	"1"	"14"	"Doyle, Hollie"	"Wintle, A"	"7f "	"6"	"9"	"4"	"8"
"20:30:00"	"2018-07-28"	"Lingfield"	"Flying Sakhee"	"1.50"	"2.88"	"Handicap"	"2"	"14"	"ONeill, K T"	"Bridger, J / Cook, R"	"7f "	"6"	"7"	"1"	"7"
"20:30:00"	"2018-07-28"	"Lingfield"	"Charlie Alpha (IRE)"	"18.00"	"41.9"	"Handicap"	"5"	"14"	"Ingram, Rhiain B"	"Ingram, R"	"7f "	"6"	"4"	"6"	"13"
"20:30:00"	"2018-07-28"	"Lingfield"	"Valentine Mist (IRE)"	"40.00"	"292.17"	"Handicap"	"13"	"14"	"Greatrex, Edward"	"Grassick, James"	"7f "	"6"	"9"	"8"	"8"
"18:45:00"	"2018-07-28"	"Salisbury"	"Tallys Song"	"25.00"	"38.94"	"Handicap"	"5"	"7"	"Da Silva, Raul"	"Harris, Miss G"	"5f "	"6"	"9"	"5"	"11"
"17:40:00"	"2018-07-28"	"Newmarket (July)"	"Woody Bay"	"20.00"	"27.17"	"Handicap"	"1"	"8"	"Gordon, Josephine"	"Walford, Mark"	"1m "	"5"	"6"	"3"	"9"
"17:10:00"	"2018-07-28"	"Newmarket (July)"	"Diamond Lady"	"8.00"	"10.5"	"Handicap"	"3"	"6"	"Doyle, Hollie"	"Stone, W B"	"5f "	"4"	"8"	"5"	"6"
"17:10:00"	"2018-07-28"	"Newmarket (July)"	"Lucky Beggar (IRE)"	"5.00"	"6.8"	"Handicap"	"4"	"6"	"Currie, Nicola"	"Griffiths, D C"	"5f "	"4"	"10"	"5"	"8"
"16:50:00"	"2018-07-28"	"Ascot"	"Fieldsman (USA)"	"25.00"	"36.32"	"Handicap"	"8"	"12"	"Deniel, Miss A"	"Griffiths, D C"	"7f "	"3"	"8"	"3"	"12"
"19:50:00"	"2018-07-27"	"Chepstow"	"Secretinthepark"	"4.50"	"5.6"	"Handicap"	"2"	"7"	"Dennis, Phil"	"Mullineaux, M"	"5f "	"5"	"7"	"4"	"8"
"19:50:00"	"2018-07-27"	"Chepstow"	"Major Valentine"	"6.00"	"7.8"	"Handicap"	"7"	"7"	"Morris, Luke"	"Oshea, J G M"	"5f "	"5"	"8"	"5"	"5"
"19:10:00"	"2018-07-27"	"Newmarket (July)"	"Masham Star (IRE)"	"1.50"	"2.57"	"Handicap"	"UR"	"4"	"Fanning, Joe"	"Johnston, M"	"1m "	"3"	"6"	"4"	"9"
"18:30:00"	"2018-07-27"	"York"	"Pomme De Terre (IRE)"	"14.00"	"25"	"Handicap"	"2"	"19"	"Beasley, Connor"	"Dods, M"	"6f "	"4"	"4"	"11"	"11"
"18:30:00"	"2018-07-27"	"York"	"Meshardal (GER)"	"14.00"	"21"	"Handicap"	"4"	"19"	"Sullivan, James P"	"Carr, Mrs R A"	"6f "	"4"	"6"	"4"	"8"
"18:30:00"	"2018-07-27"	"York"	"Ninjago"	"12.00"	"23"	"Handicap"	"8"	"19"	"McDonald, P J"	"Midgley, P T"	"6f "	"4"	"7"	"3"	"7"
"18:30:00"	"2018-07-27"	"York"	"Muatadel"	"14.00"	"18.46"	"Handicap"	"13"	"19"	"Sanderson, Benjamin"	"Fell, R / Murray, S"	"6f "	"4"	"1"	"4"	"11"
"18:30:00"	"2018-07-27"	"York"	"Short Work"	"14.00"	"21"	"Handicap"	"15"	"19"	"Tudhope, Daniel"	"OMeara, D"	"6f "	"4"	"9"	"6"	"8"
"18:30:00"	"2018-07-27"	"York"	"Point Of Woods"	"12.00"	"14.5"	"Handicap"	"16"	"19"	"Ralston, Sophie"	"Jackson, Miss T"	"6f "	"4"	"1"	"3"	"11"
"18:30:00"	"2018-07-27"	"York"	"Suitcase n Taxi"	"12.00"	"28.52"	"Handicap"	"19"	"19"	"Allan, David"	"Easterby, T D"	"6f "	"4"	"9"	"7"	"8"
"18:05:00"	"2018-07-27"	"Down Royal"	"Pillar"	"6.00"	"8.2"	"Handicap"	"2"	"12"	"Keane, C T"	"McGuinness, Adrian"	"5f "	"0"	"9"	"8"	"16"
"18:05:00"	"2018-07-27"	"Down Royal"	"Nora Batt (IRE)"	"3.50"	"5.1"	"Handicap"	"6"	"12"	"Madden, Tom"	"Nicholson, John W"	"5f "	"0"	"3"	"1"	"9"
"17:35:00"	"2018-07-27"	"Newmarket (July)"	"Mississippi Miss"	"33.00"	"46"	"Handicap"	"5"	"9"	"Wood, George"	"Scargill, Dr J D"	"1m "	"5"	"9"	"4"	"4"
"17:25:00"	"2018-07-27"	"Thirsk"	"Mighty Zip (USA)"	"33.00"	"53.14"	"Handicap"	"4"	"11"	"McManoman, Faye"	"Williamson, Mrs L"	"5f "	"6"	"3"	"8"	"8"
"16:55:00"	"2018-07-27"	"Thirsk"	"Maureb (IRE)"	"25.00"	"35.02"	"Handicap"	"9"	"13"	"Fitzpatrick, Rob J"	"Coyle, Tony"	"6f "	"5"	"4"	"7"	"11"
"20:00:00"	"2018-07-26"	"Doncaster"	"Procida"	"100.00"	"204.08"	"Novices"	"5"	"5"	"Evans, Nathan"	"Coward, Miss J M"	"7f "	"5"	"10"	"4"	"7"
"19:00:00"	"2018-07-26"	"Doncaster"	"Island Cloud"	"1.38"	"2.46"	"Handicap"	"2"	"5"	"Curtis, B A"	"Main, Mrs H S"	"7f "	"3"	"7"	"1"	"5"
"17:15:00"	"2018-07-26"	"Doncaster"	"Point Of Woods"	"3.00"	"4.3"	"Handicap"	"3"	"11"	"Ralston, Sophie"	"Jackson, Miss T"	"6f "	"5"	"7"	"1"	"8"
"17:15:00"	"2018-07-26"	"Doncaster"	"Muatadel"	"4.00"	"5.06"	"Handicap"	"4"	"11"	"Hamilton, Tony"	"Fell, R / Murray, S"	"6f "	"5"	"7"	"2"	"8"
"17:15:00"	"2018-07-26"	"Doncaster"	"Jacksonfire"	"100.00"	"282.98"	"Handicap"	"6"	"11"	"Dodsworth, Robert"	"Mullineaux, M"	"6f "	"5"	"7"	"6"	"8"
"17:15:00"	"2018-07-26"	"Doncaster"	"Le Manege Enchante (IRE)"	"25.00"	"32.39"	"Handicap"	"9"	"11"	"Mathers, Patrick"	"Shaw, D"	"6f "	"5"	"9"	"4"	"10"
"14:00:00"	"2018-07-26"	"Yarmouth"	"Deeds Not Words (IRE)"	"2.50"	"3.85"	"Handicap"	"1"	"9"	"Egan, David"	"Wigham, M"	"6f "	"6"	"8"	"1"	"9"
"14:00:00"	"2018-07-26"	"Yarmouth"	"Strictly Carter"	"8.00"	"10.68"	"Handicap"	"3"	"9"	"Burns, Harry"	"Bailey, A"	"6f "	"6"	"8"	"4"	"9"
"18:55:00"	"2018-07-25"	"Sandown"	"Anonymous John (IRE)"	"7.00"	"9.67"	"Handicap"	"2"	"8"	"Keniry, L P"	"Davis, D J S Ffrench"	"5f "	"4"	"9"	"1"	"12"
"17:40:00"	"2018-07-25"	"Naas"	"Focus Of Attention (IRE)"	"1.00"	"2.1"	"Handicap"	"1"	"9"	"OBrien, Donnacha"	"OBrien, Joseph Patrick"	"5f "	"0"	"7"	"1"	"16"
"17:40:00"	"2018-07-25"	"Naas"	"Polly Douglas (IRE)"	"8.00"	"8.6"	"Handicap"	"3"	"9"	"Hogan, D E"	"Cotter, Kieran P"	"5f "	"0"	"7"	"5"	"6"
"17:30:00"	"2018-07-25"	"Leicester"	"Champagne Bob"	"2.00"	"3.14"	"Handicap"	"1"	"13"	"MacKenzie, Ellie"	"Price, R J"	"7f "	"6"	"5"	"1"	"7"
"17:30:00"	"2018-07-25"	"Leicester"	"Great Colaci"	"5.00"	"6.92"	"Handicap"	"3"	"13"	"Williamson, Joseph"	"Boanas, Miss G"	"7f "	"6"	"1"	"2"	"14"
"17:30:00"	"2018-07-25"	"Leicester"	"Emily Goldfinch"	"9.00"	"12.5"	"Handicap"	"4"	"13"	"McEntee, Grace"	"McEntee, P S"	"7f "	"6"	"7"	"1"	"4"
"17:30:00"	"2018-07-25"	"Leicester"	"Arcanista (IRE)"	"5.00"	"7.59"	"Handicap"	"8"	"13"	"Harris, Mr M S"	"Dwyer, C A"	"7f "	"6"	"7"	"2"	"9"
"17:30:00"	"2018-07-25"	"Leicester"	"Iconic Figure (IRE)"	"20.00"	"28"	"Handicap"	"12"	"13"	"Newcombe, Henry"	"Kirby, P A"	"7f "	"6"	"2"	"10"	"10"
"15:50:00"	"2018-07-25"	"Lingfield"	"Sea Fox (IRE)"	"0.83"	"1.92"	"Non-Handicap"	"1"	"5"	"Kirby, Adam"	"Evans, P D"	"7.5f "	"3"	"4"	"3"	"6"
"15:50:00"	"2018-07-25"	"Lingfield"	"Horsted Keynes (FR)"	"6.00"	"7.6"	"Non-Handicap"	"2"	"5"	"Spencer, Jamie"	"Simcock, D M"	"7.5f "	"3"	"4"	"5"	"6"
"17:35:00"	"2018-07-24"	"Musselburgh"	"Thornaby Princess"	"9.00"	"13.5"	"Handicap"	"5"	"9"	"Hart, Jason"	"Teague, C J"	"5f "	"6"	"7"	"2"	"10"
"17:35:00"	"2018-07-24"	"Musselburgh"	"Griffin Street"	"20.00"	"40"	"Handicap"	"8"	"9"	"Scott, Rowan"	"Whillans, A C"	"5f "	"6"	"5"	"9"	"9"
"17:10:00"	"2018-07-24"	"Ffos Las"	"Red Stripes (USA)"	"10.00"	"12.01"	"Handicap"	"4"	"5"	"Doyle, Hollie"	"Williamson, Mrs L"	"5f "	"5"	"4"	"5"	"8"
"16:40:00"	"2018-07-24"	"Ffos Las"	"Celerity (IRE)"	"40.00"	"65"	"Handicap"	"5"	"8"	"Whittington, Elisha"	"Williamson, Mrs L"	"5f "	"6"	"3"	"8"	"8"
"19:10:00"	"2018-07-23"	"Windsor"	"Open Wide (USA)"	"1.75"	"2.77"	"Handicap"	"3"	"5"	"Crowley, Jim"	"Perrett, Mrs A J"	"5f "	"3"	"9"	"14"	"20"
"19:10:00"	"2018-07-23"	"Windsor"	"Equimou"	"6.50"	"8.92"	"Handicap"	"5"	"5"	"Kirby, Adam"	"Eddery, Robert"	"5f "	"3"	"10"	"8"	"9"
"14:00:00"	"2018-07-23"	"Ayr"	"Brendan (IRE)"	"9.00"	"10.81"	"Handicap"	"3"	"11"	"Downing, George"	"Goldie, J S"	"6f "	"6"	"7"	"4"	"9"
"14:00:00"	"2018-07-23"	"Ayr"	"Star Cracker (IRE)"	"7.00"	"9.12"	"Handicap"	"8"	"11"	"McDonald, P J"	"Goldie, J S"	"6f "	"6"	"7"	"6"	"9"
"20:30:00"	"2018-07-21"	"Haydock"	"Teepee Time"	"7.00"	"9.42"	"Handicap"	"7"	"8"	"Dennis, Phil"	"Mullineaux, M"	"5f "	"5"	"8"	"6"	"12"
"19:15:00"	"2018-07-21"	"Lingfield"	"Babyfact"	"8.00"	"9.79"	"Handicap"	"8"	"8"	"Birkett, Shelley"	"Saunders, M S"	"5f "	"4"	"8"	"3"	"6"
"17:50:00"	"2018-07-21"	"Ripon"	"Silk Mill Blue"	"22.00"	"28.67"	"Handicap Maiden"	"2"	"12"	"Dennis, Phil"	"Whitaker, R M"	"6f "	"5"	"10"	"9"	"13"
"17:10:00"	"2018-07-21"	"Newmarket (July)"	"Sans Souci Bay"	"10.00"	"15.96"	"Handicap"	"6"	"6"	"ONeill, K T"	"Dixon, Scott"	"7f "	"3"	"8"	"1"	"11"
"20:45:00"	"2018-07-20"	"Newmarket (July)"	"Zafaranah (USA)"	"4.50"	"5.65"	"Handicap"	"2"	"12"	"Fahy, J P"	"Sly, Mrs P"	"7f "	"5"	"8"	"2"	"8"
"20:45:00"	"2018-07-20"	"Newmarket (July)"	"Fieldsman (USA)"	"9.00"	"14"	"Handicap"	"3"	"12"	"Crowley, Jim"	"Griffiths, D C"	"7f "	"5"	"8"	"4"	"9"
"20:45:00"	"2018-07-20"	"Newmarket (July)"	"Seyasah (IRE)"	"20.00"	"23.94"	"Handicap"	"11"	"12"	"Queally, T P"	"Wall, C F"	"7f "	"5"	"8"	"7"	"8"
"19:45:00"	"2018-07-20"	"Newmarket (July)"	"A Momentofmadness"	"1.63"	"2.8"	"Non-Handicap"	"2"	"4"	"Buick, William"	"Hills, Charles"	"5f "	"3"	"6"	"8"	"8"
"18:50:00"	"2018-07-20"	"Hamilton"	"Mujassam"	"2.25"	"3.4"	"Handicap"	"3"	"6"	"Nolan, D"	"OMeara, D"	"6f "	"4"	"6"	"1"	"6"
"18:50:00"	"2018-07-20"	"Hamilton"	"Mont Kiara (FR)"	"6.50"	"7.59"	"Handicap"	"5"	"6"	"Murtagh, Connor"	"Ryan, K A"	"6f "	"4"	"2"	"3"	"8"
"16:40:00"	"2018-07-20"	"Newbury"	"Majboor (IRE)"	"1.00"	"2.04"	"Handicap"	"1"	"5"	"Keniry, L P"	"Davis, D J S Ffrench"	"1m "	"5"	"9"	"1"	"11"
"16:40:00"	"2018-07-20"	"Newbury"	"Air Of York (IRE)"	"6.00"	"8.6"	"Handicap"	"2"	"5"	"Cox, William"	"Flint, J L"	"1m "	"5"	"7"	"2"	"5"
"15:45:00"	"2018-07-20"	"Haydock"	"Secretinthepark"	"50.00"	"128.65"	"Handicap"	"4"	"8"	"Dennis, Phil"	"Mullineaux, M"	"5f "	"4"	"8"	"11"	"11"
"15:45:00"	"2018-07-20"	"Haydock"	"Red Stripes (USA)"	"25.00"	"28.51"	"Handicap"	"5"	"8"	"Malune, Gabriele"	"Williamson, Mrs L"	"5f "	"4"	"7"	"8"	"12"
"15:45:00"	"2018-07-20"	"Haydock"	"Alsvinder"	"2.25"	"3.91"	"Handicap"	"6"	"8"	"Tudhope, Daniel"	"OMeara, D"	"5f "	"4"	"2"	"1"	"8"
"15:45:00"	"2018-07-20"	"Haydock"	"Dazacam"	"10.00"	"13.76"	"Handicap"	"8"	"8"	"Rodriguez, Callum"	"Barclay, Stella"	"5f "	"4"	"7"	"7"	"12"
"17:45:00"	"2018-07-19"	"Doncaster"	"Muatadel"	"2.25"	"3.8"	"Handicap"	"2"	"8"	"Mitchell, Jacob"	"Fell, R / Murray, S"	"5f "	"5"	"5"	"4"	"6"
"17:45:00"	"2018-07-19"	"Doncaster"	"Youre Cool"	"16.00"	"16.94"	"Handicap"	"7"	"8"	"Quinn, Josh"	"Balding, J"	"5f "	"5"	"7"	"7"	"11"
"17:45:00"	"2018-07-19"	"Doncaster"	"Astrophysics"	"5.50"	"6.98"	"Handicap"	"8"	"8"	"Bridgwater, Poppy"	"Siddall, Miss L C"	"5f "	"5"	"10"	"5"	"11"
"17:25:00"	"2018-07-19"	"Leicester"	"Mistry"	"5.00"	"6.6"	"Handicap"	"5"	"7"	"Stephens, Kayleigh"	"Usher, M D I"	"6f "	"6"	"10"	"4"	"12"
"16:10:00"	"2018-07-19"	"Chepstow"	"Jaganory (IRE)"	"2.75"	"4.2"	"Handicap"	"1"	"11"	"Currie, Nicola"	"Mason, Christopher"	"5f "	"6"	"8"	"3"	"8"
"16:10:00"	"2018-07-19"	"Chepstow"	"Tallys Song"	"12.00"	"15.63"	"Handicap"	"5"	"11"	"Costello, Dougie"	"Harris, Miss G"	"5f "	"6"	"10"	"11"	"11"
"15:40:00"	"2018-07-19"	"Chepstow"	"Gold Hunter (IRE)"	"0.80"	"1.84"	"Handicap"	"3"	"5"	"Elliott, Jane"	"Wintle, A"	"6f "	"4"	"6"	"1"	"6"
"15:40:00"	"2018-07-19"	"Chepstow"	"Major Valentine"	"5.00"	"6.16"	"Handicap"	"5"	"5"	"Probert, David"	"Oshea, J G M"	"6f "	"4"	"6"	"5"	"6"
"14:40:00"	"2018-07-19"	"Chepstow"	"Jacksonfire"	"16.00"	"22.4"	"Handicap"	"6"	"8"	"Jones, Liam"	"Mullineaux, M"	"7f "	"6"	"10"	"9"	"11"
"14:10:00"	"2018-07-19"	"Chepstow"	"Andalusite"	"3.50"	"5.2"	"Handicap"	"2"	"9"	"Marsh, Finley"	"Gallagher, J"	"1m "	"5"	"3"	"4"	"7"
"20:20:00"	"2018-07-18"	"Yarmouth"	"La Isla Bonita"	"1.38"	"2.57"	"Handicap"	"3"	"4"	"Currie, Nicola"	"Spencer, Richard"	"7f "	"5"	"7"	"1"	"8"
"19:45:00"	"2018-07-18"	"Yarmouth"	"Deeds Not Words (IRE)"	"3.50"	"4.87"	"Handicap"	"1"	"9"	"Egan, John"	"Wigham, M"	"6f "	"6"	"9"	"4"	"11"
"19:45:00"	"2018-07-18"	"Yarmouth"	"Born To Boogie"	"14.00"	"17.74"	"Handicap"	"8"	"9"	"Breslin, Andrew"	"Turner, W G M"	"6f "	"6"	"8"	"6"	"8"
"18:40:00"	"2018-07-18"	"Yarmouth"	"Rojina (IRE)"	"100.00"	"250"	"Novices"	"6"	"7"	"Whittington, Elisha"	"Williamson, Mrs L"	"7f "	"6"	"9"	"8"	"13"
"17:35:00"	"2018-07-18"	"Yarmouth"	"Letmestopyouthere (IRE)"	"1.50"	"2.8"	"Handicap"	"1"	"6"	"Del Fabbro, Sara"	"Bell, M L W"	"6f "	"4"	"9"	"3"	"12"
"16:30:00"	"2018-07-18"	"Catterick"	"Alsvinder"	"1.88"	"3.1"	"Handicap"	"1"	"8"	"Nolan, D"	"OMeara, D"	"5f "	"5"	"4"	"1"	"6"
"18:40:00"	"2018-07-17"	"Thirsk"	"Semana Santa"	"16.00"	"24.28"	"Handicap Seller"	"4"	"16"	"Elliott, Jane"	"Barron, T D"	"6f "	"6"	"8"	"5"	"9"
"18:40:00"	"2018-07-17"	"Thirsk"	"Fintry Flyer"	"33.00"	"55"	"Handicap Seller"	"13"	"16"	"Downing, George"	"Goldie, J S"	"6f "	"6"	"9"	"10"	"10"
"15:20:00"	"2018-07-16"	"Ripon"	"Rosina"	"3.00"	"4.37"	"Handicap"	"3"	"6"	"Norton, Francis"	"Duffield, Mrs A"	"5f "	"4"	"9"	"4"	"7"
"14:30:00"	"2018-07-16"	"Ayr"	"Jessie Allan (IRE)"	"33.00"	"60.46"	"Handicap"	"1"	"9"	"Downing, George"	"Goldie, J S"	"6f "	"5"	"7"	"5"	"7"
"14:30:00"	"2018-07-16"	"Ayr"	"Brendan (IRE)"	"20.00"	"27"	"Handicap"	"4"	"9"	"Breslin, Andrew"	"Goldie, J S"	"6f "	"5"	"7"	"4"	"9"
"14:30:00"	"2018-07-16"	"Ayr"	"Star Cracker (IRE)"	"12.00"	"17.86"	"Handicap"	"6"	"9"	"Dennis, Phil"	"Goldie, J S"	"6f "	"5"	"7"	"4"	"7"
"19:15:00"	"2018-07-14"	"Salisbury"	"Biotic"	"4.50"	"5.8"	"Handicap"	"4"	"4"	"Egan, John"	"Millman, B R"	"1m "	"4"	"8"	"1"	"7"
"19:00:00"	"2018-07-14"	"Hamilton"	"Mujassam"	"2.50"	"3.67"	"Handicap"	"1"	"6"	"Nolan, D"	"OMeara, D"	"6f "	"4"	"10"	"1"	"8"
"19:00:00"	"2018-07-14"	"Hamilton"	"Hee Haw (IRE)"	"1.75"	"2.93"	"Handicap"	"3"	"6"	"Beasley, Connor"	"Midgley, P T"	"6f "	"4"	"7"	"3"	"8"
"18:30:00"	"2018-07-14"	"Hamilton"	"Trulove"	"40.00"	"92.35"	"Handicap"	"5"	"6"	"Scott, Rowan"	"Riches, John"	"5f "	"5"	"10"	"5"	"6"
"18:30:00"	"2018-07-14"	"Hamilton"	"King Of Castilla"	"80.00"	"142.18"	"Handicap"	"6"	"6"	"Evans, Nathan"	"Berry, A"	"5f "	"5"	"6"	"8"	"10"
"16:10:00"	"2018-07-14"	"Ascot"	"Areen Heart (FR)"	"10.00"	"13.51"	"Handicap"	"5"	"14"	"Tudhope, Daniel"	"OMeara, D"	"7f "	"4"	"8"	"3"	"6"
"15:00:00"	"2018-07-14"	"Navan"	"Gopsies Daughter (IRE)"	"8.00"	"10.5"	"Handicap"	"1"	"20"	"Leonard, Killian"	"Hogan, Denis Gerard"	"5f "	"0"	"8"	"5"	"15"
"15:00:00"	"2018-07-14"	"Navan"	"Landline (IRE)"	"6.00"	"7.6"	"Handicap"	"4"	"20"	"Madden, Tom"	"Cleary, Thomas"	"5f "	"0"	"7"	"1"	"7"
"15:00:00"	"2018-07-14"	"Navan"	"Haqeeba (IRE)"	"9.00"	"9.87"	"Handicap"	"5"	"20"	"Redmond, D M"	"Lennon, Liam"	"5f "	"0"	"8"	"6"	"15"
"15:00:00"	"2018-07-14"	"Navan"	"Sweetest Taboo (IRE)"	"12.00"	"17.86"	"Handicap"	"6"	"20"	"Kavanagh, Peter J"	"McCreery, W"	"5f "	"0"	"8"	"1"	"15"
"15:00:00"	"2018-07-14"	"Navan"	"Catwilldo (IRE)"	"25.00"	"42"	"Handicap"	"14"	"20"	"Persse, A C"	"Donnelly, Garvan"	"5f "	"0"	"8"	"13"	"15"
"15:00:00"	"2018-07-14"	"Navan"	"Jenniechild (IRE)"	"20.00"	"29.44"	"Handicap"	"UR"	"20"	"Downey, R P"	"Fahey, Peter"	"5f "	"0"	"8"	"11"	"15"
"19:15:00"	"2018-07-13"	"Chepstow"	"Major Valentine"	"3.50"	"5.2"	"Handicap"	"5"	"6"	"Breslin, Andrew"	"Oshea, J G M"	"5f "	"5"	"9"	"6"	"8"
"18:10:00"	"2018-07-13"	"Chepstow"	"Air Of York (IRE)"	"1.75"	"3.18"	"Handicap"	"2"	"5"	"Malune, Gabriele"	"Flint, J L"	"1m "	"5"	"10"	"1"	"11"
"17:40:00"	"2018-07-13"	"Ascot"	"Buzz Lightyere"	"20.00"	"27.64"	"Handicap"	"1"	"9"	"Bennett, Charlie"	"Hide, Philip"	"1m "	"4"	"10"	"2"	"5"
"17:40:00"	"2018-07-13"	"Ascot"	"Apex King (IRE)"	"1.75"	"2.92"	"Handicap"	"3"	"9"	"Marsh, Finley"	"Hughes, Richard"	"1m "	"4"	"9"	"2"	"12"
"17:35:00"	"2018-07-13"	"Chepstow"	"Aqua Libre"	"1.63"	"2.88"	"Handicap"	"2"	"4"	"Shepherd, Callum"	"Candlish, Jennie"	"1m "	"5"	"6"	"4"	"7"
"17:00:00"	"2018-07-13"	"York"	"Tylery Wonder (IRE)"	"8.00"	"10.49"	"Handicap"	"2"	"9"	"Murphy, Oisin"	"Midgley, P T"	"5f "	"3"	"6"	"3"	"5"
"17:35:00"	"2018-07-12"	"Carlisle"	"Roys Dream"	"2.50"	"3.7"	"Handicap"	"1"	"9"	"McGovern, C J"	"Collins, Paul"	"6f "	"6"	"5"	"2"	"10"
"17:35:00"	"2018-07-12"	"Carlisle"	"Alfies Angel (IRE)"	"10.00"	"13.95"	"Handicap"	"6"	"9"	"Gray, S A"	"Tutty, Mrs K J"	"6f "	"6"	"8"	"6"	"11"
"17:35:00"	"2018-07-12"	"Carlisle"	"Kirkbys Phantom"	"250.00"	"804.3"	"Handicap"	"9"	"9"	"Evans, Nathan"	"Berry, A"	"6f "	"6"	"5"	"10"	"10"
"17:00:00"	"2018-07-12"	"Carlisle"	"Maureb (IRE)"	"9.00"	"13.73"	"Handicap"	"3"	"5"	"McGovern, C J"	"Coyle, Tony"	"6f "	"4"	"10"	"3"	"6"
"16:35:00"	"2018-07-12"	"Doncaster"	"Kingstreet Lady"	"7.50"	"9.4"	"Handicap"	"4"	"11"	"Shaw, Harrison"	"Carr, Mrs R A"	"5f "	"5"	"5"	"2"	"5"
"16:25:00"	"2018-07-12"	"Carlisle"	"Dapper Man (IRE)"	"1.63"	"2.83"	"Handicap"	"2"	"8"	"Sanderson, Benjamin"	"Fell, R / Murray, S"	"5f "	"4"	"7"	"1"	"6"
"16:25:00"	"2018-07-12"	"Carlisle"	"Royal Brave (IRE)"	"20.00"	"24.18"	"Handicap"	"4"	"8"	"Hart, Jason"	"Bastiman, Rebecca"	"5f "	"4"	"8"	"3"	"5"
"16:55:00"	"2018-07-11"	"Yarmouth"	"Percy Toplis"	"25.00"	"47.27"	"Handicap"	"1"	"4"	"Quinn, Jimmy"	"Dunnett, Mrs C A"	"1m "	"6"	"6"	"5"	"9"
"17:40:00"	"2018-07-09"	"Windsor"	"Letmestopyouthere (IRE)"	"1.25"	"2.57"	"Handicap"	"3"	"12"	"Del Fabbro, Sara"	"Bell, M L W"	"6f "	"6"	"10"	"4"	"12"
"15:35:00"	"2018-07-09"	"Ayr"	"Line Of Reason (IRE)"	"2.00"	"3.1"	"Handicap"	"1"	"7"	"Fanning, Joe"	"Midgley, P T"	"5f "	"3"	"9"	"3"	"17"
"15:35:00"	"2018-07-09"	"Ayr"	"Oriental Lilly"	"8.00"	"9.91"	"Handicap"	"3"	"7"	"Gormley, Jamie"	"Goldie, J S"	"5f "	"3"	"10"	"1"	"10"
"15:05:00"	"2018-07-09"	"Ayr"	"Palavicini Run (IRE)"	"40.00"	"91.95"	"Handicap"	"6"	"7"	"OConnor, Donagh"	"Perratt, Miss L A"	"6f "	"5"	"1"	"7"	"10"
"14:30:00"	"2018-07-09"	"Ayr"	"Brendan (IRE)"	"7.00"	"9.2"	"Handicap"	"4"	"9"	"Breslin, Andrew"	"Goldie, J S"	"6f "	"6"	"1"	"2"	"10"
"17:10:00"	"2018-07-08"	"Ayr"	"Lexington Place"	"1.25"	"2.34"	"Handicap"	"1"	"10"	"Bullock, Miss Emily"	"Carr, Mrs R A"	"5f "	"6"	"10"	"3"	"7"
"17:10:00"	"2018-07-08"	"Ayr"	"King Of Castilla"	"50.00"	"131.65"	"Handicap"	"8"	"10"	"Brown, Oakley"	"Berry, A"	"5f "	"6"	"6"	"6"	"7"
"17:10:00"	"2018-07-08"	"Ayr"	"Raise A Billion"	"50.00"	"173.85"	"Handicap"	"9"	"10"	"Killeen, James"	"Berry, A"	"5f "	"6"	"6"	"7"	"7"
"19:00:00"	"2018-07-07"	"Carlisle"	"Kingstreet Lady"	"4.00"	"5.31"	"Handicap"	"2"	"5"	"Elliott, Jane"	"Carr, Mrs R A"	"5f "	"5"	"9"	"4"	"7"
"19:00:00"	"2018-07-07"	"Carlisle"	"Tylery Wonder (IRE)"	"1.38"	"2.26"	"Handicap"	"3"	"5"	"Makin, Phillip"	"Midgley, P T"	"5f "	"5"	"7"	"2"	"14"
"18:40:00"	"2018-07-07"	"Nottingham"	"Ninjago"	"5.50"	"8.29"	"Handicap"	"4"	"8"	"Morris, Luke"	"Midgley, P T"	"6f "	"5"	"9"	"2"	"7"
"18:40:00"	"2018-07-07"	"Nottingham"	"Meshardal (GER)"	"5.00"	"8.86"	"Handicap"	"5"	"8"	"Sullivan, James P"	"Carr, Mrs R A"	"6f "	"5"	"9"	"4"	"10"
"16:35:00"	"2018-07-07"	"Naas"	"Waitaki (IRE)"	"9.00"	"12"	"Handicap"	"10"	"10"	"Sheehy, Danny"	"McLoughlin, D A"	"6f "	"0"	"7"	"4"	"10"
"16:00:00"	"2018-07-07"	"Naas"	"Landline (IRE)"	"6.50"	"8.4"	"Handicap"	"1"	"7"	"Madden, Tom"	"Cleary, Thomas"	"6f "	"0"	"10"	"1"	"20"
"16:00:00"	"2018-07-07"	"Naas"	"Shore Step (IRE)"	"2.25"	"2.99"	"Handicap"	"6"	"7"	"Coakley, Ross"	"Murtagh, J P"	"6f "	"0"	"8"	"1"	"8"
"16:00:00"	"2018-07-07"	"Naas"	"Mr Shelby (IRE)"	"12.00"	"17.5"	"Handicap"	"7"	"7"	"Coen, Ben M"	"Donohoe, S"	"6f "	"0"	"10"	"2"	"20"
"15:35:00"	"2018-07-07"	"Leicester"	"Poets Society"	"8.00"	"10.95"	"Handicap"	"1"	"8"	"Stammers, Oliver"	"Johnston, M"	"7f "	"3"	"1"	"4"	"6"
"15:35:00"	"2018-07-07"	"Leicester"	"Twin Appeal (IRE)"	"2.75"	"4.16"	"Handicap"	"5"	"8"	"Harley, M"	"Barron, T D"	"7f "	"3"	"3"	"2"	"8"
"15:35:00"	"2018-07-07"	"Leicester"	"Squats (IRE)"	"10.00"	"13"	"Handicap"	"6"	"8"	"Cox, Georgia"	"Haggas, W J"	"7f "	"3"	"8"	"6"	"6"
"15:10:00"	"2018-07-07"	"Beverley"	"Desert Ace (IRE)"	"5.00"	"5.95"	"Handicap"	"1"	"7"	"Stott, Kevin"	"Midgley, P T"	"5f "	"4"	"9"	"4"	"5"
"15:10:00"	"2018-07-07"	"Beverley"	"Musharrif"	"3.00"	"4.17"	"Handicap"	"3"	"7"	"Turner, Hayley"	"Carroll, D"	"5f "	"4"	"2"	"4"	"6"
"14:55:00"	"2018-07-07"	"Haydock"	"Hee Haw (IRE)"	"10.00"	"13.5"	"Handicap"	"3"	"8"	"Morris, Luke"	"Midgley, P T"	"6f "	"4"	"7"	"9"	"10"
"14:55:00"	"2018-07-07"	"Haydock"	"King Robert"	"7.00"	"9.43"	"Handicap"	"4"	"8"	"Lee, G"	"Smart, B"	"6f "	"4"	"7"	"3"	"11"
"14:55:00"	"2018-07-07"	"Haydock"	"Athollblair Boy (IRE)"	"14.00"	"21.4"	"Handicap"	"6"	"8"	"Currie, Nicola"	"Tinkler, N"	"6f "	"4"	"9"	"6"	"10"
"14:55:00"	"2018-07-07"	"Haydock"	"Madrinho (IRE)"	"3.50"	"5.33"	"Handicap"	"8"	"8"	"Bridgwater, Poppy"	"Carroll, A W"	"6f "	"4"	"3"	"1"	"8"
"13:50:00"	"2018-07-07"	"Leicester"	"Deciding Vote"	"8.00"	"8.74"	"Handicap"	"6"	"6"	"Wood, George"	"Wall, C F"	"6f "	"5"	"10"	"7"	"14"
"20:50:00"	"2018-07-06"	"Beverley"	"Mightaswellsmile"	"50.00"	"141.77"	"Handicap"	"3"	"9"	"Gormley, Jamie"	"Barr, R E"	"5f "	"6"	"10"	"8"	"13"
"20:50:00"	"2018-07-06"	"Beverley"	"Twentysvnthlancers"	"8.00"	"12.5"	"Handicap"	"4"	"9"	"Mulrennan, Paul"	"Midgley, P T"	"5f "	"6"	"10"	"10"	"13"
"20:50:00"	"2018-07-06"	"Beverley"	"Canford Bay (IRE)"	"5.00"	"8.08"	"Handicap"	"5"	"9"	"Hardie, Cameron"	"Brittain, Antony"	"5f "	"6"	"2"	"2"	"5"
"20:50:00"	"2018-07-06"	"Beverley"	"Thornaby Princess"	"50.00"	"88.87"	"Handicap"	"6"	"9"	"Muir, Paula"	"Teague, C J"	"5f "	"6"	"8"	"4"	"9"
"20:50:00"	"2018-07-06"	"Beverley"	"Mr Strutter (IRE)"	"3.00"	"4.57"	"Handicap"	"8"	"9"	"Elliott, Andrew"	"Thompson, Ronald"	"5f "	"6"	"2"	"4"	"11"
"20:50:00"	"2018-07-06"	"Beverley"	"Foxy Boy"	"14.00"	"24"	"Handicap"	"9"	"9"	"Dennis, Phil"	"Bastiman, Rebecca"	"5f "	"6"	"10"	"6"	"13"
"18:40:00"	"2018-07-06"	"Bellewstown"	"Sweetest Taboo (IRE)"	"9.00"	"12.02"	"Handicap"	"1"	"15"	"MacRedmond, Cian"	"McCreery, W"	"5f "	"0"	"8"	"4"	"12"
"18:40:00"	"2018-07-06"	"Bellewstown"	"Nora Batt (IRE)"	"4.00"	"5.96"	"Handicap"	"3"	"15"	"Persse, A C"	"Nicholson, John W"	"5f "	"0"	"8"	"3"	"12"
"18:40:00"	"2018-07-06"	"Bellewstown"	"Gopsies Daughter (IRE)"	"12.00"	"13.15"	"Handicap"	"5"	"15"	"Heffernan, J A"	"Hogan, Denis Gerard"	"5f "	"0"	"9"	"10"	"20"
"18:40:00"	"2018-07-06"	"Bellewstown"	"Ancient Astronaut"	"10.00"	"21.23"	"Handicap"	"7"	"15"	"Colgan, R C"	"Thornton, Karl"	"5f "	"0"	"8"	"5"	"10"
"18:40:00"	"2018-07-06"	"Bellewstown"	"Jenniechild (IRE)"	"9.00"	"12.39"	"Handicap"	"11"	"15"	"Downey, R P"	"Fahey, Peter"	"5f "	"0"	"8"	"1"	"12"
"15:10:00"	"2018-07-06"	"Doncaster"	"Poets Society"	"4.00"	"6.6"	"Non-Handicap"	"4"	"6"	"McDonald, P J"	"Johnston, M"	"7f "	"3"	"8"	"7"	"14"
"13:20:00"	"2018-07-06"	"Sandown"	"Rio Ronaldo (IRE)"	"6.50"	"9.2"	"Handicap"	"2"	"7"	"Atzeni, Andrea"	"Murphy, Mike"	"5f "	"3"	"9"	"1"	"7"
"13:20:00"	"2018-07-06"	"Sandown"	"Jashma (IRE)"	"3.50"	"4.6"	"Handicap"	"4"	"7"	"Currie, Nicola"	"Hughes, Richard"	"5f "	"3"	"8"	"2"	"7"
"19:50:00"	"2018-07-05"	"Newbury"	"Belledesert"	"8.00"	"9.05"	"Handicap"	"7"	"7"	"Kirby, Adam"	"Hollinshead, Steph"	"6f "	"4"	"5"	"6"	"11"
"18:05:00"	"2018-07-05"	"Bellewstown"	"Plough Boy (IRE)"	"4.00"	"6"	"Handicap"	"1"	"6"	"OConnor, Donagh"	"Donnelly, Garvan"	"5f "	"0"	"5"	"9"	"17"
"17:00:00"	"2018-07-05"	"Haydock"	"Dapper Man (IRE)"	"1.50"	"2.62"	"Handicap"	"1"	"6"	"Sanderson, Benjamin"	"Fell, R / Murray, S"	"5f "	"5"	"7"	"1"	"7"
"17:00:00"	"2018-07-05"	"Haydock"	"Foxtrot Knight"	"3.50"	"5.41"	"Handicap"	"2"	"6"	"Elliott, Jane"	"Carr, Mrs R A"	"5f "	"5"	"7"	"2"	"5"
"17:00:00"	"2018-07-05"	"Haydock"	"Musharrif"	"2.50"	"3.63"	"Handicap"	"4"	"6"	"ONeill, Ger"	"Carroll, D"	"5f "	"5"	"7"	"2"	"7"
"17:00:00"	"2018-07-05"	"Haydock"	"Teepee Time"	"7.00"	"11"	"Handicap"	"6"	"6"	"Whittington, Elisha"	"Mullineaux, M"	"5f "	"5"	"7"	"1"	"7"
"15:20:00"	"2018-07-05"	"Yarmouth"	"Percy Toplis"	"20.00"	"26"	"Handicap Seller"	"5"	"9"	"Ingram, Rhiain B"	"Dunnett, Mrs C A"	"1m "	"6"	"6"	"5"	"9"
"17:00:00"	"2018-07-04"	"Musselburgh"	"Eternalist"	"1.38"	"2.51"	"Handicap"	"1"	"6"	"Gormley, Jamie"	"Goldie, J S"	"5f "	"5"	"5"	"4"	"10"
"17:00:00"	"2018-07-04"	"Musselburgh"	"Trulove"	"40.00"	"130.17"	"Handicap"	"5"	"6"	"Richardson, Rachel"	"Riches, John"	"5f "	"5"	"1"	"10"	"12"
"19:45:00"	"2018-07-03"	"Chepstow"	"Wild Dancer"	"4.50"	"5.7"	"Handicap"	"2"	"11"	"Haynes, Joey"	"Chamings, P R"	"7f "	"6"	"10"	"3"	"7"
"17:15:00"	"2018-07-03"	"Hamilton"	"Etienne Gerard"	"3.50"	"5.23"	"Handicap"	"5"	"12"	"McManoman, Faye"	"Tinkler, N"	"5f "	"6"	"7"	"1"	"13"
"19:15:00"	"2018-07-02"	"Hamilton"	"Alsvinder"	"1.88"	"3"	"Handicap"	"1"	"6"	"Nolan, D"	"OMeara, D"	"5f "	"5"	"10"	"5"	"10"
"18:15:00"	"2018-07-02"	"Hamilton"	"Raise A Billion"	"50.00"	"101.42"	"Handicap"	"7"	"7"	"Killeen, James"	"Berry, A"	"6f "	"5"	"4"	"7"	"9"
"20:45:00"	"2018-06-30"	"Lingfield"	"Flying Sakhee"	"5.00"	"7"	"Handicap"	"4"	"13"	"ONeill, K T"	"Bridger, J / Cook, R"	"7f "	"6"	"7"	"1"	"7"
"20:45:00"	"2018-06-30"	"Lingfield"	"African Blessing"	"16.00"	"21.73"	"Handicap"	"11"	"13"	"Carson, William"	"Wallis, Charlie"	"7f "	"6"	"7"	"7"	"7"
"20:00:00"	"2018-06-30"	"Doncaster"	"Case Key"	"9.00"	"14"	"Handicap"	"9"	"11"	"Malune, Gabriele"	"Appleby, M"	"6f "	"4"	"3"	"5"	"6"
"19:45:00"	"2018-06-30"	"Lingfield"	"Hurricane Alert"	"6.00"	"8.2"	"Handicap"	"4"	"7"	"ONeill, K T"	"Hoad, M R"	"5f "	"5"	"9"	"1"	"9"
"18:00:00"	"2018-06-30"	"Doncaster"	"Acrux"	"9.00"	"12.57"	"Handicap"	"5"	"10"	"Curtis, B A"	"OMeara, D"	"7f "	"4"	"7"	"1"	"11"
"18:00:00"	"2018-06-30"	"Doncaster"	"Fieldsman (USA)"	"20.00"	"25.06"	"Handicap"	"6"	"10"	"Beasley, Connor"	"Griffiths, D C"	"7f "	"4"	"8"	"4"	"9"
"16:30:00"	"2018-06-30"	"York"	"Midnight Malibu (IRE)"	"7.00"	"9.5"	"Handicap"	"8"	"14"	"Colliver, J"	"Easterby, T D"	"5f "	"3"	"7"	"1"	"8"
"16:30:00"	"2018-06-30"	"York"	"Fumbo Jumbo (IRE)"	"7.00"	"8.33"	"Handicap"	"14"	"14"	"Bowen, Sean P"	"Dods, M"	"5f "	"3"	"8"	"2"	"10"
"18:35:00"	"2018-06-29"	"Curragh"	"St Brelades Bay (IRE)"	"4.00"	"5.24"	"Handicap"	"7"	"8"	"ODonoghue, C"	"Harrington, Mrs John"	"6f "	"0"	"5"	"1"	"10"
"17:35:00"	"2018-06-29"	"Newmarket (July)"	"Pour La Victoire (IRE)"	"3.00"	"4.7"	"Handicap"	"2"	"8"	"Ralston, Sophie"	"Carroll, A W"	"1m "	"5"	"7"	"1"	"12"
"17:35:00"	"2018-06-29"	"Newmarket (July)"	"Connemera Queen"	"7.00"	"8.77"	"Handicap"	"5"	"8"	"Keenan, Darragh"	"Butler, John"	"1m "	"5"	"2"	"3"	"14"
"17:35:00"	"2018-06-29"	"Newmarket (July)"	"Spirit Of Sarwan (IRE)"	"4.50"	"6.16"	"Handicap"	"7"	"8"	"Berry, F M"	"Feilden, Miss J"	"1m "	"5"	"7"	"2"	"12"
"17:10:00"	"2018-06-29"	"Yarmouth"	"Sharp Operator"	"4.00"	"5.5"	"Handicap"	"2"	"9"	"Carson, William"	"Wallis, Charlie"	"1m "	"6"	"10"	"7"	"8"
"17:10:00"	"2018-06-29"	"Yarmouth"	"Black Widow"	"50.00"	"245.73"	"Handicap"	"9"	"9"	"Cox, William"	"Best, Jim/Suzi"	"1m "	"6"	"3"	"14"	"14"
"16:10:00"	"2018-06-29"	"Yarmouth"	"Horsted Keynes (FR)"	"8.00"	"9.65"	"Handicap"	"2"	"6"	"Cox, William"	"Simcock, D M"	"7f "	"3"	"6"	"9"	"14"
"16:10:00"	"2018-06-29"	"Yarmouth"	"Ower Fly"	"2.50"	"3.75"	"Handicap"	"4"	"6"	"Morris, Luke"	"Carr, Mrs R A"	"7f "	"3"	"7"	"2"	"8"
"21:10:00"	"2018-06-28"	"Hamilton"	"Mujassam"	"2.50"	"3.81"	"Handicap"	"1"	"7"	"Nolan, D"	"OMeara, D"	"6f "	"5"	"2"	"2"	"9"
"21:10:00"	"2018-06-28"	"Hamilton"	"Duncan Of Scotland (IRE)"	"12.00"	"14.5"	"Handicap"	"3"	"7"	"Eaves, Tom"	"Smyth, Lee"	"6f "	"5"	"5"	"4"	"13"
"21:10:00"	"2018-06-28"	"Hamilton"	"Dodgy Bob"	"5.50"	"8"	"Handicap"	"5"	"7"	"Dennis, Phil"	"Mullineaux, M"	"6f "	"5"	"3"	"3"	"11"
"21:10:00"	"2018-06-28"	"Hamilton"	"Vallarta (IRE)"	"4.00"	"6"	"Handicap"	"6"	"7"	"Sullivan, James P"	"Carr, Mrs R A"	"6f "	"5"	"6"	"4"	"10"
"19:00:00"	"2018-06-28"	"Hamilton"	"Thornaby Princess"	"14.00"	"18.07"	"Handicap Seller"	"4"	"9"	"Muir, Paula"	"Teague, C J"	"5f "	"6"	"2"	"9"	"13"
"18:20:00"	"2018-06-28"	"Tipperary"	"Jenniechild (IRE)"	"4.00"	"5.2"	"Handicap"	"1"	"12"	"Downey, R P"	"Fahey, Peter"	"5f "	"0"	"10"	"5"	"17"
"18:20:00"	"2018-06-28"	"Tipperary"	"Sweetest Taboo (IRE)"	"11.00"	"13.68"	"Handicap"	"4"	"12"	"Kavanagh, Peter J"	"McCreery, W"	"5f "	"0"	"10"	"11"	"17"
"17:40:00"	"2018-06-28"	"Leicester"	"Teepee Time"	"25.00"	"32.42"	"Handicap"	"1"	"7"	"Mullineaux, Miss M"	"Mullineaux, M"	"5f "	"5"	"5"	"6"	"8"
"17:40:00"	"2018-06-28"	"Leicester"	"Just Us Two (IRE)"	"9.00"	"13"	"Handicap"	"7"	"7"	"McEntee, Grace"	"McEntee, P S"	"5f "	"5"	"7"	"2"	"7"
"17:10:00"	"2018-06-28"	"Nottingham"	"Kingstreet Lady"	"6.00"	"7.94"	"Handicap"	"4"	"7"	"Elliott, Jane"	"Carr, Mrs R A"	"5f "	"5"	"9"	"2"	"12"
"17:10:00"	"2018-06-28"	"Nottingham"	"Youre Cool"	"16.00"	"19.5"	"Handicap"	"5"	"7"	"Hart, Jason"	"Balding, J"	"5f "	"5"	"10"	"6"	"8"
"17:10:00"	"2018-06-28"	"Nottingham"	"Secret Agent"	"12.00"	"15.8"	"Handicap"	"6"	"7"	"Wood, George"	"Muir, W R"	"5f "	"5"	"7"	"5"	"9"
"17:00:00"	"2018-06-28"	"Newmarket (July)"	"Mr Tyrrell (IRE)"	"3.50"	"5.1"	"Handicap"	"3"	"8"	"Moore, Ryan"	"Hannon (Jnr), Richard"	"1m "	"4"	"9"	"4"	"5"
"16:35:00"	"2018-06-28"	"Nottingham"	"Meshardal (GER)"	"6.00"	"10.5"	"Handicap"	"4"	"10"	"James, S H"	"Carr, Mrs R A"	"6f "	"4"	"5"	"3"	"10"
"16:35:00"	"2018-06-28"	"Nottingham"	"Tallinski (IRE)"	"4.50"	"6.26"	"Handicap"	"8"	"10"	"Sousa, Silvestre De"	"Ellison, B"	"6f "	"4"	"10"	"2"	"8"
"18:30:00"	"2018-06-27"	"Naas"	"Landline (IRE)"	"7.00"	"8.25"	"Handicap"	"1"	"20"	"Lee, W J"	"Cleary, Thomas"	"6f "	"0"	"9"	"6"	"17"
"18:30:00"	"2018-06-27"	"Naas"	"Guiding Star"	"33.00"	"47.08"	"Handicap"	"9"	"20"	"ODonoghue, C"	"McKenna, P J"	"6f "	"0"	"8"	"6"	"12"
"18:30:00"	"2018-06-27"	"Naas"	"Ahundrednotout"	"6.00"	"8.37"	"Handicap"	"11"	"20"	"Crosse, Nathan"	"Feane, John James"	"6f "	"0"	"9"	"3"	"17"
"18:30:00"	"2018-06-27"	"Naas"	"Seeking Truth (IRE)"	"33.00"	"47.76"	"Handicap"	"13"	"20"	"McDonogh, D P"	"Cleary, Michael G"	"6f "	"0"	"8"	"7"	"12"
"14:40:00"	"2018-06-27"	"Salisbury"	"Union Rose"	"12.00"	"16.15"	"Handicap"	"6"	"7"	"Probert, David"	"Harris, R A"	"5f "	"4"	"10"	"6"	"9"
"20:45:00"	"2018-06-26"	"Newbury"	"Anonymous John (IRE)"	"8.00"	"11.5"	"Handicap"	"2"	"12"	"Egan, John"	"Davis, D J S Ffrench"	"6f "	"5"	"8"	"5"	"11"
"20:45:00"	"2018-06-26"	"Newbury"	"Yogiyogiyogi (IRE)"	"5.00"	"6.68"	"Handicap"	"4"	"12"	"Marsh, Finley"	"Coakley, D J"	"6f "	"5"	"10"	"1"	"12"
"17:00:00"	"2018-06-26"	"Beverley"	"Etienne Gerard"	"5.00"	"7"	"Handicap"	"1"	"13"	"McManoman, Faye"	"Tinkler, N"	"5f "	"6"	"2"	"8"	"14"
"17:00:00"	"2018-06-26"	"Beverley"	"Foxy Boy"	"12.00"	"19"	"Handicap"	"6"	"13"	"Woods, Sebastian"	"Bastiman, Rebecca"	"5f "	"6"	"4"	"8"	"10"
"17:00:00"	"2018-06-26"	"Beverley"	"Essential"	"33.00"	"50"	"Handicap"	"12"	"13"	"Vaughan, Patrick"	"Williams, Olly"	"5f "	"6"	"4"	"6"	"10"
"16:00:00"	"2018-06-25"	"Chepstow"	"Dodgy Bob"	"8.00"	"10"	"Handicap"	"3"	"11"	"Dennis, Phil"	"Mullineaux, M"	"6f "	"6"	"7"	"8"	"12"
"16:00:00"	"2018-06-25"	"Chepstow"	"Mooroverthebridge"	"5.00"	"7.09"	"Handicap"	"5"	"11"	"Ladd, Theodore"	"Harris, Miss G"	"6f "	"6"	"9"	"7"	"12"
"15:00:00"	"2018-06-25"	"Chepstow"	"Broadhaven Honey (IRE)"	"5.50"	"7.29"	"Handicap"	"2"	"14"	"Probert, David"	"Harris, R A"	"5f "	"6"	"10"	"3"	"11"
"15:00:00"	"2018-06-25"	"Chepstow"	"Essaka (IRE)"	"5.00"	"7.6"	"Handicap"	"3"	"14"	"Ralston, Sophie"	"Carroll, A W"	"5f "	"6"	"10"	"2"	"11"
"15:00:00"	"2018-06-25"	"Chepstow"	"Jaganory (IRE)"	"5.00"	"7"	"Handicap"	"5"	"14"	"Marsh, Finley"	"Mason, Christopher"	"5f "	"6"	"10"	"4"	"11"
"15:00:00"	"2018-06-25"	"Chepstow"	"Tallys Song"	"20.00"	"32.69"	"Handicap"	"9"	"14"	"Quinn, Jimmy"	"Harris, Miss G"	"5f "	"6"	"10"	"6"	"11"
"15:00:00"	"2018-06-25"	"Chepstow"	"Barnsdale"	"40.00"	"102.38"	"Handicap"	"13"	"14"	"Ellingworth, Megan"	"Hollinshead, Steph"	"5f "	"6"	"6"	"5"	"11"
"15:00:00"	"2018-06-25"	"Chepstow"	"Baltic Gin (IRE)"	"100.00"	"640"	"Handicap"	"14"	"14"	"Garbutt, Noel"	"Young, Mrs L J"	"5f "	"6"	"10"	"11"	"11"
"20:30:00"	"2018-06-23"	"Lingfield"	"La Isla Bonita"	"2.00"	"3.39"	"Handicap"	"4"	"7"	"Ingram, Rhiain B"	"Spencer, Richard"	"7f "	"6"	"9"	"1"	"12"
"20:30:00"	"2018-06-23"	"Lingfield"	"Mime Dance"	"4.50"	"6.4"	"Handicap"	"6"	"7"	"Sousa, Silvestre De"	"Butler, John"	"7f "	"6"	"10"	"6"	"8"
"18:45:00"	"2018-06-23"	"Haydock"	"Lydiate Lady"	"16.00"	"25.08"	"Handicap"	"8"	"8"	"Birkett, Shelley"	"Alston, E J"	"5f "	"4"	"9"	"5"	"9"
"17:25:00"	"2018-06-23"	"Ayr"	"Star Cracker (IRE)"	"9.00"	"11"	"Handicap"	"4"	"7"	"McDonald, P J"	"Goldie, J S"	"6f "	"4"	"5"	"6"	"11"
"16:35:00"	"2018-06-23"	"Redcar"	"Acrux"	"9.00"	"12.5"	"Claimer"	"1"	"11"	"Gray, S A"	"OMeara, D"	"7f "	"5"	"4"	"11"	"15"
"15:15:00"	"2018-06-23"	"Redcar"	"Hajjam"	"3.50"	"5.43"	"Handicap"	"1"	"14"	"Nolan, D"	"OMeara, D"	"7f "	"3"	"8"	"6"	"16"
"15:15:00"	"2018-06-23"	"Redcar"	"Inner Circle (IRE)"	"4.50"	"5.7"	"Handicap"	"3"	"14"	"Gormley, Jamie"	"Fell, R / Murray, S"	"7f "	"3"	"7"	"9"	"15"
"15:15:00"	"2018-06-23"	"Redcar"	"Qeyaadah (IRE)"	"5.00"	"6.67"	"Handicap"	"11"	"14"	"Rodriguez, Callum"	"Appleby, M"	"7f "	"3"	"8"	"7"	"8"
"14:25:00"	"2018-06-23"	"Down Royal"	"Brave Display (IRE)"	"8.00"	"9.65"	"Handicap"	"5"	"8"	"Hayes, C D"	"Prendergast, P J"	"5f "	"0"	"6"	"9"	"9"
"14:25:00"	"2018-06-23"	"Down Royal"	"The Phantom Punch (IRE)"	"5.00"	"6.59"	"Handicap"	"6"	"8"	"Lee, W J"	"Oliver, Andrew"	"5f "	"0"	"7"	"11"	"16"
"21:05:00"	"2018-06-22"	"Newmarket (July)"	"Flying Foxy"	"1.10"	"2.09"	"Handicap"	"1"	"6"	"Sousa, Silvestre De"	"Wigham, M"	"5f "	"5"	"6"	"2"	"5"
"20:45:00"	"2018-06-22"	"Ayr"	"Eternalist"	"3.50"	"4"	"Handicap"	"3"	"10"	"Dennis, Phil"	"Goldie, J S"	"5f "	"5"	"4"	"3"	"8"
"20:45:00"	"2018-06-22"	"Ayr"	"Dawoodi"	"25.00"	"30.99"	"Handicap"	"6"	"10"	"Mitchell, Jack"	"Perratt, Miss L A"	"5f "	"5"	"4"	"7"	"11"
"20:45:00"	"2018-06-22"	"Ayr"	"Fintry Flyer"	"16.00"	"24.83"	"Handicap"	"7"	"10"	"McHugh, B"	"Goldie, J S"	"5f "	"5"	"9"	"8"	"14"
"20:45:00"	"2018-06-22"	"Ayr"	"Brendan (IRE)"	"12.00"	"13.75"	"Handicap"	"8"	"10"	"Gormley, Jamie"	"Goldie, J S"	"5f "	"5"	"4"	"5"	"11"
"20:10:00"	"2018-06-22"	"Ayr"	"Oriental Lilly"	"16.00"	"17.98"	"Handicap"	"1"	"8"	"Gormley, Jamie"	"Goldie, J S"	"6f "	"3"	"4"	"7"	"8"
"17:50:00"	"2018-06-22"	"Newmarket (July)"	"Pour La Victoire (IRE)"	"4.00"	"5.91"	"Handicap"	"1"	"12"	"Bridgwater, Poppy"	"Carroll, A W"	"1m "	"5"	"7"	"2"	"8"
"17:50:00"	"2018-06-22"	"Newmarket (July)"	"Rivers Of Asia"	"10.00"	"11.54"	"Handicap"	"6"	"12"	"Cooley, Miss J"	"Smith, Martin"	"1m "	"5"	"4"	"5"	"9"
"17:50:00"	"2018-06-22"	"Newmarket (July)"	"Malaysian Boleh"	"33.00"	"52.18"	"Handicap"	"10"	"12"	"Currie, Nicola"	"McEntee, P S"	"1m "	"5"	"9"	"9"	"9"
"16:45:00"	"2018-06-22"	"Redcar"	"Cryptonite (IRE)"	"7.00"	"8.09"	"Handicap"	"1"	"9"	"Malune, Gabriele"	"Appleby, M"	"1m "	"5"	"3"	"5"	"15"
"16:45:00"	"2018-06-22"	"Redcar"	"Pepys"	"3.33"	"4.71"	"Handicap"	"2"	"9"	"Lee, G"	"Smart, B"	"1m "	"5"	"10"	"2"	"14"
"15:30:00"	"2018-06-22"	"Redcar"	"Michele Strogoff"	"1.75"	"2.91"	"Handicap"	"2"	"6"	"Rawlinson, Ali"	"Appleby, M"	"1m "	"3"	"8"	"2"	"14"
"15:30:00"	"2018-06-22"	"Redcar"	"Mon Beau Visage (IRE)"	"3.50"	"4.96"	"Handicap"	"3"	"6"	"Makin, Phillip"	"OMeara, D"	"1m "	"3"	"5"	"2"	"8"
"14:45:00"	"2018-06-20"	"Hamilton"	"Avenue Of Stars"	"20.00"	"22.65"	"Handicap"	"4"	"11"	"Beasley, Connor"	"McLintock, Karen"	"6f "	"5"	"9"	"14"	"14"
"19:30:00"	"2018-06-19"	"Beverley"	"Judicial (IRE)"	"0.91"	"1.9"	"Non-Handicap"	"1"	"5"	"Lee, G"	"Camacho, Miss J A"	"5f "	"3"	"10"	"8"	"10"
"19:30:00"	"2018-06-19"	"Beverley"	"Line Of Reason (IRE)"	"14.00"	"18.1"	"Non-Handicap"	"2"	"5"	"Fanning, Joe"	"Midgley, P T"	"5f "	"3"	"10"	"13"	"16"
"19:30:00"	"2018-06-19"	"Beverley"	"El Astronaute (IRE)"	"2.00"	"3.89"	"Non-Handicap"	"4"	"5"	"Cosgrave, Pat"	"Quinn, J J"	"5f "	"3"	"10"	"3"	"16"
"15:55:00"	"2018-06-19"	"Thirsk"	"The Armed Man"	"4.50"	"5.51"	"Handicap"	"1"	"10"	"Muir, Paula"	"Fairhurst, C W"	"6f "	"4"	"7"	"4"	"16"
"15:55:00"	"2018-06-19"	"Thirsk"	"Madrinho (IRE)"	"2.75"	"4.1"	"Handicap"	"2"	"10"	"Bridgwater, Poppy"	"Carroll, A W"	"6f "	"4"	"7"	"1"	"10"
"15:55:00"	"2018-06-19"	"Thirsk"	"King Robert"	"6.00"	"8.88"	"Handicap"	"6"	"10"	"Lee, G"	"Smart, B"	"6f "	"4"	"10"	"7"	"11"
"15:55:00"	"2018-06-19"	"Thirsk"	"Muatadel"	"16.00"	"22.57"	"Handicap"	"9"	"10"	"Hamilton, Tony"	"Fell, R / Murray, S"	"6f "	"4"	"6"	"6"	"9"
"14:45:00"	"2018-06-19"	"Thirsk"	"Kibaar"	"12.00"	"14.41"	"Handicap"	"6"	"12"	"Garritty, Jack"	"Carr, Mrs R A"	"5f "	"6"	"10"	"8"	"9"
"14:45:00"	"2018-06-19"	"Thirsk"	"Laughton"	"3.00"	"4.54"	"Handicap"	"11"	"12"	"Robinson, Ben"	"Ryan, K A"	"5f "	"6"	"7"	"5"	"16"
"19:30:00"	"2018-06-18"	"Windsor"	"Englishman"	"8.00"	"13"	"Handicap"	"8"	"11"	"Keniry, L P"	"Bradley, J M"	"6f "	"4"	"9"	"9"	"11"
"19:30:00"	"2018-06-18"	"Windsor"	"Six Strings"	"2.25"	"3.55"	"Handicap"	"9"	"11"	"Bishop, Charles"	"Houghton, Eve Johnson"	"6f "	"4"	"5"	"3"	"14"
"19:10:00"	"2018-06-18"	"Naas"	"Sweetest Taboo (IRE)"	"8.00"	"11"	"Handicap"	"11"	"17"	"MacRedmond, Cian"	"McCreery, W"	"5f "	"0"	"7"	"8"	"14"
"18:10:00"	"2018-06-18"	"Naas"	"Little Clarinet (IRE)"	"10.00"	"12"	"Handicap"	"4"	"8"	"Hayes, C D"	"Marnane, David"	"5f "	"0"	"7"	"6"	"8"
"18:10:00"	"2018-06-18"	"Naas"	"Dandyman Port (IRE)"	"7.00"	"8.8"	"Handicap"	"7"	"8"	"Coakley, Ross"	"Donovan, D"	"5f "	"0"	"1"	"4"	"9"
"17:15:00"	"2018-06-18"	"Ayr"	"Berlios (IRE)"	"2.25"	"3.44"	"Handicap"	"1"	"8"	"Smith, Becky"	"Bastiman, Rebecca"	"6f "	"6"	"5"	"4"	"15"
"17:15:00"	"2018-06-18"	"Ayr"	"Munthany (USA)"	"2.50"	"3.76"	"Handicap"	"3"	"8"	"Easterby, Miss E"	"Easterby, T D"	"6f "	"6"	"7"	"3"	"14"
"17:15:00"	"2018-06-18"	"Ayr"	"Grandad Chunk (IRE)"	"25.00"	"38.77"	"Handicap"	"7"	"8"	"Brotherton, Miss S"	"Teague, C J"	"6f "	"6"	"9"	"5"	"9"
"15:20:00"	"2018-06-18"	"Carlisle"	"Dodgy Bob"	"33.00"	"57.73"	"Handicap"	"8"	"12"	"Whittington, Elisha"	"Mullineaux, M"	"6f "	"5"	"5"	"7"	"15"
"15:05:00"	"2018-06-18"	"Ayr"	"Perfect Words (IRE)"	"7.00"	"10.94"	"Handicap"	"1"	"11"	"Shaw, Harrison"	"Fife, Mrs Marjorie"	"5f "	"6"	"9"	"6"	"9"
"15:05:00"	"2018-06-18"	"Ayr"	"Redeeming"	"33.00"	"79.6"	"Handicap"	"3"	"11"	"Richardson, Rachel"	"Alston, E J"	"5f "	"6"	"10"	"11"	"11"
"15:05:00"	"2018-06-18"	"Ayr"	"Celerity (IRE)"	"14.00"	"19.08"	"Handicap"	"4"	"11"	"Dennis, Phil"	"Williamson, Mrs L"	"5f "	"6"	"10"	"4"	"11"
"14:45:00"	"2018-06-18"	"Carlisle"	"Trulove"	"200.00"	"1000"	"Novices"	"6"	"13"	"Evans, Nathan"	"Riches, John"	"6f "	"5"	"10"	"12"	"12"
"17:25:00"	"2018-06-17"	"Salisbury"	"Open Wide (USA)"	"2.25"	"3.8"	"Handicap"	"1"	"9"	"Crowley, Jim"	"Perrett, Mrs A J"	"5f "	"4"	"8"	"3"	"11"
"15:40:00"	"2018-06-17"	"Doncaster"	"Pipers Note"	"7.00"	"8.87"	"Handicap"	"7"	"11"	"Sullivan, James P"	"Carr, Mrs R A"	"6f "	"3"	"8"	"6"	"11"
"15:40:00"	"2018-06-17"	"Doncaster"	"Moonraker"	"10.00"	"14.28"	"Handicap"	"10"	"11"	"Rawlinson, Ali"	"Appleby, M"	"6f "	"3"	"7"	"7"	"7"
"17:15:00"	"2018-06-16"	"York"	"Presidential (IRE)"	"5.00"	"5.9"	"Handicap"	"2"	"18"	"Hamilton, Tony"	"Fell, R / Murray, S"	"6f "	"4"	"8"	"1"	"8"
"17:15:00"	"2018-06-16"	"York"	"Suitcase n Taxi"	"9.00"	"15.59"	"Handicap"	"6"	"18"	"Allan, David"	"Easterby, T D"	"6f "	"4"	"8"	"1"	"9"
"20:05:00"	"2018-06-15"	"Chepstow"	"Baltic Gin (IRE)"	"66.00"	"280"	"Handicap"	"11"	"11"	"Garbutt, Noel"	"Young, Mrs L J"	"5f "	"6"	"9"	"9"	"9"
"19:30:00"	"2018-06-15"	"Chepstow"	"Nutini (IRE)"	"1.50"	"2.62"	"Handicap"	"9"	"10"	"Watson, Jason"	"Saunders, M S"	"7f "	"5"	"7"	"2"	"6"
"19:00:00"	"2018-06-15"	"Chepstow"	"Zaria"	"7.00"	"11.2"	"Handicap"	"2"	"4"	"Ralston, Sophie"	"Price, R J"	"1m "	"5"	"7"	"8"	"12"
"19:00:00"	"2018-06-15"	"Chepstow"	"Natalie Express (FR)"	"2.50"	"4.04"	"Handicap"	"4"	"4"	"Watson, Jason"	"Spiller, Henry"	"1m "	"5"	"9"	"4"	"6"
"18:55:00"	"2018-06-14"	"Haydock"	"Shepherds Purse"	"3.33"	"4.52"	"Handicap"	"6"	"9"	"Curtis, B A"	"Loughnane, David"	"5f "	"4"	"10"	"2"	"10"
"18:55:00"	"2018-06-14"	"Haydock"	"Red Stripes (USA)"	"66.00"	"160"	"Handicap"	"8"	"9"	"Doyle, Hollie"	"Williamson, Mrs L"	"5f "	"4"	"8"	"6"	"9"
"17:20:00"	"2018-06-14"	"Yarmouth"	"De Vegas Kid (IRE)"	"1.88"	"3.15"	"Handicap"	"3"	"12"	"Bridgwater, Poppy"	"Carroll, A W"	"7f "	"6"	"1"	"1"	"8"
"17:20:00"	"2018-06-14"	"Yarmouth"	"Moi Aussie"	"8.00"	"12.7"	"Handicap"	"7"	"12"	"Tate, Ryan"	"Appleby, M"	"7f "	"6"	"7"	"6"	"10"
"17:20:00"	"2018-06-14"	"Yarmouth"	"Sea Tea Dea"	"22.00"	"32"	"Handicap"	"9"	"12"	"Ingram, Rhiain B"	"Carson, Anthony"	"7f "	"6"	"7"	"4"	"10"
"16:20:00"	"2018-06-14"	"Nottingham"	"Le Manege Enchante (IRE)"	"66.00"	"130"	"Handicap"	"7"	"15"	"Mathers, Patrick"	"Shaw, D"	"6f "	"6"	"8"	"10"	"13"
"16:20:00"	"2018-06-14"	"Nottingham"	"Kingofmerrows (IRE)"	"12.00"	"16"	"Handicap"	"10"	"15"	"Tutty, Gemma"	"Tutty, Mrs K J"	"6f "	"6"	"3"	"9"	"14"
"15:50:00"	"2018-06-14"	"Nottingham"	"Muscika"	"0.83"	"1.95"	"Handicap"	"2"	"6"	"Tudhope, Daniel"	"OMeara, D"	"6f "	"3"	"10"	"1"	"10"
"15:50:00"	"2018-06-14"	"Nottingham"	"Socialites Red"	"5.00"	"6.2"	"Handicap"	"5"	"6"	"ONeill, K T"	"Dixon, Scott"	"6f "	"3"	"2"	"9"	"16"
"15:30:00"	"2018-06-14"	"Newbury"	"Family Fortunes"	"5.00"	"6"	"Handicap"	"6"	"14"	"Crowley, Jim"	"Kirk, S"	"1m "	"4"	"8"	"2"	"16"
"15:30:00"	"2018-06-14"	"Newbury"	"The Warrior (IRE)"	"14.00"	"21"	"Handicap"	"7"	"14"	"Dobbs, Pat"	"Perrett, Mrs A J"	"1m "	"4"	"4"	"4"	"9"
"21:00:00"	"2018-06-13"	"Hamilton"	"Someone Exciting"	"3.33"	"3.38"	"Handicap"	"3"	"14"	"Breslin, Andrew"	"Thompson, D W"	"5f "	"6"	"7"	"2"	"7"
"21:00:00"	"2018-06-13"	"Hamilton"	"Fintry Flyer"	"14.00"	"21.35"	"Handicap"	"8"	"14"	"McHugh, B"	"Goldie, J S"	"5f "	"6"	"9"	"7"	"11"
"21:00:00"	"2018-06-13"	"Hamilton"	"Thornaby Princess"	"25.00"	"36.17"	"Handicap"	"10"	"14"	"Muir, Paula"	"Teague, C J"	"5f "	"6"	"4"	"3"	"9"
"21:00:00"	"2018-06-13"	"Hamilton"	"Lady Molly (IRE)"	"33.00"	"49.55"	"Handicap"	"11"	"14"	"Quinn, Josh"	"Dalgleish, Keith"	"5f "	"6"	"9"	"9"	"11"
"20:30:00"	"2018-06-13"	"Hamilton"	"Afandem (IRE)"	"2.50"	"3.48"	"Handicap"	"9"	"9"	"Fanning, Joe"	"Johnston, M"	"6f "	"4"	"7"	"3"	"8"
"18:00:00"	"2018-06-13"	"Hamilton"	"Berlios (IRE)"	"2.00"	"3.54"	"Handicap"	"4"	"15"	"Brotherton, Miss S"	"Bastiman, Rebecca"	"6f "	"6"	"9"	"2"	"11"
"18:00:00"	"2018-06-13"	"Hamilton"	"Great Colaci"	"18.00"	"26"	"Handicap"	"8"	"15"	"Todd, Emma"	"Boanas, Miss G"	"6f "	"6"	"7"	"9"	"12"
"18:00:00"	"2018-06-13"	"Hamilton"	"Jessie Allan (IRE)"	"12.00"	"17"	"Handicap"	"15"	"15"	"Madden, C J"	"Goldie, J S"	"6f "	"6"	"7"	"5"	"7"
"14:00:00"	"2018-06-13"	"Yarmouth"	"Ticks The Boxes (IRE)"	"16.00"	"16.26"	"Handicap"	"4"	"9"	"Muscutt, D"	"Wainwright, J S"	"6f "	"6"	"2"	"8"	"14"
"14:00:00"	"2018-06-13"	"Yarmouth"	"Billys Boots"	"50.00"	"149.28"	"Handicap"	"8"	"9"	"Jones, Liam"	"Jenkins, J R"	"6f "	"6"	"5"	"5"	"11"
"14:00:00"	"2018-06-13"	"Yarmouth"	"Malaysian Boleh"	"9.00"	"10.38"	"Handicap"	"9"	"9"	"Cooley, Miss J"	"McEntee, P S"	"6f "	"6"	"2"	"1"	"12"
"17:30:00"	"2018-06-12"	"Salisbury"	"Pursuing Steed"	"3.00"	"4.8"	"Handicap"	"4"	"10"	"Ladd, Theodore"	"Morrison, H"	"6f "	"5"	"8"	"10"	"16"
"15:15:00"	"2018-06-12"	"Thirsk"	"Casterbridge"	"25.00"	"32"	"Handicap"	"3"	"16"	"Hart, Jason"	"Alston, E J"	"6f "	"5"	"7"	"11"	"14"
"15:15:00"	"2018-06-12"	"Thirsk"	"Kody Ridge (IRE)"	"20.00"	"30"	"Handicap"	"7"	"16"	"Sanderson, Benjamin"	"Fell, R / Murray, S"	"6f "	"5"	"8"	"4"	"8"
"16:20:00"	"2018-06-10"	"Goodwood"	"Oeil De Tigre (FR)"	"0.83"	"1.89"	"Handicap"	"1"	"5"	"Ralston, Sophie"	"Carroll, A W"	"5f "	"4"	"2"	"1"	"7"
"16:05:00"	"2018-06-10"	"Nottingham"	"Tarboosh"	"4.50"	"5.74"	"Handicap"	"4"	"7"	"Hardie, Cameron"	"Midgley, P T"	"5f "	"3"	"8"	"10"	"20"
"20:20:00"	"2018-06-09"	"Lingfield"	"Dear Bruin (IRE)"	"5.00"	"6.67"	"Handicap"	"1"	"16"	"Harley, M"	"Drinkwater, David W"	"7f "	"6"	"9"	"3"	"12"
"19:20:00"	"2018-06-09"	"Lingfield"	"Rebel Surge (IRE)"	"3.00"	"4.8"	"Handicap"	"3"	"7"	"Ingram, Rhiain B"	"Spencer, Richard"	"7f "	"4"	"8"	"2"	"7"
"16:35:00"	"2018-06-09"	"Haydock"	"Mickey (IRE)"	"5.00"	"8.41"	"Handicap"	"2"	"11"	"Kingscote, Richard"	"Dascombe, Tom"	"6f "	"3"	"8"	"4"	"15"
"16:35:00"	"2018-06-09"	"Haydock"	"Pipers Note"	"8.50"	"12.96"	"Handicap"	"6"	"11"	"Garritty, Jack"	"Carr, Mrs R A"	"6f "	"3"	"10"	"2"	"9"
"16:35:00"	"2018-06-09"	"Haydock"	"Reputation (IRE)"	"12.00"	"17"	"Handicap"	"8"	"11"	"Murphy, Oisin"	"Quinn, J J"	"6f "	"3"	"7"	"12"	"16"
"15:20:00"	"2018-06-09"	"Curragh"	"Brave Display (IRE)"	"16.00"	"29.39"	"Handicap"	"3"	"9"	"Davis, Sean"	"Prendergast, P J"	"5f "	"0"	"7"	"11"	"12"
"15:20:00"	"2018-06-09"	"Curragh"	"Nigg Bay (IRE)"	"4.50"	"5.65"	"Handicap"	"4"	"9"	"OConnor, Donagh"	"Levins, J F"	"5f "	"0"	"7"	"1"	"12"
"15:20:00"	"2018-06-09"	"Curragh"	"Snowstar (IRE)"	"6.00"	"9.8"	"Handicap"	"6"	"9"	"Crosse, Nathan"	"McCreery, W"	"5f "	"0"	"5"	"4"	"8"
"14:20:00"	"2018-06-09"	"Catterick"	"Mr Strutter (IRE)"	"2.75"	"4.2"	"Handicap"	"1"	"9"	"Elliott, Andrew"	"Thompson, Ronald"	"5f "	"6"	"10"	"4"	"14"
"14:20:00"	"2018-06-09"	"Catterick"	"Thornaby Princess"	"25.00"	"29.99"	"Handicap"	"3"	"9"	"Muir, Paula"	"Teague, C J"	"5f "	"6"	"8"	"9"	"12"
"14:20:00"	"2018-06-09"	"Catterick"	"Pearl Noir"	"3.00"	"4.74"	"Handicap"	"4"	"9"	"Ladd, Theodore"	"Dixon, Scott"	"5f "	"6"	"10"	"3"	"14"
"14:20:00"	"2018-06-09"	"Catterick"	"Grandad Chunk (IRE)"	"25.00"	"26.51"	"Handicap"	"5"	"9"	"Evans, Nathan"	"Teague, C J"	"5f "	"6"	"8"	"6"	"11"
"14:20:00"	"2018-06-09"	"Catterick"	"Perfect Words (IRE)"	"5.00"	"5.76"	"Handicap"	"6"	"9"	"Shaw, Harrison"	"Fife, Mrs Marjorie"	"5f "	"6"	"3"	"4"	"7"
"19:25:00"	"2018-06-08"	"Haydock"	"Presidential (IRE)"	"2.00"	"3.17"	"Handicap"	"1"	"8"	"Hamilton, Tony"	"Fell, R / Murray, S"	"6f "	"5"	"9"	"2"	"12"
"18:30:00"	"2018-06-08"	"Goodwood"	"Met By Moonlight"	"3.00"	"4.7"	"Handicap"	"3"	"7"	"ONeill, K T"	"Hodges, R J"	"6f "	"5"	"7"	"1"	"6"
"18:30:00"	"2018-06-08"	"Goodwood"	"Flowing Clarets"	"20.00"	"26.07"	"Handicap"	"7"	"7"	"Morris, Luke"	"Bridger, J / Cook, R"	"6f "	"5"	"10"	"3"	"7"
"14:00:00"	"2018-06-08"	"Carlisle"	"Only Spoofing (IRE)"	"0.57"	"1.59"	"Handicap"	"3"	"9"	"Mullen, Andrew"	"OKeeffe, Jedd"	"5f "	"5"	"2"	"1"	"7"
"17:20:00"	"2018-06-07"	"Yarmouth"	"Slipalongtrevaskis"	"66.00"	"220"	"Handicap"	"8"	"9"	"Clark, Tim"	"Jenkins, J R"	"1m "	"6"	"10"	"6"	"7"
"16:50:00"	"2018-06-07"	"Yarmouth"	"Sea Tea Dea"	"20.00"	"26"	"Handicap"	"4"	"10"	"Carson, William"	"Carson, Anthony"	"1m "	"6"	"10"	"12"	"14"
"16:00:00"	"2018-06-07"	"Haydock"	"Dazacam"	"25.00"	"41.78"	"Handicap"	"3"	"9"	"Havlin, Robert"	"Herrington,M "	"5f "	"4"	"9"	"4"	"8"
"14:50:00"	"2018-06-07"	"Yarmouth"	"Brancaster (IRE)"	"66.00"	"123.88"	"Novices"	"7"	"13"	"ONeill, Dane"	"Elsworth, D R C"	"1m "	"5"	"9"	"7"	"12"
"17:00:00"	"2018-06-06"	"Hamilton"	"Only Spoofing (IRE)"	"0.36"	"1.4"	"Handicap"	"1"	"7"	"Gormley, Jamie"	"OKeeffe, Jedd"	"5f "	"6"	"7"	"1"	"14"
"17:00:00"	"2018-06-06"	"Hamilton"	"Someone Exciting"	"12.00"	"16.32"	"Handicap"	"2"	"7"	"Breslin, Andrew"	"Thompson, D W"	"5f "	"6"	"9"	"3"	"9"
"17:00:00"	"2018-06-06"	"Hamilton"	"Jessie Allan (IRE)"	"8.00"	"11.21"	"Handicap"	"5"	"7"	"Dennis, Phil"	"Goldie, J S"	"5f "	"6"	"2"	"1"	"8"
"14:25:00"	"2018-06-06"	"Navan"	"Goodnite Irina (IRE)"	"6.00"	"8"	"Handicap"	"3"	"16"	"Lordan, W M"	"Martin, Patrick"	"5.5f "	"0"	"8"	"5"	"15"
"14:25:00"	"2018-06-06"	"Navan"	"Kings Of Luxor"	"7.00"	"9.21"	"Handicap"	"4"	"16"	"Crosse, S M"	"Burns, R P"	"5.5f "	"0"	"4"	"3"	"18"
"14:25:00"	"2018-06-06"	"Navan"	"A Few Dollars More (IRE)"	"16.00"	"28.1"	"Handicap"	"6"	"16"	"Slattery, A J"	"Slattery, Andrew"	"5.5f "	"0"	"4"	"13"	"18"
"14:25:00"	"2018-06-06"	"Navan"	"Scobias"	"50.00"	"159.36"	"Handicap"	"8"	"16"	"Melia, Damien"	"Webb, G"	"5.5f "	"0"	"8"	"15"	"15"
"14:25:00"	"2018-06-06"	"Navan"	"Guiding Star"	"16.00"	"24.26"	"Handicap"	"9"	"16"	"Hayes, C D"	"McKenna, P J"	"5.5f "	"0"	"2"	"3"	"11"
"14:25:00"	"2018-06-06"	"Navan"	"Gopsies Daughter (IRE)"	"2.50"	"3.48"	"Handicap"	"11"	"16"	"Leonard, Killian"	"Hogan, Denis Gerard"	"5.5f "	"0"	"4"	"1"	"18"
"14:25:00"	"2018-06-06"	"Navan"	"Time Stands Still"	"7.00"	"10.73"	"Handicap"	"12"	"16"	"Manning, K J"	"Martin, W J"	"5.5f "	"0"	"7"	"3"	"14"
"14:25:00"	"2018-06-06"	"Navan"	"Oakledge (IRE)"	"20.00"	"40.7"	"Handicap"	"13"	"16"	"Lee, W J"	"McCreery, W"	"5.5f "	"0"	"7"	"13"	"14"
"14:25:00"	"2018-06-06"	"Navan"	"Blue Bounty"	"25.00"	"210"	"Handicap"	"15"	"16"	"Sheehy, Danny"	"Coyle, Thomas"	"5.5f "	"0"	"4"	"17"	"18"
"20:00:00"	"2018-06-04"	"Ayr"	"Muscika"	"3.00"	"4.2"	"Handicap"	"1"	"10"	"Tudhope, Daniel"	"OMeara, D"	"6f "	"4"	"9"	"2"	"14"
"20:00:00"	"2018-06-04"	"Ayr"	"Shepherds Purse"	"4.00"	"5.5"	"Handicap"	"2"	"10"	"Curtis, B A"	"Loughnane, David"	"6f "	"4"	"9"	"6"	"19"
"19:15:00"	"2018-06-04"	"Windsor"	"Volatile"	"14.00"	"19.5"	"Handicap"	"3"	"10"	"Costello, Dougie"	"Osborne, J A"	"6f "	"3"	"4"	"5"	"9"
"19:00:00"	"2018-06-04"	"Ayr"	"Mr Shelby (IRE)"	"7.00"	"8.2"	"Handicap"	"1"	"11"	"Curtis, B A"	"Donohoe, S"	"6f "	"6"	"2"	"7"	"18"
"19:00:00"	"2018-06-04"	"Ayr"	"Berlios (IRE)"	"2.25"	"3.4"	"Handicap"	"2"	"11"	"Makin, Phillip"	"Bastiman, Rebecca"	"6f "	"6"	"5"	"2"	"11"
"18:30:00"	"2018-06-04"	"Ayr"	"Jessie Allan (IRE)"	"5.50"	"6.81"	"Handicap"	"1"	"8"	"Gormley, Jamie"	"Goldie, J S"	"6f "	"5"	"6"	"1"	"11"
"18:30:00"	"2018-06-04"	"Ayr"	"Nuns Walk"	"1.63"	"3.73"	"Handicap"	"2"	"8"	"Fanning, Joe"	"Easterby, T D"	"6f "	"5"	"5"	"2"	"7"
"18:30:00"	"2018-06-04"	"Ayr"	"Evies Wish (IRE)"	"6.00"	"7.69"	"Handicap"	"3"	"8"	"Breslin, Andrew"	"McConnell, John C"	"6f "	"5"	"6"	"5"	"8"
"17:10:00"	"2018-06-04"	"Leicester"	"Firmdecisions (IRE)"	"14.00"	"19.13"	"Handicap"	"1"	"16"	"Sousa, Silvestre De"	"Tinkler, N"	"7f "	"4"	"9"	"12"	"20"
"17:10:00"	"2018-06-04"	"Leicester"	"Twin Appeal (IRE)"	"7.00"	"9.4"	"Handicap"	"14"	"16"	"Elliott, Jane"	"Barron, T D"	"7f "	"4"	"9"	"6"	"20"
"14:40:00"	"2018-06-04"	"Leicester"	"Acrux"	"2.00"	"3.15"	"Seller"	"1"	"8"	"Nolan, D"	"OMeara, D"	"6f "	"5"	"7"	"1"	"9"
"20:40:00"	"2018-06-02"	"Lingfield"	"Rippling Waters (FR)"	"2.75"	"4.63"	"Novices"	"2"	"6"	"Sousa, Silvestre De"	"Channon, M R"	"7f "	"5"	"10"	"6"	"7"
"20:40:00"	"2018-06-02"	"Lingfield"	"Havana Breeze (IRE)"	"2.50"	"3.75"	"Novices"	"4"	"6"	"Probert, David"	"Tregoning, M P"	"7f "	"5"	"7"	"8"	"12"
"19:40:00"	"2018-06-02"	"Lingfield"	"Bellevarde (IRE)"	"1.75"	"2.86"	"Handicap"	"1"	"6"	"ONeill, Dane"	"Price, R J"	"5f "	"5"	"9"	"1"	"11"
"19:30:00"	"2018-06-02"	"Chepstow"	"Berkshire Boy (IRE)"	"4.00"	"6"	"Handicap"	"1"	"9"	"Watson, Jason"	"Balding, A M"	"7f "	"4"	"8"	"7"	"10"
"19:30:00"	"2018-06-02"	"Chepstow"	"Fox Trotter (IRE)"	"3.33"	"4.84"	"Handicap"	"2"	"9"	"Marquand, Tom"	"Meehan, B J"	"7f "	"4"	"5"	"4"	"10"
"16:55:00"	"2018-06-02"	"Musselburgh"	"Oriental Lilly"	"12.00"	"20"	"Handicap"	"7"	"9"	"Dennis, Phil"	"Goldie, J S"	"5f "	"4"	"10"	"3"	"4"
"13:50:00"	"2018-06-02"	"Navan"	"Simbas Song (IRE)"	"12.00"	"17.76"	"Handicap"	"6"	"18"	"Foley, Shane"	"Keatley, Adrian Paul"	"5f "	"0"	"10"	"3"	"10"
"13:50:00"	"2018-06-02"	"Navan"	"Taras Way (IRE)"	"10.00"	"13"	"Handicap"	"8"	"18"	"Hayes, C D"	"Murphy, P J F"	"5f "	"0"	"10"	"4"	"9"
"19:35:00"	"2018-06-01"	"Doncaster"	"Roaring Forties (IRE)"	"50.00"	"136.66"	"Handicap"	"13"	"15"	"Hart, Jason"	"Bastiman, Rebecca"	"7f "	"3"	"10"	"9"	"9"
"18:00:00"	"2018-06-01"	"Doncaster"	"Steal The Scene (IRE)"	"6.50"	"8.08"	"Handicap"	"6"	"10"	"Gordon, Josephine"	"Frost, Kevin"	"1m "	"5"	"10"	"3"	"11"
"15:00:00"	"2018-05-31"	"Hamilton"	"Redrosezorro"	"4.50"	"6.24"	"Handicap"	"5"	"7"	"Richardson, Rachel"	"Alston, E J"	"6f "	"5"	"10"	"3"	"7"
"20:10:00"	"2018-05-30"	"Ripon"	"Sandras Secret (IRE)"	"2.00"	"3.28"	"Handicap"	"1"	"9"	"Sousa, Silvestre De"	"Eyre, J L"	"6f "	"3"	"10"	"1"	"9"
"14:30:00"	"2018-05-30"	"Beverley"	"Pearl Noir"	"28.00"	"50"	"Handicap"	"3"	"14"	"Ladd, Theodore"	"Dixon, Scott"	"5f "	"6"	"10"	"7"	"9"
"14:00:00"	"2018-05-30"	"Beverley"	"Kingstreet Lady"	"3.00"	"4.86"	"Handicap"	"2"	"14"	"Sullivan, James P"	"Carr, Mrs R A"	"5f "	"6"	"6"	"1"	"12"
"17:35:00"	"2018-05-29"	"Redcar"	"Jessie Allan (IRE)"	"8.00"	"12.58"	"Handicap Maiden"	"1"	"11"	"Madden, C J"	"Goldie, J S"	"6f "	"6"	"6"	"5"	"9"
"17:35:00"	"2018-05-29"	"Redcar"	"Kirkbys Phantom"	"100.00"	"352.79"	"Handicap Maiden"	"7"	"11"	"Midgley, Tom"	"Berry, A"	"6f "	"6"	"5"	"8"	"12"
"17:35:00"	"2018-05-29"	"Redcar"	"Iconic Figure (IRE)"	"18.00"	"25.79"	"Handicap Maiden"	"9"	"11"	"Newcombe, Henry"	"Kirby, P A"	"6f "	"6"	"6"	"5"	"10"
"16:00:00"	"2018-05-29"	"Redcar"	"Carlton Frankie"	"1.88"	"3.05"	"Handicap"	"1"	"8"	"Evans, Nathan"	"Easterby, M W"	"5f "	"4"	"3"	"9"	"19"
"16:00:00"	"2018-05-29"	"Redcar"	"Midnight Malibu (IRE)"	"12.00"	"15.25"	"Handicap"	"3"	"8"	"Richardson, Rachel"	"Easterby, T D"	"5f "	"4"	"10"	"5"	"6"
"16:00:00"	"2018-05-29"	"Redcar"	"Merry Banter"	"3.00"	"4.2"	"Handicap"	"7"	"8"	"Mulrennan, Paul"	"Midgley, P T"	"5f "	"4"	"8"	"2"	"8"
"15:00:00"	"2018-05-29"	"Redcar"	"Thornaby Nash"	"10.00"	"13.01"	"Handicap"	"4"	"15"	"Tutty, Gemma"	"Tutty, Mrs K J"	"1m "	"5"	"7"	"5"	"12"
"15:00:00"	"2018-05-29"	"Redcar"	"Ce La Vie"	"12.00"	"14.07"	"Handicap"	"7"	"15"	"Beasley, Connor"	"Dalgleish, Keith"	"1m "	"5"	"8"	"2"	"8"
"14:25:00"	"2018-05-28"	"Redcar"	"Willsy"	"12.00"	"20.8"	"Seller"	"4"	"9"	"Tutty, Gemma"	"Tutty, Mrs K J"	"7f "	"6"	"9"	"9"	"20"
"14:25:00"	"2018-05-28"	"Redcar"	"Warriors Spirit (IRE)"	"2.50"	"4.05"	"Seller"	"6"	"9"	"Tudhope, Daniel"	"OMeara, D"	"7f "	"6"	"6"	"6"	"11"
"18:20:00"	"2018-05-26"	"Salisbury"	"Merdon Castle (IRE)"	"6.00"	"8.05"	"Handicap"	"7"	"13"	"Bishop, Charles"	"Furtado, Ivan"	"6f "	"6"	"10"	"7"	"16"
"17:10:00"	"2018-05-26"	"Haydock"	"Mansfield"	"6.50"	"8.4"	"Handicap"	"7"	"14"	"McDonald, P J"	"Barclay, Stella"	"6f "	"4"	"7"	"2"	"20"
"17:10:00"	"2018-05-26"	"Haydock"	"Lexington Times (IRE)"	"7.50"	"10"	"Handicap"	"9"	"14"	"Gordon, Josephine"	"Carr, Mrs R A"	"6f "	"4"	"7"	"2"	"16"
"17:10:00"	"2018-05-26"	"Haydock"	"Fire Diamond"	"12.00"	"18.5"	"Handicap"	"12"	"14"	"Whittington, Elisha"	"Dascombe, Tom"	"6f "	"4"	"7"	"5"	"20"
"16:55:00"	"2018-05-26"	"Goodwood"	"Pour La Victoire (IRE)"	"4.00"	"5.4"	"Handicap"	"3"	"6"	"Downing, George"	"Carroll, A W"	"6f "	"4"	"2"	"2"	"8"
"17:30:00"	"2018-05-24"	"Goodwood"	"Oeil De Tigre (FR)"	"2.00"	"3.02"	"Handicap"	"1"	"8"	"Ralston, Sophie"	"Carroll, A W"	"6f "	"5"	"9"	"2"	"12"
"14:50:00"	"2018-05-24"	"Lingfield"	"Pearl Acclaim (IRE)"	"10.00"	"13"	"Handicap"	"8"	"11"	"Mathers, Patrick"	"Griffiths, D C"	"5f "	"5"	"5"	"12"	"16"
"14:15:00"	"2018-05-24"	"Lingfield"	"Mooroverthebridge"	"2.25"	"3.49"	"Handicap"	"5"	"7"	"Noble, Cameron"	"Harris, Miss G"	"6f "	"6"	"7"	"1"	"10"
"17:25:00"	"2018-05-23"	"Yarmouth"	"Slow To Hand"	"0.83"	"1.96"	"Handicap"	"6"	"12"	"Spencer, Jamie"	"Jarvis, W"	"7f "	"6"	"7"	"2"	"11"
"16:55:00"	"2018-05-23"	"Yarmouth"	"Kilbaha Lady (IRE)"	"20.00"	"23.21"	"Handicap"	"4"	"7"	"Edmunds, Lewis"	"Tinkler, N"	"1m "	"5"	"2"	"5"	"8"
"16:05:00"	"2018-05-23"	"Ayr"	"Tanasoq (IRE)"	"1.88"	"3.06"	"Handicap"	"1"	"4"	"Makin, Phillip"	"Midgley, P T"	"5f "	"3"	"4"	"1"	"14"
"16:05:00"	"2018-05-23"	"Ayr"	"Plough Boy (IRE)"	"1.75"	"2.9"	"Handicap"	"4"	"4"	"Coen, Ben M"	"Donnelly, Garvan"	"5f "	"3"	"1"	"1"	"7"
"14:30:00"	"2018-05-23"	"Ayr"	"Lilys Prince (IRE)"	"1.75"	"2.84"	"Handicap"	"3"	"9"	"Curtis, B A"	"Donnelly, Garvan"	"6f "	"6"	"5"	"3"	"14"
"14:30:00"	"2018-05-23"	"Ayr"	"Taras Way (IRE)"	"7.00"	"9.8"	"Handicap"	"4"	"9"	"Hanagan, Paul"	"Murphy, P J F"	"6f "	"6"	"9"	"12"	"16"
"14:30:00"	"2018-05-23"	"Ayr"	"Jessie Allan (IRE)"	"9.00"	"12.5"	"Handicap"	"5"	"9"	"Dennis, Phil"	"Goldie, J S"	"6f "	"6"	"5"	"6"	"13"
"16:45:00"	"2018-05-22"	"Ayr"	"Dark Defender"	"4.00"	"5.9"	"Handicap"	"4"	"7"	"Scott, Rowan"	"Dalgleish, Keith"	"6f "	"3"	"6"	"14"	"19"
"15:45:00"	"2018-05-22"	"Chepstow"	"Operative"	"4.50"	"5.58"	"Handicap"	"2"	"7"	"Kirby, Adam"	"De Giles, Ed"	"6f "	"4"	"10"	"10"	"15"
"17:05:00"	"2018-05-21"	"Redcar"	"My Cherokee"	"66.00"	"279.79"	"Maiden"	"8"	"10"	"Hardie, Cameron"	"Menzies, Rebecca"	"1m "	"6"	"9"	"8"	"14"
"16:35:00"	"2018-05-21"	"Redcar"	"Beatbybeatbybeat"	"3.00"	"4.7"	"Handicap"	"4"	"8"	"Hardie, Cameron"	"Brittain, Antony"	"1m "	"5"	"7"	"3"	"12"
"16:05:00"	"2018-05-21"	"Redcar"	"Merry Banter"	"4.50"	"6.4"	"Handicap"	"2"	"8"	"Mulrennan, Paul"	"Midgley, P T"	"5f "	"3"	"7"	"1"	"10"
"16:05:00"	"2018-05-21"	"Redcar"	"Monks Stand (USA)"	"20.00"	"26.76"	"Handicap"	"8"	"8"	"McHugh, B"	"Mackie, J"	"5f "	"3"	"9"	"9"	"17"
"17:00:00"	"2018-05-20"	"Ripon"	"Dapper Man (IRE)"	"10.00"	"13.5"	"Handicap"	"1"	"9"	"Sanderson, Benjamin"	"Fell, R / Murray, S"	"5f "	"5"	"5"	"4"	"10"
"17:00:00"	"2018-05-20"	"Ripon"	"Crosse Fire"	"10.00"	"12.53"	"Handicap"	"5"	"9"	"Pilley, Mr P"	"Dixon, Scott"	"5f "	"5"	"6"	"8"	"9"
"17:00:00"	"2018-05-20"	"Ripon"	"Gamesome (FR)"	"3.50"	"5.6"	"Handicap"	"6"	"9"	"Jones, Mr A T"	"Midgley, P T"	"5f "	"5"	"5"	"2"	"10"
"17:00:00"	"2018-05-20"	"Ripon"	"Pearl Noir"	"3.50"	"4.98"	"Handicap"	"7"	"9"	"Ladd, Theodore"	"Dixon, Scott"	"5f "	"5"	"8"	"1"	"14"
"16:00:00"	"2018-05-20"	"Ripon"	"Sandras Secret (IRE)"	"7.00"	"8.4"	"Handicap"	"1"	"9"	"Sousa, Silvestre De"	"Eyre, J L"	"6f "	"3"	"9"	"3"	"5"
"16:00:00"	"2018-05-20"	"Ripon"	"Penny Pot Lane"	"16.00"	"19.27"	"Handicap"	"4"	"9"	"Richardson, Rachel"	"Whitaker, R M"	"6f "	"3"	"9"	"6"	"10"
"16:00:00"	"2018-05-20"	"Ripon"	"Maureb (IRE)"	"10.00"	"10.6"	"Handicap"	"6"	"9"	"Shaw, Harrison"	"Coyle, Tony"	"6f "	"3"	"6"	"2"	"6"
"20:50:00"	"2018-05-19"	"Doncaster"	"Summerghand (IRE)"	"7.00"	"8.67"	"Handicap"	"1"	"16"	"Nolan, D"	"OMeara, D"	"6f "	"4"	"8"	"2"	"10"
"20:50:00"	"2018-05-19"	"Doncaster"	"Pearl Acclaim (IRE)"	"50.00"	"120"	"Handicap"	"12"	"16"	"Allan, David"	"Griffiths, D C"	"6f "	"4"	"7"	"9"	"15"
"18:10:00"	"2018-05-19"	"Thirsk"	"Searanger (USA)"	"16.00"	"20.04"	"Handicap"	"7"	"20"	"Scott, Rowan"	"Menzies, Rebecca"	"6f "	"6"	"7"	"1"	"14"
"18:10:00"	"2018-05-19"	"Thirsk"	"Clergyman"	"12.00"	"20.85"	"Handicap"	"10"	"20"	"Morris, Luke"	"Bastiman, Rebecca"	"6f "	"6"	"7"	"6"	"14"
"18:10:00"	"2018-05-19"	"Thirsk"	"Cool Strutter (IRE)"	"16.00"	"24"	"Handicap"	"16"	"20"	"Breslin, Andrew"	"Tutty, Mrs K J"	"6f "	"6"	"7"	"5"	"14"
"18:10:00"	"2018-05-19"	"Thirsk"	"Etienne Gerard"	"50.00"	"138.69"	"Handicap"	"17"	"20"	"Richardson, Rachel"	"Tinkler, N"	"6f "	"6"	"7"	"13"	"14"
"18:10:00"	"2018-05-19"	"Thirsk"	"Melaniemillie"	"12.00"	"15.89"	"Handicap"	"19"	"20"	"Sullivan, James P"	"Carr, Mrs R A"	"6f "	"6"	"7"	"2"	"14"
"16:30:00"	"2018-05-19"	"Thirsk"	"Magical Effect (IRE)"	"4.00"	"5.43"	"Handicap"	"5"	"11"	"Sullivan, James P"	"Carr, Mrs R A"	"6f "	"3"	"8"	"5"	"10"
"15:20:00"	"2018-05-19"	"Thirsk"	"Harome (IRE)"	"6.00"	"7.7"	"Handicap"	"7"	"14"	"Hamilton, Tony"	"Fell, R / Murray, S"	"5f "	"4"	"7"	"2"	"15"
"15:20:00"	"2018-05-19"	"Thirsk"	"Tylery Wonder (IRE)"	"25.00"	"34.17"	"Handicap"	"9"	"14"	"Morris, Luke"	"Midgley, P T"	"5f "	"4"	"7"	"14"	"15"
"20:35:00"	"2018-05-18"	"Hamilton"	"Aprovado (IRE)"	"20.00"	"23.64"	"Handicap"	"9"	"9"	"Robinson, Ben"	"Ellison, B"	"6f "	"5"	"6"	"12"	"15"
"16:55:00"	"2018-05-18"	"Newmarket (Rowley)"	"Roll On Rory"	"8.00"	"10.29"	"Handicap"	"1"	"4"	"Morris, Luke"	"Ward, Jason"	"1m "	"3"	"9"	"11"	"12"
"16:55:00"	"2018-05-18"	"Newmarket (Rowley)"	"Poets Society"	"5.50"	"7.48"	"Handicap"	"3"	"4"	"Norton, Francis"	"Johnston, M"	"1m "	"3"	"6"	"17"	"27"
"14:45:00"	"2018-05-18"	"Newmarket (Rowley)"	"Del Parco"	"3.50"	"5.2"	"Handicap"	"4"	"12"	"Crouch, Hector"	"Cox, C G"	"7f "	"4"	"7"	"1"	"7"
"14:45:00"	"2018-05-18"	"Newmarket (Rowley)"	"Balgair"	"5.00"	"6.6"	"Handicap"	"5"	"12"	"Muscutt, D"	"Clover, Tom"	"7f "	"4"	"10"	"2"	"6"
"18:00:00"	"2018-05-17"	"Salisbury"	"Mooroverthebridge"	"2.50"	"3.71"	"Handicap"	"1"	"10"	"Ladd, Theodore"	"Harris, Miss G"	"5f "	"6"	"10"	"1"	"10"
"18:00:00"	"2018-05-17"	"Salisbury"	"Porto Ferro (IRE)"	"2.00"	"3.3"	"Handicap"	"5"	"10"	"Ralston, Sophie"	"Bridger, J / Cook, R"	"5f "	"6"	"10"	"1"	"7"
"16:25:00"	"2018-05-16"	"Yarmouth"	"Ourmullion"	"14.00"	"21"	"Handicap"	"3"	"6"	"Gordon, Josephine"	"Best, J R"	"1m "	"4"	"9"	"6"	"9"
"18:50:00"	"2018-05-15"	"Chepstow"	"Jaganory (IRE)"	"25.00"	"42.19"	"Handicap"	"4"	"12"	"Marquand, Tom"	"Mason, Christopher"	"6f "	"5"	"8"	"5"	"9"
"18:20:00"	"2018-05-14"	"Windsor"	"Silent Echo"	"2.50"	"3.64"	"Handicap"	"1"	"8"	"Marquand, Tom"	"Hedger, P R"	"6f "	"3"	"3"	"2"	"15"
"18:20:00"	"2018-05-14"	"Windsor"	"Open Wide (USA)"	"5.50"	"8.15"	"Handicap"	"2"	"8"	"Dwyer, Martin"	"Perrett, Mrs A J"	"6f "	"3"	"7"	"2"	"10"
"17:10:00"	"2018-05-14"	"Catterick"	"Shesthedream (IRE)"	"8.00"	"9.14"	"Handicap"	"5"	"10"	"McHugh, B"	"Coyle, Tony"	"5f "	"5"	"2"	"4"	"13"
"20:45:00"	"2018-05-12"	"Thirsk"	"Grey Destiny"	"8.00"	"10.5"	"Handicap"	"9"	"14"	"Hardie, Cameron"	"Brittain, Antony"	"6f "	"6"	"3"	"5"	"8"
"20:45:00"	"2018-05-12"	"Thirsk"	"Semana Santa"	"10.00"	"12.33"	"Handicap"	"14"	"14"	"Curtis, B A"	"Barron, T D"	"6f "	"6"	"9"	"9"	"12"
"18:15:00"	"2018-05-12"	"Thirsk"	"Vintage Dream (IRE)"	"33.00"	"41.04"	"Seller"	"6"	"13"	"Beasley, Connor"	"Wilson, N"	"6f "	"6"	"9"	"10"	"12"
"18:15:00"	"2018-05-12"	"Thirsk"	"Roman Times (IRE)"	"100.00"	"194.43"	"Seller"	"9"	"13"	"Rodriguez, Callum"	"Berry, A"	"6f "	"6"	"9"	"9"	"12"
"17:45:00"	"2018-05-12"	"Thirsk"	"Pearl Noir"	"11.00"	"13.44"	"Handicap"	"1"	"14"	"Ladd, Theodore"	"Dixon, Scott"	"5f "	"6"	"9"	"4"	"6"
"17:45:00"	"2018-05-12"	"Thirsk"	"Culloden"	"6.50"	"9"	"Handicap"	"4"	"14"	"Rodriguez, Callum"	"Harris, S A"	"5f "	"6"	"8"	"3"	"10"
"17:45:00"	"2018-05-12"	"Thirsk"	"Who Told Jo Jo (IRE)"	"4.50"	"6.4"	"Handicap"	"6"	"14"	"Shaw, Harrison"	"Tuite, Joseph"	"5f "	"6"	"10"	"1"	"10"
"17:45:00"	"2018-05-12"	"Thirsk"	"Our Place In Loule"	"5.50"	"8.86"	"Handicap"	"11"	"14"	"Beasley, Connor"	"Wilson, N"	"5f "	"6"	"9"	"2"	"12"
"17:20:00"	"2018-05-12"	"Lingfield"	"The Warrior (IRE)"	"3.50"	"5.1"	"Handicap"	"3"	"6"	"Kingscote, Richard"	"Perrett, Mrs A J"	"7.5f "	"3"	"7"	"10"	"14"
"17:10:00"	"2018-05-12"	"Ascot"	"Insurplus (IRE)"	"25.00"	"54.77"	"Handicap"	"6"	"17"	"Dennis, Phil"	"Goldie, J S"	"6f "	"4"	"8"	"10"	"12"
"17:10:00"	"2018-05-12"	"Ascot"	"Monks Stand (USA)"	"20.00"	"32.46"	"Handicap"	"9"	"17"	"Kirby, Adam"	"Mackie, J"	"6f "	"4"	"9"	"4"	"5"
"17:10:00"	"2018-05-12"	"Ascot"	"Imagine If (IRE)"	"4.50"	"6.4"	"Handicap"	"10"	"17"	"Sousa, Silvestre De"	"Fell, R / Murray, S"	"6f "	"4"	"6"	"3"	"15"
"15:55:00"	"2018-05-12"	"Curragh"	"Gopsies Daughter (IRE)"	"10.00"	"11.47"	"Handicap"	"2"	"28"	"Lordan, W M"	"Hogan, Denis Gerard"	"5f "	"0"	"10"	"11"	"14"
"15:55:00"	"2018-05-12"	"Curragh"	"Scobias"	"66.00"	"454.2"	"Handicap"	"7"	"28"	"Melia, Damien"	"Webb, G"	"5f "	"0"	"10"	"8"	"10"
"15:55:00"	"2018-05-12"	"Curragh"	"Captain Midnight (IRE)"	"7.00"	"7.4"	"Handicap"	"10"	"28"	"Manning, K J"	"Murray, Joseph Anthony"	"5f "	"0"	"6"	"3"	"14"
"15:55:00"	"2018-05-12"	"Curragh"	"Pillar"	"14.00"	"20"	"Handicap"	"13"	"28"	"McDonogh, D P"	"McGuinness, Adrian"	"5f "	"0"	"10"	"2"	"14"
"15:55:00"	"2018-05-12"	"Curragh"	"Voge (IRE)"	"11.00"	"15"	"Handicap"	"15"	"28"	"Orr, Oisin"	"Lynam, Edward"	"5f "	"0"	"5"	"5"	"7"
"15:55:00"	"2018-05-12"	"Curragh"	"Nightflight (IRE)"	"20.00"	"60"	"Handicap"	"23"	"28"	"Roche, L F"	"Murray, Joseph Anthony"	"5f "	"0"	"10"	"8"	"14"
"15:55:00"	"2018-05-12"	"Curragh"	"Chosen Rock (IRE)"	"33.00"	"174.28"	"Handicap"	"28"	"28"	"Gallagher, Mark"	"Casey, Francis"	"5f "	"0"	"10"	"13"	"14"
"14:40:00"	"2018-05-12"	"Nottingham"	"Harome (IRE)"	"8.50"	"12"	"Handicap"	"2"	"15"	"Hamilton, Tony"	"Fell, R / Murray, S"	"5f "	"4"	"8"	"2"	"13"
"14:40:00"	"2018-05-12"	"Nottingham"	"Lexington Place"	"9.00"	"11.67"	"Handicap"	"4"	"15"	"Sullivan, James P"	"Carr, Mrs R A"	"5f "	"4"	"8"	"7"	"13"
"14:40:00"	"2018-05-12"	"Nottingham"	"Liquid (IRE)"	"16.00"	"22.46"	"Handicap"	"7"	"15"	"Lee, Clifford"	"Barron, T D"	"5f "	"4"	"4"	"11"	"14"
"14:40:00"	"2018-05-12"	"Nottingham"	"Pearl Acclaim (IRE)"	"33.00"	"50"	"Handicap"	"9"	"15"	"Mathers, Patrick"	"Griffiths, D C"	"5f "	"4"	"8"	"8"	"13"
"20:25:00"	"2018-05-11"	"Nottingham"	"Billyoakes (IRE)"	"7.00"	"9.67"	"Handicap"	"5"	"13"	"Carson, William"	"Wallis, Charlie"	"6f "	"6"	"8"	"2"	"8"
"20:25:00"	"2018-05-11"	"Nottingham"	"Caledonian Gold"	"20.00"	"26.32"	"Handicap"	"8"	"13"	"Sirigu, Paolo"	"Williamson, Mrs L"	"6f "	"6"	"9"	"2"	"9"
"18:55:00"	"2018-05-11"	"Ripon"	"Mujassam"	"9.00"	"10.61"	"Handicap"	"3"	"10"	"Nolan, D"	"OMeara, D"	"6f "	"4"	"8"	"2"	"5"
"15:25:00"	"2018-05-11"	"Lingfield"	"Jumira Bridge"	"3.00"	"4.52"	"Handicap"	"5"	"5"	"Crowley, Jim"	"Cowell, R M H"	"5f "	"3"	"6"	"7"	"9"
"15:05:00"	"2018-05-11"	"Curragh"	"Somelife (IRE)"	"66.00"	"1000"	"Maiden"	"18"	"18"	"Coakley, Ross"	"Fahey, Mark"	"6f "	"0"	"6"	"11"	"12"
"15:55:00"	"2018-05-08"	"Thirsk"	"Zylan (IRE)"	"28.00"	"40"	"Handicap"	"8"	"14"	"Sanderson, Benjamin"	"Fell, R / Murray, S"	"5f "	"4"	"10"	"13"	"13"
"14:35:00"	"2018-05-07"	"Windsor"	"Nautical Haven"	"33.00"	"65"	"Handicap"	"9"	"10"	"Winston, Robert"	"Best, Jim/Suzi"	"6f "	"4"	"6"	"5"	"5"
"14:00:00"	"2018-05-07"	"Windsor"	"Cool Echo"	"25.00"	"34.49"	"Handicap"	"7"	"7"	"Sanderson, Benjamin"	"Jenkins, J R"	"6f "	"5"	"10"	"9"	"9"
"15:45:00"	"2018-05-06"	"Hamilton"	"Rapid Applause"	"3.00"	"4.71"	"Handicap"	"1"	"15"	"Evans, Nathan"	"Easterby, M W"	"6f "	"4"	"10"	"1"	"15"
"17:15:00"	"2018-05-05"	"Doncaster"	"Bernardo OReilly"	"6.00"	"7.31"	"Handicap"	"9"	"11"	"Ingram, Rhiain B"	"Spencer, Richard"	"6f "	"3"	"7"	"2"	"7"
"15:15:00"	"2018-05-05"	"Goodwood"	"Bahamian Sunrise"	"4.50"	"6.87"	"Handicap"	"3"	"8"	"Bennett, Charlie"	"Gallagher, J"	"5f "	"3"	"10"	"1"	"13"
"15:15:00"	"2018-05-05"	"Goodwood"	"Harry Hurricane"	"7.00"	"9.67"	"Handicap"	"8"	"8"	"Whelan, Trevor"	"Baker, George"	"5f "	"3"	"10"	"5"	"13"
"16:30:00"	"2018-05-04"	"Chepstow"	"Desert Ace (IRE)"	"2.50"	"3.8"	"Handicap"	"4"	"6"	"Costello, Dougie"	"Midgley, P T"	"5f "	"5"	"8"	"4"	"15"
"14:40:00"	"2018-05-04"	"Musselburgh"	"Suwaan (IRE)"	"5.00"	"6.55"	"Handicap"	"3"	"13"	"Sullivan, James P"	"Carr, Mrs R A"	"5f "	"4"	"7"	"3"	"16"
"14:40:00"	"2018-05-04"	"Musselburgh"	"Tanasoq (IRE)"	"6.00"	"8.4"	"Handicap"	"9"	"13"	"Makin, Phillip"	"Midgley, P T"	"5f "	"4"	"8"	"2"	"15"
"16:55:00"	"2018-05-02"	"Ascot"	"Sans Souci Bay"	"25.00"	"36"	"Handicap"	"7"	"19"	"Ladd, Theodore"	"Dixon, Scott"	"1m "	"4"	"7"	"8"	"15"
"16:55:00"	"2018-05-02"	"Ascot"	"Hemingway (IRE)"	"50.00"	"342.75"	"Handicap"	"17"	"19"	"Fitzpatrick, Rob J"	"Long, J E"	"1m "	"4"	"8"	"7"	"7"
"18:10:00"	"2018-04-30"	"Windsor"	"Dragstone Rock (IRE)"	"1.50"	"3.15"	"Handicap"	"2"	"11"	"Donohoe, Stephen"	"Spencer, Richard"	"5f "	"5"	"7"	"2"	"9"
"18:10:00"	"2018-04-30"	"Windsor"	"Awesome Allan (IRE)"	"5.00"	"7.02"	"Handicap"	"3"	"11"	"Kirby, Adam"	"Evans, P D"	"5f "	"5"	"10"	"10"	"15"
"16:05:00"	"2018-04-30"	"Thirsk"	"Ventura Secret (IRE)"	"20.00"	"28.71"	"Handicap"	"4"	"15"	"Muir, Paula"	"Dods, M"	"6f "	"4"	"9"	"14"	"19"
"14:30:00"	"2018-04-30"	"Salisbury"	"Heres Two"	"14.00"	"20"	"Handicap"	"1"	"10"	"ONeill, K T"	"Hodges, R J"	"6f "	"5"	"9"	"8"	"9"
"14:30:00"	"2018-04-30"	"Salisbury"	"Letmestopyouthere (IRE)"	"3.00"	"4.31"	"Handicap"	"5"	"10"	"Egan, John"	"Evans, P D"	"6f "	"5"	"2"	"3"	"7"
"18:15:00"	"2018-04-28"	"Doncaster"	"Gibeno (IRE)"	"200.00"	"1000"	"Maiden"	"3"	"11"	"Rawlinson, Ali"	"Appleby, M"	"7f "	"4"	"7"	"9"	"10"
"13:40:00"	"2018-04-28"	"Leicester"	"Dodgy Bob"	"14.00"	"17.95"	"Handicap"	"5"	"7"	"Greatrex, Edward"	"Mullineaux, M"	"6f "	"4"	"7"	"8"	"11"
"17:35:00"	"2018-04-27"	"Doncaster"	"Granny Roz"	"3.50"	"4.73"	"Handicap"	"1"	"9"	"Elliott, Jane"	"Barron, T D"	"6f "	"5"	"8"	"5"	"15"
"16:25:00"	"2018-04-27"	"Doncaster"	"Something Lucky (IRE)"	"33.00"	"65"	"Handicap"	"8"	"16"	"Rawlinson, Ali"	"Appleby, M"	"5f "	"4"	"8"	"15"	"15"
"14:15:00"	"2018-04-27"	"Doncaster"	"Presidential (IRE)"	"4.50"	"5.74"	"Handicap"	"1"	"14"	"Hamilton, Tony"	"Fell, R / Murray, S"	"7f "	"5"	"2"	"6"	"14"
"13:30:00"	"2018-04-26"	"Beverley"	"Crosse Fire"	"5.00"	"6.68"	"Handicap"	"11"	"15"	"ONeill, K T"	"Dixon, Scott"	"5f "	"5"	"3"	"4"	"9"
"13:30:00"	"2018-04-26"	"Beverley"	"JacobS Pillow"	"7.00"	"9.2"	"Handicap"	"13"	"15"	"Tudhope, Daniel"	"Bastiman, Rebecca"	"5f "	"5"	"7"	"3"	"15"
"14:10:00"	"2018-04-25"	"Epsom"	"Bahamian Sunrise"	"7.00"	"9.2"	"Handicap"	"1"	"13"	"Sousa, Silvestre De"	"Gallagher, J"	"5f "	"3"	"5"	"4"	"15"
"13:50:00"	"2018-04-25"	"Catterick"	"Coiste BoDhar (IRE)"	"1.75"	"2.87"	"Handicap"	"2"	"8"	"McDonald, P J"	"Dixon, Scott"	"5f "	"6"	"4"	"3"	"11"
"17:40:00"	"2018-04-24"	"Yarmouth"	"Who Told Jo Jo (IRE)"	"2.75"	"3.75"	"Handicap"	"1"	"13"	"Mitchell, Jack"	"Tuite, Joseph"	"5f "	"6"	"4"	"4"	"18"
"17:40:00"	"2018-04-24"	"Yarmouth"	"Celerity (IRE)"	"16.00"	"25"	"Handicap"	"4"	"13"	"Lundie, K"	"Williamson, Mrs L"	"5f "	"6"	"3"	"9"	"11"
"16:30:00"	"2018-04-24"	"Yarmouth"	"Cryptonite (IRE)"	"8.00"	"11.81"	"Handicap"	"2"	"9"	"Sousa, Silvestre De"	"Appleby, M"	"1m "	"5"	"6"	"3"	"8"
"16:30:00"	"2018-04-24"	"Yarmouth"	"Baz (FR)"	"16.00"	"26"	"Handicap"	"9"	"9"	"Mathers, Patrick"	"Shaw, D"	"1m "	"5"	"8"	"8"	"10"
"17:50:00"	"2018-04-23"	"Windsor"	"Nautical Haven"	"20.00"	"34"	"Handicap"	"8"	"8"	"Winston, Robert"	"Best, Jim/Suzi"	"5f "	"4"	"9"	"7"	"8"
"17:30:00"	"2018-04-23"	"Navan"	"G Force (IRE)"	"4.00"	"5.91"	"Handicap"	"3"	"13"	"Crosse, S M"	"Keatley, Adrian Paul"	"5.5f "	"0"	"10"	"1"	"6"
"17:30:00"	"2018-04-23"	"Navan"	"Alcatraz (IRE)"	"5.00"	"6.2"	"Handicap"	"9"	"13"	"Hayes, C D"	"OBrien, Richard John"	"5.5f "	"0"	"7"	"3"	"14"
"16:50:00"	"2018-04-23"	"Windsor"	"Ubla (IRE)"	"5.00"	"7.13"	"Handicap"	"8"	"16"	"Murphy, Oisin"	"Kelleway, Miss Gay"	"6f "	"6"	"10"	"2"	"11"
"15:45:00"	"2018-04-22"	"Navan"	"Captain Midnight (IRE)"	"16.00"	"29.17"	"Handicap"	"1"	"23"	"Brouder, Gearoid"	"Murray, Joseph Anthony"	"5.5f "	"0"	"4"	"11"	"14"
"15:45:00"	"2018-04-22"	"Navan"	"Taras Way (IRE)"	"33.00"	"100.37"	"Handicap"	"8"	"23"	"OConnor, M P"	"Murphy, P J F"	"5.5f "	"0"	"7"	"16"	"17"
"15:45:00"	"2018-04-22"	"Navan"	"Ahundrednotout"	"33.00"	"139.53"	"Handicap"	"22"	"23"	"Farragher, Adam J"	"Feane, John James"	"5.5f "	"0"	"8"	"19"	"20"
"15:15:00"	"2018-04-22"	"Navan"	"Thiswaycadeaux (IRE)"	"4.50"	"6.04"	"Handicap"	"3"	"11"	"Crosse, Nathan"	"McCreery, W"	"5.5f "	"0"	"8"	"7"	"20"
"15:15:00"	"2018-04-22"	"Navan"	"Bainne (IRE)"	"12.00"	"15.07"	"Handicap"	"11"	"11"	"Kirrane, Sean"	"Levins, J F"	"5.5f "	"0"	"6"	"10"	"14"
"16:35:00"	"2018-04-21"	"Nottingham"	"Piazon"	"7.00"	"8.8"	"Handicap"	"2"	"11"	"Bryan, Joshua"	"Butler, John"	"5f "	"6"	"10"	"7"	"9"
"16:35:00"	"2018-04-21"	"Nottingham"	"Kingstreet Lady"	"7.00"	"9.31"	"Handicap"	"5"	"11"	"Elliott, Jane"	"Carr, Mrs R A"	"5f "	"6"	"9"	"3"	"13"
"16:35:00"	"2018-04-21"	"Nottingham"	"Robbian"	"16.00"	"20.47"	"Handicap"	"6"	"11"	"Beech, Aled J"	"Smith, C"	"5f "	"6"	"9"	"11"	"14"
"14:30:00"	"2018-04-21"	"Thirsk"	"Indian Pursuit (IRE)"	"25.00"	"48"	"Handicap"	"10"	"19"	"Robinson, Ben"	"Quinn, J J"	"6f "	"5"	"9"	"5"	"11"
"14:30:00"	"2018-04-21"	"Thirsk"	"Cosmic Chatter"	"14.00"	"24.01"	"Handicap"	"13"	"19"	"Sullivan, James P"	"Carr, Mrs R A"	"6f "	"5"	"9"	"7"	"14"
"14:30:00"	"2018-04-21"	"Thirsk"	"Katheefa (USA)"	"8.00"	"9.4"	"Handicap"	"17"	"19"	"Garritty, Jack"	"Carr, Mrs R A"	"6f "	"5"	"9"	"5"	"7"
"18:15:00"	"2018-04-19"	"Ripon"	"Imagine If (IRE)"	"6.00"	"8.02"	"Handicap"	"6"	"15"	"Sanderson, Benjamin"	"Fell, R / Murray, S"	"5f "	"4"	"7"	"1"	"14"
"17:55:00"	"2018-04-17"	"Newmarket (Rowley)"	"Evergate"	"7.00"	"9.56"	"Handicap"	"7"	"9"	"Crowley, Jim"	"Cowell, R M H"	"5f "	"3"	"10"	"6"	"8"
"14:40:00"	"2018-04-13"	"Naas"	"G Force (IRE)"	"4.00"	"5.04"	"Handicap"	"1"	"6"	"Crosse, S M"	"Keatley, Adrian Paul"	"6f "	"0"	"6"	"3"	"4"
"14:25:00"	"2018-03-25"	"Doncaster"	"Feathery"	"7.00"	"7.76"	"Handicap"	"12"	"17"	"Donohoe, Stephen"	"Fellowes, Charlie"	"7f "	"4"	"10"	"3"	"9"
"15:20:00"	"2017-11-08"	"Nottingham"	"Coiste BoDhar (IRE)"	"8.00"	"9.73"	"Handicap"	"3"	"9"	"Pilley, Mr P"	"Dixon, Scott"	"5f "	"6"	"8"	"3"	"10"
"15:20:00"	"2017-11-08"	"Nottingham"	"Culloden"	"25.00"	"41.29"	"Handicap"	"7"	"9"	"Eley, T"	"Harris, S A"	"5f "	"6"	"8"	"10"	"10"
"14:50:00"	"2017-11-08"	"Nottingham"	"Quick Look"	"4.50"	"5.94"	"Handicap"	"1"	"10"	"Allan, David"	"Easterby, M W"	"5f "	"4"	"8"	"1"	"7"
"15:55:00"	"2017-11-07"	"Redcar"	"Ambitious Icarus"	"10.00"	"14"	"Handicap"	"3"	"14"	"Norton, Francis"	"Guest, R C"	"6f "	"6"	"4"	"5"	"14"
"15:55:00"	"2017-11-07"	"Redcar"	"Cool Strutter (IRE)"	"7.50"	"10.5"	"Handicap"	"4"	"14"	"James, S H"	"Tutty, Mrs K J"	"6f "	"6"	"7"	"2"	"12"
"15:55:00"	"2017-11-07"	"Redcar"	"Robbian"	"12.00"	"15.31"	"Handicap"	"6"	"14"	"Garbutt, Noel"	"Smith, C"	"6f "	"6"	"7"	"3"	"12"
"15:55:00"	"2017-11-07"	"Redcar"	"Mighty Bond"	"20.00"	"29"	"Handicap"	"8"	"14"	"McHugh, B"	"Waggott, Miss Tracy"	"6f "	"6"	"8"	"7"	"12"
"15:55:00"	"2017-11-07"	"Redcar"	"Racquet"	"8.50"	"11.5"	"Handicap"	"10"	"14"	"Sullivan, James P"	"Carr, Mrs R A"	"6f "	"6"	"7"	"2"	"10"
"13:20:00"	"2017-11-07"	"Redcar"	"Baron Run"	"50.00"	"137.17"	"Handicap"	"11"	"14"	"Harris, Russell"	"Burke, K R"	"7f "	"5"	"8"	"6"	"13"
"13:20:00"	"2017-11-07"	"Redcar"	"Point Of Woods"	"25.00"	"42"	"Handicap"	"14"	"14"	"Ingram, Rhiain B"	"Jackson, Miss T"	"7f "	"5"	"8"	"2"	"10"
"13:45:00"	"2017-11-04"	"Newmarket (Rowley)"	"Titan Goddess"	"8.00"	"10.16"	"Handicap"	"3"	"12"	"Kelly, Shane"	"Murphy, Mike"	"1m "	"4"	"9"	"1"	"13"
"13:10:00"	"2017-11-03"	"Newmarket (Rowley)"	"Tomahawk Kid"	"4.50"	"5.92"	"Handicap"	"9"	"11"	"Fernandes, Manuel"	"Williams, Ian"	"1m2f "	"4"	"7"	"1"	"19"
"14:30:00"	"2017-11-01"	"Nottingham"	"Start Time (IRE)"	"6.00"	"8"	"Handicap"	"3"	"10"	"Makin, Phillip"	"Midgley, P T"	"5f "	"5"	"8"	"13"	"14"
"13:05:00"	"2017-10-31"	"Catterick"	"Coiste BoDhar (IRE)"	"11.00"	"12.03"	"Handicap"	"3"	"10"	"Pilley, Mr P"	"Dixon, Scott"	"5f "	"6"	"9"	"10"	"12"
"13:05:00"	"2017-10-31"	"Catterick"	"Compton River"	"25.00"	"37.21"	"Handicap"	"5"	"10"	"Russell, Harry"	"Smart, B"	"5f "	"6"	"10"	"3"	"4"
"13:05:00"	"2017-10-31"	"Catterick"	"Sarabi (OLD)"	"7.00"	"8.28"	"Handicap"	"6"	"10"	"Allan, David"	"Dixon, Scott"	"5f "	"6"	"9"	"4"	"12"
"16:10:00"	"2017-10-30"	"Leicester"	"True Companion (IRE)"	"3.50"	"5.07"	"Handicap"	"5"	"13"	"King, Mr James"	"Joyce, Adrian Brendan"	"7f "	"5"	"6"	"3"	"17"
"15:25:00"	"2017-10-30"	"Redcar"	"Tafteesh (IRE)"	"5.00"	"7.4"	"Handicap"	"4"	"10"	"Shaw, Harrison"	"Easterby, M W"	"6f "	"6"	"3"	"8"	"11"
"14:50:00"	"2017-10-30"	"Redcar"	"Mighty Bond"	"40.00"	"95"	"Maiden"	"7"	"12"	"McHugh, B"	"Waggott, Miss Tracy"	"7f "	"5"	"10"	"4"	"11"
"14:50:00"	"2017-10-30"	"Redcar"	"Got My Mojo"	"250.00"	"1000"	"Maiden"	"11"	"12"	"Watson, Jason"	"Sanderson, Gary"	"7f "	"5"	"8"	"9"	"9"
"13:50:00"	"2017-10-25"	"Navan"	"Taexali (IRE)"	"4.50"	"5.58"	"Handicap"	"10"	"12"	"Madden, Tom"	"Shanahan, John Patrick"	"6f "	"0"	"8"	"6"	"10"
"16:30:00"	"2017-10-24"	"Yarmouth"	"Gabrielle"	"20.00"	"29"	"Handicap"	"2"	"14"	"Doyle, Hollie"	"Scargill, Dr J D"	"7f "	"6"	"8"	"9"	"9"
"15:40:00"	"2017-10-23"	"Windsor"	"Staffa (IRE)"	"16.00"	"25"	"Handicap"	"5"	"13"	"Murphy, Oisin"	"Coakley, D J"	"5f "	"6"	"6"	"5"	"8"
"14:40:00"	"2017-10-23"	"Windsor"	"Ballesteros"	"0.91"	"2.02"	"Claimer"	"1"	"8"	"Hanagan, Paul"	"Fahey, R A"	"6f "	"5"	"7"	"3"	"10"
"15:45:00"	"2017-10-20"	"Redcar"	"Secret Missile"	"40.00"	"124.65"	"Handicap"	"15"	"16"	"Shaw, Harrison"	"Griffiths, D C"	"7f "	"5"	"10"	"10"	"10"
"17:15:00"	"2017-10-18"	"Nottingham"	"Borough Boy (IRE)"	"20.00"	"35.14"	"Handicap"	"9"	"15"	"Mathers, Patrick"	"Shaw, D"	"5f "	"6"	"8"	"5"	"10"
"17:15:00"	"2017-10-18"	"Nottingham"	"Knockamany Bends (IRE)"	"25.00"	"46.56"	"Handicap"	"12"	"15"	"McHugh, B"	"Wainwright, J S"	"5f "	"6"	"9"	"1"	"11"
"17:40:00"	"2017-10-16"	"Yarmouth"	"Zeshov (IRE)"	"3.50"	"5"	"Handicap"	"3"	"7"	"Harley, M"	"Bastiman, Rebecca"	"1m "	"5"	"9"	"2"	"11"
"15:50:00"	"2017-10-16"	"Musselburgh"	"Economic Crisis (IRE)"	"7.00"	"8.71"	"Handicap"	"1"	"10"	"Sullivan, James P"	"Berry, A"	"5f "	"5"	"7"	"2"	"11"
"15:50:00"	"2017-10-16"	"Musselburgh"	"Tavener"	"14.00"	"18.2"	"Handicap"	"8"	"10"	"Allan, David"	"Griffiths, D C"	"5f "	"5"	"10"	"12"	"14"
"16:55:00"	"2017-10-15"	"Goodwood"	"Pettochside"	"14.00"	"22"	"Handicap"	"1"	"11"	"Doyle, Hollie"	"Bridger, J / Cook, R"	"6f "	"3"	"8"	"13"	"13"
"17:30:00"	"2017-10-10"	"Leicester"	"Jacksonfire"	"14.00"	"19"	"Handicap"	"12"	"14"	"Nicholls, Miss M"	"Mullineaux, M"	"7f "	"6"	"10"	"4"	"6"
"17:30:00"	"2017-10-10"	"Leicester"	"Keenes Pointe"	"25.00"	"46.62"	"Handicap"	"13"	"14"	"Cox, Georgia"	"Hollinshead, Steph"	"7f "	"6"	"8"	"4"	"10"
"17:10:00"	"2017-10-10"	"Catterick"	"Lady Joanna Vassa (IRE)"	"3.50"	"5.31"	"Handicap"	"2"	"14"	"Mason, Joanna"	"Guest, R C"	"5f "	"6"	"8"	"3"	"11"
"17:10:00"	"2017-10-10"	"Catterick"	"Imperial Legend (IRE)"	"4.50"	"6"	"Handicap"	"3"	"14"	"McCain, Abbie"	"Brown, A D"	"5f "	"6"	"3"	"7"	"17"
"17:10:00"	"2017-10-10"	"Catterick"	"Vecheka (IRE)"	"33.00"	"75.88"	"Handicap"	"6"	"14"	"Yeoman, Kane"	"Johnson, Kenny"	"5f "	"6"	"9"	"12"	"12"
"17:00:00"	"2017-10-10"	"Leicester"	"Borough Boy (IRE)"	"16.00"	"21"	"Handicap"	"5"	"10"	"Mathers, Patrick"	"Shaw, D"	"6f "	"5"	"6"	"8"	"11"
"16:30:00"	"2017-10-10"	"Leicester"	"Dodgy Bob"	"20.00"	"40"	"Handicap"	"6"	"12"	"Jones, Liam"	"Mullineaux, M"	"6f "	"5"	"10"	"10"	"12"
"17:15:00"	"2017-10-09"	"Windsor"	"Nutini (IRE)"	"1.10"	"2.12"	"Handicap"	"1"	"9"	"Walker, Mr S"	"Saunders, M S"	"6f "	"6"	"7"	"2"	"10"
"17:15:00"	"2017-10-09"	"Windsor"	"Tonis A Star"	"12.00"	"13.7"	"Handicap"	"3"	"9"	"Gilbertson, Mr G"	"Carroll, A W"	"6f "	"6"	"7"	"2"	"7"
"16:05:00"	"2017-10-09"	"Salisbury"	"Summer Icon"	"5.00"	"7.05"	"Non-Handicap"	"4"	"5"	"Egan, David"	"Channon, M R"	"7f "	"3"	"3"	"5"	"11"
"15:40:00"	"2017-10-09"	"Musselburgh"	"Economic Crisis (IRE)"	"5.50"	"6.8"	"Handicap"	"2"	"11"	"Murtagh, Connor"	"Berry, A"	"5f "	"6"	"8"	"1"	"8"
"15:40:00"	"2017-10-09"	"Musselburgh"	"Star Cracker (IRE)"	"12.00"	"17.03"	"Handicap"	"6"	"11"	"Mooney, Sean"	"Goldie, J S"	"5f "	"6"	"8"	"7"	"12"
"15:35:00"	"2017-10-09"	"Salisbury"	"Live Dangerously"	"6.00"	"7.72"	"Handicap"	"5"	"9"	"ONeill, K T"	"Bridger, J / Cook, R"	"7f "	"6"	"5"	"10"	"13"
"15:05:00"	"2017-10-09"	"Salisbury"	"Air Of York (IRE)"	"8.00"	"10.37"	"Handicap"	"4"	"10"	"Cox, William"	"Flint, J L"	"7f "	"6"	"7"	"1"	"10"
"17:40:00"	"2017-10-07"	"Redcar"	"Imperial Legend (IRE)"	"11.00"	"15.75"	"Handicap"	"7"	"17"	"Fentiman, Duran"	"Brown, A D"	"5f "	"5"	"8"	"9"	"13"
"17:40:00"	"2017-10-07"	"Redcar"	"Foxtrot Knight"	"10.00"	"11.59"	"Handicap"	"8"	"17"	"Sullivan, James P"	"Carr, Mrs R A"	"5f "	"5"	"7"	"8"	"10"
"17:40:00"	"2017-10-07"	"Redcar"	"Perfect Words (IRE)"	"40.00"	"80"	"Handicap"	"11"	"17"	"Shaw, Harrison"	"Fife, Mrs Marjorie"	"5f "	"5"	"10"	"11"	"19"
"17:40:00"	"2017-10-07"	"Redcar"	"Kibaar"	"14.00"	"20.26"	"Handicap"	"12"	"17"	"Garritty, Jack"	"Carr, Mrs R A"	"5f "	"5"	"10"	"13"	"19"
"17:40:00"	"2017-10-07"	"Redcar"	"Bond Bombshell"	"12.00"	"18.5"	"Handicap"	"17"	"17"	"Birkett, Shelley"	"OMeara, D"	"5f "	"5"	"8"	"2"	"13"
"14:35:00"	"2017-10-06"	"Ascot"	"One Word More (IRE)"	"8.00"	"11.5"	"Non-Handicap"	"2"	"11"	"Richardson, Rachel"	"Easterby, T D"	"1m "	"3"	"7"	"7"	"16"
"14:00:00"	"2017-10-06"	"Ascot"	"My Amigo"	"14.00"	"13.15"	"Handicap"	"7"	"18"	"McDonald, P J"	"Burke, K R"	"7f "	"4"	"7"	"4"	"11"
"17:35:00"	"2017-10-04"	"Nottingham"	"Classic Pursuit"	"3.50"	"4.5"	"Handicap"	"1"	"11"	"Sousa, Silvestre De"	"Appleby, M"	"5f "	"5"	"7"	"3"	"19"
"17:35:00"	"2017-10-04"	"Nottingham"	"Oriental Splendour (IRE)"	"5.00"	"6.49"	"Handicap"	"6"	"11"	"Sullivan, James P"	"Carr, Mrs R A"	"5f "	"5"	"6"	"3"	"13"
"17:05:00"	"2017-10-04"	"Nottingham"	"Showmethewayavrilo"	"12.00"	"17.79"	"Handicap"	"8"	"14"	"McDonald, P J"	"Saunders, M S"	"6f "	"3"	"7"	"1"	"7"
"17:05:00"	"2017-10-04"	"Nottingham"	"Quatrieme Ami"	"4.50"	"5.8"	"Handicap"	"12"	"14"	"Tudhope, Daniel"	"McBride, P J"	"6f "	"3"	"7"	"1"	"19"
"15:35:00"	"2017-10-04"	"Salisbury"	"Sir Billy Wright (IRE)"	"4.00"	"5.6"	"Handicap"	"4"	"9"	"Crowley, Jim"	"Evans, P D"	"6f "	"4"	"4"	"6"	"15"
"17:20:00"	"2017-10-01"	"Musselburgh"	"Lady Joanna Vassa (IRE)"	"7.50"	"8.71"	"Handicap"	"1"	"12"	"Mooney, Sean"	"Guest, R C"	"5f "	"6"	"8"	"7"	"10"
"15:35:00"	"2017-10-01"	"Musselburgh"	"See The Sun"	"1.25"	"2.42"	"Handicap"	"2"	"8"	"Allan, David"	"Easterby, T D"	"5f "	"5"	"4"	"2"	"19"
"15:35:00"	"2017-10-01"	"Musselburgh"	"Market Choice (IRE)"	"11.00"	"12.33"	"Handicap"	"6"	"8"	"McHugh, B"	"Waggott, Miss Tracy"	"5f "	"5"	"4"	"14"	"18"
"16:55:00"	"2017-09-30"	"Ripon"	"Point Of Woods"	"8.00"	"9.8"	"Handicap"	"1"	"12"	"Ralston, Sophie"	"Jackson, Miss T"	"6f "	"5"	"3"	"6"	"18"
"16:55:00"	"2017-09-30"	"Ripon"	"B Fifty Two (IRE)"	"7.00"	"9.2"	"Handicap"	"2"	"12"	"Shaw, Harrison"	"Fife, Mrs Marjorie"	"6f "	"5"	"1"	"13"	"14"
"16:55:00"	"2017-09-30"	"Ripon"	"Penny Pot Lane"	"4.50"	"6.71"	"Handicap"	"3"	"12"	"Fisher, Jonathan"	"Whitaker, R M"	"6f "	"5"	"9"	"1"	"11"
"16:55:00"	"2017-09-30"	"Ripon"	"Cliff (IRE)"	"5.00"	"7.37"	"Handicap"	"5"	"12"	"McManoman, Faye"	"Tinkler, N"	"6f "	"5"	"9"	"3"	"11"
"16:55:00"	"2017-09-30"	"Ripon"	"Racing Angel (IRE)"	"14.00"	"15.37"	"Handicap"	"6"	"12"	"Sanderson, Benjamin"	"Nicholls, Adrian"	"6f "	"5"	"3"	"7"	"19"
"15:50:00"	"2017-09-30"	"Haydock"	"Muatadel"	"20.00"	"21.92"	"Handicap"	"4"	"15"	"Hamilton, Tony"	"Fell, R / Murray, S"	"6f "	"3"	"2"	"7"	"13"
"17:30:00"	"2017-09-28"	"Newmarket (Rowley)"	"Eltezam (IRE)"	"25.00"	"30.94"	"Handicap"	"8"	"11"	"Doyle, Hollie"	"Perrett, Mrs A J"	"1m "	"3"	"8"	"4"	"6"
"17:45:00"	"2017-09-27"	"Redcar"	"Point Of Woods"	"6.00"	"8.6"	"Handicap"	"6"	"18"	"Murtagh, Connor"	"Jackson, Miss T"	"6f "	"6"	"8"	"4"	"11"
"17:45:00"	"2017-09-27"	"Redcar"	"Market Choice (IRE)"	"25.00"	"38.08"	"Handicap"	"14"	"18"	"Rodriguez, Callum"	"Waggott, Miss Tracy"	"6f "	"6"	"8"	"9"	"11"
"16:50:00"	"2017-09-27"	"Goodwood"	"Showmethewayavrilo"	"14.00"	"20.19"	"Handicap"	"1"	"7"	"Bennett, Charlie"	"Saunders, M S"	"6f "	"4"	"10"	"6"	"11"
"16:40:00"	"2017-09-27"	"Redcar"	"Dandyleekie (IRE)"	"7.00"	"8.6"	"Seller"	"3"	"12"	"Tudhope, Daniel"	"OMeara, D"	"1m "	"5"	"6"	"8"	"10"
"16:40:00"	"2017-09-27"	"Redcar"	"Fidelma Moon (IRE)"	"40.00"	"64.23"	"Seller"	"6"	"12"	"Curtis, B A"	"Waggott, Miss Tracy"	"1m "	"5"	"9"	"11"	"12"
"16:40:00"	"2017-09-27"	"Redcar"	"Dark Illustrator"	"125.00"	"979.94"	"Seller"	"9"	"12"	"McHugh, B"	"Siddall, Miss L C"	"1m "	"5"	"9"	"12"	"12"
"16:10:00"	"2017-09-27"	"Redcar"	"Quatrieme Ami"	"1.63"	"2.68"	"Handicap"	"1"	"19"	"Tudhope, Daniel"	"McBride, P J"	"5f "	"5"	"8"	"2"	"9"
"16:10:00"	"2017-09-27"	"Redcar"	"See The Sun"	"11.00"	"14.23"	"Handicap"	"2"	"19"	"Allan, David"	"Easterby, T D"	"5f "	"5"	"8"	"9"	"11"
"15:50:00"	"2017-09-26"	"Beverley"	"Line Of Reason (IRE)"	"11.00"	"14.73"	"Non-Handicap"	"2"	"5"	"Fanning, Joe"	"Midgley, P T"	"5f "	"3"	"3"	"7"	"17"
"14:50:00"	"2017-09-26"	"Tipperary"	"Feotanach (IRE)"	"20.00"	"32"	"Handicap"	"13"	"18"	"McDonogh, D P"	"Slattery, Andrew"	"5f "	"0"	"6"	"12"	"17"
"17:45:00"	"2017-09-25"	"Leicester"	"The Groove"	"2.25"	"3.34"	"Handicap"	"2"	"14"	"Fernandes, Manuel"	"OBrien, Fergal"	"7f "	"6"	"8"	"2"	"11"
"17:45:00"	"2017-09-25"	"Leicester"	"Dynamic Girl (IRE)"	"22.00"	"30.54"	"Handicap"	"3"	"14"	"Currie, Nicola"	"Powell, B G"	"7f "	"6"	"9"	"11"	"11"
"17:45:00"	"2017-09-25"	"Leicester"	"Zebs Lad (IRE)"	"66.00"	"150"	"Handicap"	"14"	"14"	"Osborn, Jack"	"Evans, Mrs N S"	"7f "	"6"	"8"	"10"	"11"
"16:55:00"	"2017-09-23"	"Newmarket (Rowley)"	"Related"	"8.50"	"12"	"Handicap"	"5"	"12"	"Lane, Martin"	"Midgley, P T"	"6f "	"4"	"9"	"4"	"13"
"16:55:00"	"2017-09-23"	"Newmarket (Rowley)"	"Captain Lars (SAF)"	"25.00"	"34.48"	"Handicap"	"9"	"12"	"Fox, Kieren"	"Shaw, D"	"6f "	"4"	"7"	"8"	"11"
"16:00:00"	"2017-09-20"	"Beverley"	"JacobS Pillow"	"20.00"	"33.59"	"Handicap"	"3"	"12"	"Fentiman, Duran"	"Bastiman, Rebecca"	"5f "	"5"	"10"	"17"	"18"
"16:00:00"	"2017-09-20"	"Beverley"	"Lydias Place"	"6.50"	"7.75"	"Handicap"	"11"	"12"	"Lee, Clifford"	"Guest, R C"	"5f "	"5"	"5"	"8"	"10"
"15:15:00"	"2017-09-20"	"Yarmouth"	"Pretty Bubbles"	"33.00"	"40.6"	"Handicap"	"6"	"8"	"Rawlinson, Ali"	"Jenkins, J R"	"6f "	"5"	"9"	"5"	"5"
"17:05:00"	"2017-09-19"	"Redcar"	"Flying Fantasy"	"12.00"	"16"	"Handicap"	"PU"	"10"	"Malune, Gabriele"	"Appleby, M"	"7f "	"5"	"10"	"8"	"12"
"16:45:00"	"2017-09-19"	"Yarmouth"	"Robbian"	"14.00"	"16.53"	"Handicap"	"4"	"9"	"Garbutt, Noel"	"Smith, C"	"6f "	"5"	"7"	"5"	"12"
"14:55:00"	"2017-09-19"	"Redcar"	"Short Work"	"1.38"	"2.5"	"Handicap"	"1"	"11"	"Tudhope, Daniel"	"OMeara, D"	"6f "	"5"	"9"	"3"	"18"
"14:55:00"	"2017-09-19"	"Redcar"	"Market Choice (IRE)"	"28.00"	"44"	"Handicap"	"9"	"11"	"McDonald, P J"	"Waggott, Miss Tracy"	"6f "	"5"	"10"	"5"	"11"
"14:10:00"	"2017-09-19"	"Chepstow"	"Miss Quoted"	"100.00"	"726.95"	"Maiden"	"8"	"8"	"Drowne, Steve"	"Mullins, J W"	"7f "	"5"	"9"	"8"	"8"
"13:45:00"	"2017-09-18"	"Carlisle"	"Knockamany Bends (IRE)"	"14.00"	"18.5"	"Handicap"	"9"	"11"	"Edmunds, Lewis"	"Wainwright, J S"	"5f "	"6"	"2"	"9"	"10"
"18:00:00"	"2017-09-16"	"Lingfield"	"Glorious Poet"	"7.00"	"9"	"Handicap"	"1"	"11"	"Carson, William"	"Spearing, J L"	"7.5f "	"5"	"10"	"5"	"8"
"18:00:00"	"2017-09-16"	"Lingfield"	"Live Dangerously"	"8.00"	"12"	"Handicap"	"3"	"11"	"ONeill, K T"	"Bridger, J / Cook, R"	"7.5f "	"5"	"5"	"7"	"8"
"18:00:00"	"2017-09-16"	"Lingfield"	"Many Dreams (IRE)"	"7.00"	"9.4"	"Handicap"	"6"	"11"	"Crouch, Hector"	"Moore, Gary and Josh"	"7.5f "	"5"	"9"	"6"	"10"
"17:45:00"	"2017-09-16"	"Musselburgh"	"Vecheka (IRE)"	"28.00"	"36.37"	"Handicap"	"5"	"10"	"Hamilton, Tony"	"Johnson, Kenny"	"5f "	"6"	"8"	"14"	"14"
"17:45:00"	"2017-09-16"	"Musselburgh"	"Windforpower (IRE)"	"8.00"	"10.5"	"Handicap"	"7"	"10"	"Ffrench, Royston"	"Waggott, Miss Tracy"	"5f "	"6"	"8"	"7"	"11"
"17:25:00"	"2017-09-16"	"Lingfield"	"Duke Of North (IRE)"	"5.00"	"6.11"	"Handicap"	"4"	"12"	"Bennett, Charlie"	"Boyle, J R"	"7.5f "	"5"	"2"	"4"	"10"
"15:40:00"	"2017-09-16"	"Lingfield"	"Summer Icon"	"16.00"	"18.46"	"Non-Handicap"	"4"	"5"	"Kelly, Shane"	"Channon, M R"	"7f "	"3"	"7"	"13"	"17"
"15:25:00"	"2017-09-14"	"Chepstow"	"House Of Commons (IRE)"	"12.00"	"16.5"	"Handicap"	"2"	"13"	"Rawlinson, Ali"	"Appleby, M"	"1m "	"5"	"10"	"6"	"7"
"15:25:00"	"2017-09-14"	"Chepstow"	"Nutini (IRE)"	"20.00"	"29"	"Handicap"	"7"	"13"	"Drowne, Steve"	"Saunders, M S"	"1m "	"5"	"8"	"9"	"10"
"13:40:00"	"2017-09-14"	"Chepstow"	"Dance Rock"	"16.00"	"29.65"	"Maiden"	"3"	"10"	"Whelan, Trevor"	"Mulholland, N P"	"7f "	"5"	"9"	"6"	"6"
"13:40:00"	"2017-09-14"	"Chepstow"	"Thechampagnesonice"	"25.00"	"75"	"Maiden"	"5"	"10"	"Drowne, Steve"	"Saunders, M S"	"7f "	"5"	"8"	"4"	"7"
"13:20:00"	"2017-09-14"	"Doncaster"	"Kenny The Captain (IRE)"	"4.00"	"5.15"	"Handicap"	"2"	"13"	"Richardson, Rachel"	"Easterby, T D"	"6f "	"3"	"5"	"1"	"11"
"17:20:00"	"2017-09-13"	"Doncaster"	"Muatadel"	"2.75"	"3.96"	"Handicap"	"3"	"15"	"McDonald, P J"	"Fell, R / Murray, S"	"5f "	"4"	"9"	"2"	"9"
"17:20:00"	"2017-09-13"	"Doncaster"	"Fredricka"	"25.00"	"33.16"	"Handicap"	"11"	"15"	"Fernandes, Manuel"	"Furtado, Ivan"	"5f "	"4"	"4"	"6"	"11"
"15:50:00"	"2017-09-13"	"Doncaster"	"Haraz (IRE)"	"9.00"	"13.3"	"Non-Handicap"	"5"	"14"	"Harvey, L"	"Osborne, J A"	"1m "	"5"	"8"	"2"	"10"
"15:50:00"	"2017-09-13"	"Doncaster"	"Secret Missile"	"66.00"	"330"	"Non-Handicap"	"12"	"14"	"Lappin, Rodney"	"Griffiths, D C"	"1m "	"5"	"4"	"11"	"11"
"17:25:00"	"2017-09-12"	"Leicester"	"Gracious John (IRE)"	"16.00"	"22"	"Non-Handicap"	"3"	"5"	"Begley, Mrs K F"	"Evans, P D"	"5f "	"3"	"10"	"6"	"12"
"17:15:00"	"2017-09-12"	"Catterick"	"Nora Batt (IRE)"	"7.50"	"9.2"	"Handicap"	"4"	"12"	"Curtis, B A"	"Nicholson, John W"	"5f "	"6"	"10"	"10"	"19"
"17:15:00"	"2017-09-12"	"Catterick"	"Mitchum"	"4.50"	"5.92"	"Handicap"	"6"	"12"	"Gormley, Jamie"	"Barr, R E"	"5f "	"6"	"10"	"5"	"11"
"17:15:00"	"2017-09-12"	"Catterick"	"Miss Uppity"	"3.50"	"4.88"	"Handicap"	"9"	"12"	"Fanning, Joe"	"Furtado, Ivan"	"5f "	"6"	"8"	"2"	"15"
"17:15:00"	"2017-09-12"	"Catterick"	"Excellent World (IRE)"	"11.00"	"14.54"	"Handicap"	"10"	"12"	"McHugh, B"	"Coyle, Tony"	"5f "	"6"	"7"	"4"	"6"
"16:25:00"	"2017-09-12"	"Leicester"	"War Glory (IRE)"	"3.00"	"4.1"	"Handicap"	"4"	"6"	"Moore, Ryan"	"Hannon (Jnr), Richard"	"7f "	"3"	"10"	"2"	"12"
"17:40:00"	"2017-09-09"	"Ascot"	"Mininggold"	"12.00"	"18.85"	"Handicap"	"3"	"10"	"Mullen, Andrew"	"Dods, M"	"5f "	"3"	"7"	"1"	"10"
"16:40:00"	"2017-09-09"	"Thirsk"	"Zylan (IRE)"	"11.00"	"10.96"	"Handicap"	"10"	"11"	"Hamilton, Tony"	"Fell, R / Murray, S"	"6f "	"4"	"8"	"6"	"12"
"19:35:00"	"2017-09-08"	"Musselburgh"	"Thornaby Princess"	"18.00"	"25.98"	"Handicap"	"3"	"8"	"Doyle, Joe"	"Teague, C J"	"5f "	"6"	"8"	"9"	"10"
"19:35:00"	"2017-09-08"	"Musselburgh"	"Brendan (IRE)"	"9.00"	"13.01"	"Handicap"	"8"	"8"	"Greatrex, Edward"	"Goldie, J S"	"5f "	"6"	"8"	"5"	"10"
"17:05:00"	"2017-09-08"	"Musselburgh"	"Noah Amor (IRE)"	"3.00"	"4.07"	"Handicap"	"2"	"9"	"Beasley, Connor"	"OMeara, D"	"5f "	"5"	"6"	"2"	"11"
"17:05:00"	"2017-09-08"	"Musselburgh"	"Economic Crisis (IRE)"	"20.00"	"24.6"	"Handicap"	"5"	"9"	"Doyle, Joe"	"Teague, C J"	"5f "	"5"	"9"	"7"	"10"
"17:20:00"	"2017-09-07"	"Salisbury"	"Als Memory (IRE)"	"12.00"	"15"	"Handicap"	"8"	"10"	"Begley, Mrs K F"	"Evans, P D"	"1m "	"5"	"10"	"4"	"10"
"16:10:00"	"2017-09-06"	"Chepstow"	"John Joiner"	"1.88"	"2.86"	"Handicap"	"4"	"7"	"Norton, Francis"	"Hedger, P R"	"5f "	"5"	"5"	"2"	"8"
"16:45:00"	"2017-09-05"	"Hamilton"	"Guishan"	"1.88"	"3.07"	"Handicap"	"1"	"7"	"Rawlinson, Ali"	"Appleby, M"	"6f "	"3"	"10"	"1"	"12"
"16:25:00"	"2017-09-05"	"Goodwood"	"Artscape"	"6.00"	"7.79"	"Handicap"	"6"	"7"	"Winston, Robert"	"Ivory, D K"	"6f "	"4"	"10"	"6"	"10"
"16:10:00"	"2017-09-05"	"Hamilton"	"Be Bold"	"5.50"	"6.94"	"Handicap"	"5"	"10"	"Beasley, Connor"	"Bastiman, Rebecca"	"6f "	"6"	"4"	"4"	"7"
"16:10:00"	"2017-09-05"	"Hamilton"	"Mr Conundrum"	"50.00"	"106.85"	"Handicap"	"8"	"10"	"Aspell, P"	"Siddall, Miss L C"	"6f "	"6"	"7"	"6"	"8"
"15:35:00"	"2017-09-05"	"Hamilton"	"Reflation"	"16.00"	"22.91"	"Handicap"	"3"	"6"	"Fanning, Joe"	"Holmes, P F"	"6f "	"6"	"3"	"11"	"11"
"15:40:00"	"2017-09-04"	"Ripon"	"Stanghow"	"7.00"	"8.17"	"Handicap"	"4"	"9"	"Hardie, Cameron"	"Brittain, Antony"	"5f "	"3"	"9"	"5"	"12"
"16:15:00"	"2017-09-02"	"Hamilton"	"Knockamany Bends (IRE)"	"10.00"	"14"	"Handicap"	"2"	"11"	"Walton, Miss C"	"Wainwright, J S"	"6f "	"6"	"8"	"1"	"9"
"16:15:00"	"2017-09-02"	"Hamilton"	"Picks Pinta"	"9.00"	"13.15"	"Handicap"	"7"	"11"	"McCain, Abbie"	"Riches, John"	"6f "	"6"	"10"	"4"	"8"
"16:15:00"	"2017-09-02"	"Hamilton"	"Let Right Be Done"	"18.00"	"24.39"	"Handicap"	"10"	"11"	"Bartley, Mrs C"	"Perratt, Miss L A"	"6f "	"6"	"9"	"7"	"12"
"16:15:00"	"2017-09-02"	"Hamilton"	"Reflation"	"33.00"	"46"	"Handicap"	"11"	"11"	"McCain, Miss Ella"	"Holmes, P F"	"6f "	"6"	"8"	"8"	"9"
"15:50:00"	"2017-09-02"	"Beverley"	"Mininggold"	"3.50"	"5.14"	"Handicap"	"1"	"10"	"Mulrennan, Paul"	"Dods, M"	"5f "	"5"	"3"	"3"	"11"
"13:50:00"	"2017-09-02"	"Sandown"	"Lydias Place"	"8.00"	"11.79"	"Handicap"	"6"	"10"	"Egan, David"	"Guest, R C"	"5f "	"3"	"3"	"8"	"10"
"13:50:00"	"2017-09-02"	"Sandown"	"Majestic Hero (IRE)"	"11.00"	"15.46"	"Handicap"	"10"	"10"	"Spencer, Jamie"	"Harris, R A"	"5f "	"3"	"5"	"3"	"7"
"14:10:00"	"2017-09-01"	"Sandown"	"Our Lord"	"1.38"	"2.45"	"Handicap"	"4"	"8"	"Hornby, Rob"	"Attwater, M J"	"5f "	"5"	"9"	"1"	"8"
"17:10:00"	"2017-08-31"	"Musselburgh"	"Lady Joanna Vassa (IRE)"	"6.00"	"8.2"	"Handicap"	"7"	"10"	"Beasley, Connor"	"Guest, R C"	"5f "	"6"	"6"	"4"	"5"
"18:45:00"	"2017-08-30"	"Bellewstown"	"Captain Midnight (IRE)"	"7.00"	"7.8"	"Handicap"	"8"	"15"	"Heffernan, J A"	"Murray, Joseph Anthony"	"5f "	"0"	"10"	"5"	"26"
"15:40:00"	"2017-08-30"	"Lingfield"	"Major Valentine"	"1.38"	"2.42"	"Handicap"	"3"	"5"	"Marquand, Tom"	"Oshea, J G M"	"6f "	"4"	"2"	"2"	"7"
"15:30:00"	"2017-08-30"	"Musselburgh"	"Fumbo Jumbo (IRE)"	"2.75"	"4.23"	"Handicap"	"4"	"10"	"Rodriguez, Callum"	"Dods, M"	"5f "	"4"	"4"	"4"	"12"
"15:30:00"	"2017-08-30"	"Musselburgh"	"Economic Crisis (IRE)"	"25.00"	"26.56"	"Handicap"	"7"	"10"	"Edmunds, Lewis"	"Teague, C J"	"5f "	"4"	"6"	"5"	"6"
"15:30:00"	"2017-08-30"	"Musselburgh"	"Lydias Place"	"14.00"	"17.58"	"Handicap"	"8"	"10"	"Beasley, Connor"	"Guest, R C"	"5f "	"4"	"9"	"2"	"7"
"17:15:00"	"2017-08-29"	"Carlisle"	"Cliff (IRE)"	"6.00"	"7.19"	"Handicap"	"2"	"13"	"McManoman, Faye"	"Tinkler, N"	"6f "	"5"	"9"	"6"	"10"
"17:15:00"	"2017-08-29"	"Carlisle"	"Willsy"	"11.00"	"13.12"	"Handicap"	"11"	"13"	"Tutty, Gemma"	"Tutty, Mrs K J"	"6f "	"5"	"3"	"12"	"19"
"15:25:00"	"2017-08-28"	"Chepstow"	"Royal Normandy"	"20.00"	"29"	"Seller"	"8"	"10"	"Bryan, Joshua"	"Harris, Miss G"	"6f "	"6"	"4"	"13"	"15"
"14:50:00"	"2017-08-28"	"Chepstow"	"Bahamian Dollar"	"2.50"	"3.79"	"Handicap"	"5"	"7"	"Lee, Clifford"	"Evans, P D"	"6f "	"4"	"2"	"5"	"9"
"17:40:00"	"2017-08-27"	"Goodwood"	"Prominna"	"16.00"	"21"	"Handicap"	"6"	"13"	"Marquand, Tom"	"Carroll, A W"	"5f "	"5"	"8"	"3"	"5"
"17:40:00"	"2017-08-27"	"Goodwood"	"Pour La Victoire (IRE)"	"11.00"	"12.56"	"Handicap"	"11"	"13"	"Cox, Georgia"	"Carroll, A W"	"5f "	"5"	"2"	"7"	"9"
"17:40:00"	"2017-08-27"	"Goodwood"	"Deer Song"	"33.00"	"55"	"Handicap"	"12"	"13"	"Godwin, Mitch"	"Bridger, J / Cook, R"	"5f "	"5"	"2"	"9"	"9"
"17:15:00"	"2017-08-27"	"Yarmouth"	"Fighting Temeraire (IRE)"	"12.00"	"15.35"	"Handicap"	"4"	"7"	"Winston, Robert"	"Ivory, D K"	"7f "	"3"	"8"	"10"	"10"
"17:15:00"	"2017-08-27"	"Yarmouth"	"Barracuda Boy (IRE)"	"18.00"	"26"	"Handicap"	"7"	"7"	"Kingscote, Richard"	"Fife, Mrs Marjorie"	"7f "	"3"	"8"	"8"	"10"
"16:40:00"	"2017-08-27"	"Yarmouth"	"Red Tea"	"7.00"	"9.18"	"Handicap"	"6"	"6"	"Morris, Luke"	"Hiatt, P W"	"1m "	"3"	"9"	"4"	"7"
"15:10:00"	"2017-08-27"	"Curragh"	"Polly Douglas (IRE)"	"8.00"	"12.5"	"Handicap"	"2"	"13"	"Breslin, Andrew"	"Cotter, Kieran P"	"6f "	"0"	"8"	"2"	"20"
"15:10:00"	"2017-08-27"	"Curragh"	"Golden Pearl"	"14.00"	"17.08"	"Handicap"	"5"	"13"	"Foley, Shane"	"Halford, M"	"6f "	"0"	"9"	"11"	"13"
"15:10:00"	"2017-08-27"	"Curragh"	"Rapid Applause"	"8.00"	"9.88"	"Handicap"	"11"	"13"	"Smullen, P J"	"OCallaghan, M D"	"6f "	"0"	"10"	"5"	"10"
"19:55:00"	"2017-08-26"	"Redcar"	"Someone Exciting"	"4.50"	"6.24"	"Handicap"	"3"	"18"	"Mathers, Patrick"	"Thompson, D W"	"6f "	"6"	"8"	"3"	"15"
"19:10:00"	"2017-08-26"	"Windsor"	"Field of Vision (IRE)"	"3.50"	"4.9"	"Handicap"	"3"	"10"	"Murphy, Oisin"	"Tuite, Joseph"	"6f "	"4"	"3"	"2"	"8"
"19:10:00"	"2017-08-26"	"Windsor"	"Cat Silver"	"28.00"	"52.06"	"Handicap"	"5"	"10"	"Carson, William"	"Wallis, Charlie"	"6f "	"4"	"9"	"5"	"9"
"18:55:00"	"2017-08-26"	"Redcar"	"Insurplus (IRE)"	"4.50"	"5.77"	"Handicap"	"1"	"19"	"Tudhope, Daniel"	"Goldie, J S"	"7f "	"6"	"7"	"3"	"10"
"18:55:00"	"2017-08-26"	"Redcar"	"Danot (IRE)"	"7.00"	"9.8"	"Handicap"	"5"	"19"	"Garritty, Jack"	"OKeeffe, Jedd"	"7f "	"6"	"8"	"2"	"15"
"18:55:00"	"2017-08-26"	"Redcar"	"Willsy"	"12.00"	"20.4"	"Handicap"	"12"	"19"	"Tutty, Gemma"	"Tutty, Mrs K J"	"7f "	"6"	"7"	"4"	"12"
"18:25:00"	"2017-08-26"	"Redcar"	"Mon Beau Visage (IRE)"	"3.00"	"4.24"	"Handicap"	"1"	"11"	"Tudhope, Daniel"	"OMeara, D"	"1m "	"4"	"5"	"1"	"12"
"18:25:00"	"2017-08-26"	"Redcar"	"Off Art"	"11.00"	"15.43"	"Handicap"	"3"	"11"	"Richardson, Rachel"	"Easterby, T D"	"1m "	"4"	"5"	"6"	"12"
"17:35:00"	"2017-08-26"	"Newmarket (July)"	"Diamond Lady"	"8.50"	"11.73"	"Handicap"	"2"	"9"	"Bryan, Joshua"	"Stone, W B"	"5f "	"4"	"8"	"8"	"11"
"17:00:00"	"2017-08-26"	"Newmarket (July)"	"Syrian Pearl"	"4.50"	"5.47"	"Handicap"	"4"	"9"	"Berry, F M"	"Wall, C F"	"6f "	"4"	"7"	"5"	"12"
"20:05:00"	"2017-08-25"	"Hamilton"	"Perfect Words (IRE)"	"8.00"	"10"	"Handicap"	"3"	"9"	"Shaw, Harrison"	"Fife, Mrs Marjorie"	"5f "	"6"	"7"	"1"	"9"
"20:05:00"	"2017-08-25"	"Hamilton"	"Tinsill"	"9.00"	"13"	"Handicap"	"9"	"9"	"Doyle, Joe"	"Tinkler, N"	"5f "	"6"	"8"	"8"	"10"
"17:35:00"	"2017-08-25"	"Ffos Las"	"Kingstreet Lady"	"4.00"	"6.2"	"Handicap"	"3"	"5"	"Wood, George"	"Price, R J"	"5f "	"6"	"10"	"3"	"6"
"17:35:00"	"2017-08-25"	"Ffos Las"	"Lady Joanna Vassa (IRE)"	"1.00"	"2.06"	"Handicap"	"4"	"5"	"Keniry, L P"	"Guest, R C"	"5f "	"6"	"7"	"3"	"9"
"17:15:00"	"2017-08-25"	"Salisbury"	"Masarzain (IRE)"	"1.75"	"2.84"	"Handicap"	"2"	"9"	"Walker, Mr S"	"Watson, Archie"	"1m "	"5"	"8"	"1"	"12"
"17:15:00"	"2017-08-25"	"Salisbury"	"Mcdelta"	"4.00"	"5.8"	"Handicap"	"3"	"9"	"Brotherton, Miss S"	"Deacon, Geoffrey"	"1m "	"5"	"8"	"4"	"14"
"17:10:00"	"2017-08-25"	"Goodwood"	"Flying Sakhee"	"20.00"	"26.81"	"Handicap"	"3"	"9"	"Godwin, Mitch"	"Bridger, J / Cook, R"	"6f "	"5"	"8"	"6"	"12"
"17:00:00"	"2017-08-25"	"Ffos Las"	"Under The Covers"	"3.00"	"4.58"	"Handicap"	"1"	"7"	"Kelly, Shane"	"Harris, R A"	"6f "	"3"	"7"	"1"	"6"
"17:00:00"	"2017-08-25"	"Ffos Las"	"Satchville Flyer"	"6.00"	"9.6"	"Handicap"	"5"	"7"	"Malune, Gabriele"	"Evans, P D"	"6f "	"3"	"3"	"8"	"14"
"17:00:00"	"2017-08-25"	"Ffos Las"	"Kinglami"	"4.00"	"7.3"	"Handicap"	"6"	"7"	"Robinson, Ben"	"Oshea, J G M"	"6f "	"3"	"8"	"2"	"5"
"19:40:00"	"2017-08-24"	"Hamilton"	"Star Cracker (IRE)"	"3.50"	"5.29"	"Handicap"	"6"	"6"	"Gormley, Jamie"	"Goldie, J S"	"5f "	"5"	"10"	"1"	"7"
"18:10:00"	"2017-08-24"	"Hamilton"	"Harwoods Volante (IRE)"	"6.00"	"7.79"	"Handicap"	"5"	"8"	"James, S H"	"OMeara, D"	"6f "	"4"	"5"	"19"	"20"
"17:45:00"	"2017-08-24"	"Chepstow"	"Jacksonfire"	"5.00"	"7.15"	"Handicap"	"7"	"15"	"Dennis, Phil"	"Mullineaux, M"	"7f "	"6"	"7"	"2"	"10"
"17:45:00"	"2017-08-24"	"Chepstow"	"Royal Normandy"	"25.00"	"55.31"	"Handicap"	"13"	"15"	"Greatrex, Edward"	"Harris, Miss G"	"7f "	"6"	"10"	"7"	"12"
"17:25:00"	"2017-08-23"	"Carlisle"	"Dodgy Bob"	"4.00"	"5.8"	"Handicap"	"1"	"8"	"Stones, Lewis"	"Mullineaux, M"	"6f "	"6"	"6"	"2"	"8"
"17:25:00"	"2017-08-23"	"Carlisle"	"Dark Confidant (IRE)"	"5.00"	"6.4"	"Handicap"	"8"	"8"	"McCain, Miss Ella"	"McCain Jnr, D"	"6f "	"6"	"8"	"1"	"9"
"19:40:00"	"2017-08-22"	"Yarmouth"	"Hamish Mcgonagain"	"3.00"	"5"	"Handicap"	"5"	"9"	"Vaughan, Patrick"	"OMeara, D"	"5f "	"6"	"4"	"1"	"9"
"19:40:00"	"2017-08-22"	"Yarmouth"	"Rat Catcher (IRE)"	"66.00"	"208.38"	"Handicap"	"8"	"9"	"Lundie, K"	"Williamson, Mrs L"	"5f "	"6"	"4"	"9"	"9"
"19:40:00"	"2017-08-22"	"Yarmouth"	"Sakhees Jem"	"20.00"	"29"	"Handicap"	"9"	"9"	"Noble, Cameron"	"Kelleway, Miss Gay"	"5f "	"6"	"5"	"16"	"16"
"19:10:00"	"2017-08-22"	"Yarmouth"	"Fieldsman (USA)"	"2.50"	"3.74"	"Handicap"	"2"	"7"	"Sousa, Silvestre De"	"OMeara, D"	"7f "	"4"	"10"	"2"	"11"
"18:40:00"	"2017-08-22"	"Yarmouth"	"Langham"	"25.00"	"43.09"	"Handicap"	"9"	"11"	"Rawlinson, Ali"	"Appleby, M"	"1m "	"6"	"8"	"8"	"10"
"18:10:00"	"2017-08-22"	"Yarmouth"	"Silently"	"10.00"	"15.97"	"Maiden"	"5"	"9"	"Downing, George"	"Kubler, Daniel"	"6f "	"6"	"8"	"2"	"10"
"19:20:00"	"2017-08-21"	"Windsor"	"Lydias Place"	"4.50"	"5.85"	"Handicap"	"2"	"7"	"Hornby, Rob"	"Guest, R C"	"5f "	"4"	"5"	"3"	"8"
"17:45:00"	"2017-08-21"	"Thirsk"	"Mitchum"	"8.00"	"11.44"	"Handicap"	"5"	"12"	"Brotherton, Miss S"	"Barr, R E"	"6f "	"6"	"6"	"4"	"12"
"17:45:00"	"2017-08-21"	"Thirsk"	"Rose Eclair"	"3.50"	"4.91"	"Handicap"	"6"	"12"	"Easterby, Miss E"	"Easterby, T D"	"6f "	"6"	"6"	"3"	"10"
"17:45:00"	"2017-08-21"	"Thirsk"	"Very First Blade"	"28.00"	"46"	"Handicap"	"8"	"12"	"Mullineaux, Miss M"	"Mullineaux, M"	"6f "	"6"	"3"	"7"	"9"
"17:45:00"	"2017-08-21"	"Thirsk"	"Ss Vega"	"22.00"	"29.23"	"Handicap"	"9"	"12"	"Hill, Miss R"	"Goldie, J S"	"6f "	"6"	"9"	"5"	"11"
"16:00:00"	"2017-08-21"	"Lingfield"	"Bint Dandy (IRE)"	"6.50"	"9.32"	"Handicap"	"3"	"5"	"Sousa, Silvestre De"	"Dwyer, C A"	"7.5f "	"3"	"3"	"6"	"7"
"15:45:00"	"2017-08-21"	"Thirsk"	"Memories Galore (IRE)"	"33.00"	"35.43"	"Handicap"	"1"	"19"	"Hamilton, Tony"	"Fell, R / Murray, S"	"5f "	"4"	"9"	"5"	"9"
"15:45:00"	"2017-08-21"	"Thirsk"	"Interlink (USA)"	"6.00"	"8.1"	"Handicap"	"17"	"19"	"Stott, Kevin"	"Appleby, M"	"5f "	"4"	"3"	"3"	"11"
"15:40:00"	"2017-08-19"	"Doncaster"	"Captain Lars (SAF)"	"16.00"	"22.35"	"Handicap"	"5"	"13"	"Jones, Mr A T"	"Shaw, D"	"5f "	"3"	"7"	"2"	"12"
"15:40:00"	"2017-08-19"	"Doncaster"	"Signore Piccolo"	"11.00"	"14.5"	"Handicap"	"8"	"13"	"Donohoe, Stephen"	"Loughnane, David"	"5f "	"3"	"7"	"4"	"12"
"14:10:00"	"2017-08-19"	"Newmarket (July)"	"Le Manege Enchante (IRE)"	"14.00"	"22.03"	"Handicap"	"6"	"12"	"Mathers, Patrick"	"Shaw, D"	"6f "	"4"	"4"	"1"	"10"
"14:10:00"	"2017-08-19"	"Newmarket (July)"	"Champagne Bob"	"14.00"	"19.5"	"Handicap"	"9"	"12"	"Malune, Gabriele"	"Price, R J"	"6f "	"4"	"9"	"7"	"9"
"14:10:00"	"2017-08-19"	"Newmarket (July)"	"Jersey Breeze (IRE)"	"16.00"	"20"	"Handicap"	"12"	"12"	"Egan, John"	"Channon, M R"	"6f "	"4"	"8"	"9"	"11"
"13:55:00"	"2017-08-19"	"Doncaster"	"Insurplus (IRE)"	"6.00"	"8"	"Handicap"	"3"	"10"	"Mooney, Sean"	"Goldie, J S"	"7f "	"5"	"7"	"2"	"11"
"13:55:00"	"2017-08-19"	"Doncaster"	"Slemy (IRE)"	"20.00"	"21.92"	"Handicap"	"9"	"10"	"Mullen, Andrew"	"Carr, Mrs R A"	"7f "	"5"	"9"	"14"	"14"
"13:25:00"	"2017-08-19"	"Doncaster"	"Mr Conundrum"	"100.00"	"503.94"	"Handicap"	"10"	"12"	"Aspell, P"	"Siddall, Miss L C"	"7f "	"5"	"9"	"9"	"9"
"19:55:00"	"2017-08-18"	"Newmarket (July)"	"Bint Dandy (IRE)"	"7.00"	"10.69"	"Handicap"	"6"	"7"	"Sousa, Silvestre De"	"Dwyer, C A"	"1m "	"3"	"9"	"2"	"5"
"19:40:00"	"2017-08-18"	"Catterick"	"Perfect Words (IRE)"	"5.00"	"7.05"	"Handicap"	"1"	"9"	"Shaw, Harrison"	"Fife, Mrs Marjorie"	"5f "	"6"	"3"	"5"	"12"
"19:40:00"	"2017-08-18"	"Catterick"	"Lady Joanna Vassa (IRE)"	"2.75"	"4.1"	"Handicap"	"3"	"9"	"Beasley, Connor"	"Guest, R C"	"5f "	"6"	"4"	"3"	"7"
"19:40:00"	"2017-08-18"	"Catterick"	"Windforpower (IRE)"	"8.00"	"11.5"	"Handicap"	"5"	"9"	"Curtis, B A"	"Waggott, Miss Tracy"	"5f "	"6"	"1"	"6"	"10"
"18:50:00"	"2017-08-18"	"Newmarket (July)"	"Pacific Salt (IRE)"	"5.00"	"7.2"	"Handicap"	"3"	"9"	"Shepherd, Callum"	"Sly, Mrs P"	"1m "	"5"	"10"	"1"	"6"
"18:50:00"	"2017-08-18"	"Newmarket (July)"	"Adventureman"	"10.00"	"13.5"	"Handicap"	"8"	"9"	"Sullivan, James P"	"Carr, Mrs R A"	"1m "	"5"	"7"	"2"	"10"
"17:50:00"	"2017-08-18"	"Newmarket (July)"	"Cosmic Chatter"	"7.00"	"8.94"	"Handicap"	"6"	"11"	"Sullivan, James P"	"Carr, Mrs R A"	"6f "	"4"	"9"	"1"	"7"
"16:20:00"	"2017-08-18"	"Newbury"	"Under The Covers"	"20.00"	"26.15"	"Handicap"	"1"	"6"	"Hitchcott, Sam"	"Harris, R A"	"5f "	"4"	"7"	"10"	"11"
"15:00:00"	"2017-08-18"	"Nottingham"	"Specialv (IRE)"	"7.00"	"9.4"	"Handicap"	"6"	"7"	"Curtis, B A"	"Ellison, B"	"6f "	"4"	"8"	"1"	"9"
"14:40:00"	"2017-08-18"	"Newbury"	"Cricklewood Green (USA)"	"7.00"	"9.11"	"Handicap"	"2"	"16"	"Godwin, Mitch"	"Kirk, S"	"1m "	"4"	"9"	"4"	"12"
"14:40:00"	"2017-08-18"	"Newbury"	"Exceeding Power"	"25.00"	"39"	"Handicap"	"4"	"16"	"ONeill, Dane"	"Bosley, M R"	"1m "	"4"	"9"	"8"	"12"
"14:30:00"	"2017-08-18"	"Nottingham"	"Hamish Mcgonagain"	"1.63"	"2.82"	"Handicap"	"1"	"9"	"Tudhope, Daniel"	"OMeara, D"	"5f "	"6"	"6"	"3"	"11"
"14:30:00"	"2017-08-18"	"Nottingham"	"Ambitious Icarus"	"8.00"	"11.5"	"Handicap"	"4"	"9"	"Costello, Dougie"	"Guest, R C"	"5f "	"6"	"3"	"3"	"7"
"14:30:00"	"2017-08-18"	"Nottingham"	"Corridor Kid (IRE)"	"16.00"	"21.69"	"Handicap"	"6"	"9"	"Norton, Francis"	"Shaw, D"	"5f "	"6"	"5"	"5"	"6"
"20:15:00"	"2017-08-17"	"Chepstow"	"Tallys Song"	"50.00"	"180.67"	"Handicap"	"7"	"10"	"Norton, Francis"	"Harris, Miss G"	"6f "	"5"	"8"	"5"	"6"
"20:00:00"	"2017-08-17"	"Yarmouth"	"Camino"	"6.00"	"7.2"	"Handicap"	"2"	"14"	"Lane, Martin"	"Brown, Andi"	"5f "	"6"	"6"	"7"	"10"
"19:45:00"	"2017-08-17"	"Chepstow"	"Major Valentine"	"2.50"	"3.7"	"Handicap"	"3"	"5"	"Robinson, Ben"	"Oshea, J G M"	"5f "	"4"	"4"	"2"	"5"
"19:15:00"	"2017-08-17"	"Chepstow"	"Dodgy Bob"	"7.00"	"10"	"Handicap"	"2"	"8"	"Dennis, Phil"	"Mullineaux, M"	"5f "	"6"	"7"	"6"	"9"
"19:00:00"	"2017-08-17"	"Yarmouth"	"Caledonian Gold"	"6.00"	"8.6"	"Handicap"	"4"	"16"	"Noble, Cameron"	"DArcy, P W"	"7f "	"6"	"7"	"2"	"7"
"18:30:00"	"2017-08-17"	"Yarmouth"	"Zaeem"	"8.00"	"9.63"	"Handicap"	"9"	"11"	"Fernandes, Manuel"	"Furtado, Ivan"	"7f "	"5"	"8"	"5"	"12"
"18:30:00"	"2017-08-17"	"Yarmouth"	"Flying Fantasy"	"8.00"	"10.28"	"Handicap"	"10"	"11"	"Brock, Danny"	"Appleby, M"	"7f "	"5"	"7"	"1"	"7"
"16:50:00"	"2017-08-17"	"Salisbury"	"Posh Bounty"	"25.00"	"51.68"	"Handicap"	"12"	"12"	"Dobbs, Pat"	"Burgoyne, P"	"6f "	"5"	"5"	"5"	"7"
"16:10:00"	"2017-08-17"	"Beverley"	"Bond Bombshell"	"10.00"	"14.68"	"Handicap"	"5"	"10"	"Doyle, Josh"	"OMeara, D"	"5f "	"5"	"9"	"10"	"10"
"16:10:00"	"2017-08-17"	"Beverley"	"Windforpower (IRE)"	"14.00"	"20.85"	"Handicap"	"6"	"10"	"Curtis, B A"	"Waggott, Miss Tracy"	"5f "	"5"	"9"	"5"	"10"
"16:10:00"	"2017-08-17"	"Beverley"	"Tinsill"	"33.00"	"65"	"Handicap"	"8"	"10"	"Doyle, Joe"	"Tinkler, N"	"5f "	"5"	"10"	"12"	"12"
"16:10:00"	"2017-08-17"	"Beverley"	"First Bombardment"	"7.00"	"11.85"	"Handicap"	"10"	"10"	"Vaughan, Patrick"	"OMeara, D"	"5f "	"5"	"5"	"11"	"11"
"14:50:00"	"2017-08-17"	"Salisbury"	"Aye Aye Skipper (IRE)"	"10.00"	"13.56"	"Handicap"	"8"	"12"	"Dobbs, Pat"	"Cunningham-Brown, K O"	"1m "	"6"	"7"	"5"	"12"
"14:50:00"	"2017-08-17"	"Salisbury"	"Red Dragon (IRE)"	"12.00"	"17.5"	"Handicap"	"9"	"12"	"Hornby, Rob"	"Blanshard, M"	"1m "	"6"	"10"	"1"	"14"
"14:20:00"	"2017-08-17"	"Salisbury"	"Rocket Ronnie (IRE)"	"16.00"	"22.65"	"Handicap"	"6"	"14"	"Morris, Luke"	"Barr, Brian"	"1m "	"6"	"6"	"3"	"9"
"17:45:00"	"2017-08-16"	"Beverley"	"Muatadel"	"1.88"	"3.05"	"Handicap"	"1"	"10"	"Hamilton, Tony"	"Fell, R / Murray, S"	"5f "	"5"	"7"	"2"	"10"
"17:45:00"	"2017-08-16"	"Beverley"	"Crosse Fire"	"11.00"	"17.5"	"Handicap"	"8"	"10"	"Allan, David"	"Dixon, Scott"	"5f "	"5"	"7"	"8"	"10"
"16:50:00"	"2017-08-16"	"Salisbury"	"Intimately"	"9.00"	"11.55"	"Handicap"	"12"	"13"	"Jamin, Pierre-Louis"	"Portman, J G"	"7f "	"5"	"6"	"4"	"7"
"14:50:00"	"2017-08-16"	"Salisbury"	"Lydias Place"	"12.00"	"16.14"	"Handicap"	"3"	"8"	"Hornby, Rob"	"Guest, R C"	"5f "	"4"	"7"	"3"	"5"
"14:50:00"	"2017-08-16"	"Salisbury"	"Flowing Clarets"	"9.00"	"10.91"	"Handicap"	"6"	"8"	"ONeill, K T"	"Bridger, J / Cook, R"	"5f "	"4"	"9"	"2"	"7"
"19:55:00"	"2017-08-15"	"Nottingham"	"Fantasy Justifier (IRE)"	"5.00"	"7.17"	"Handicap"	"2"	"11"	"Berry, F M"	"Harris, R A"	"6f "	"6"	"10"	"3"	"9"
"19:55:00"	"2017-08-15"	"Nottingham"	"Robbian"	"12.00"	"17.06"	"Handicap"	"3"	"11"	"Robinson, Ben"	"Smith, C"	"6f "	"6"	"7"	"6"	"11"
"19:25:00"	"2017-08-15"	"Nottingham"	"Classic Pursuit"	"6.00"	"7.92"	"Handicap"	"1"	"7"	"Ffrench, Royston"	"Appleby, M"	"5f "	"5"	"2"	"3"	"6"
"19:25:00"	"2017-08-15"	"Nottingham"	"Operative"	"3.00"	"4.2"	"Handicap"	"2"	"7"	"Kirby, Adam"	"De Giles, Ed"	"5f "	"5"	"7"	"2"	"8"
"19:25:00"	"2017-08-15"	"Nottingham"	"Ambitious Icarus"	"8.50"	"12.02"	"Handicap"	"3"	"7"	"Hornby, Rob"	"Guest, R C"	"5f "	"5"	"7"	"3"	"8"
"18:55:00"	"2017-08-15"	"Nottingham"	"Green Door (IRE)"	"8.00"	"10.5"	"Non-Handicap"	"3"	"6"	"Berry, F M"	"Cowell, R M H"	"5f "	"3"	"3"	"7"	"10"
"16:00:00"	"2017-08-15"	"Thirsk"	"Rose Eclair"	"3.33"	"4.5"	"Handicap"	"3"	"10"	"Allan, David"	"Easterby, T D"	"6f "	"6"	"7"	"7"	"11"
"16:00:00"	"2017-08-15"	"Thirsk"	"Etienne Gerard"	"4.00"	"5.4"	"Handicap"	"7"	"10"	"Edmunds, Lewis"	"Tinkler, N"	"6f "	"6"	"5"	"5"	"14"
"16:00:00"	"2017-08-15"	"Thirsk"	"Firesnake (IRE)"	"8.00"	"11.85"	"Handicap"	"8"	"10"	"Rodriguez, Callum"	"Williamson, Mrs L"	"6f "	"6"	"7"	"1"	"9"
"15:30:00"	"2017-08-15"	"Thirsk"	"Hadley"	"3.00"	"4.52"	"Handicap"	"1"	"12"	"Curtis, B A"	"Waggott, Miss Tracy"	"6f "	"6"	"7"	"3"	"10"
"15:30:00"	"2017-08-15"	"Thirsk"	"Perfect Words (IRE)"	"8.00"	"9.6"	"Handicap"	"5"	"12"	"Shaw, Harrison"	"Fife, Mrs Marjorie"	"6f "	"6"	"7"	"1"	"10"
"20:10:00"	"2017-08-14"	"Windsor"	"Fortune And Glory (USA)"	"20.00"	"25.37"	"Maiden"	"8"	"10"	"Greatrex, Edward"	"Tuite, Joseph"	"5f "	"5"	"2"	"5"	"5"
"17:40:00"	"2017-08-14"	"Windsor"	"Wild Flower (IRE)"	"1.75"	"2.78"	"Handicap"	"1"	"12"	"Nicholls, Miss M"	"Fox, J C"	"6f "	"6"	"6"	"3"	"9"
"16:15:00"	"2017-08-14"	"Ayr"	"Lady Joanna Vassa (IRE)"	"2.25"	"3.35"	"Handicap"	"3"	"7"	"Fanning, Joe"	"Guest, R C"	"5f "	"6"	"6"	"2"	"10"
"16:15:00"	"2017-08-14"	"Ayr"	"Brendan (IRE)"	"20.00"	"30.63"	"Handicap"	"7"	"7"	"Evans, Nathan"	"Goldie, J S"	"5f "	"6"	"10"	"6"	"7"
"15:45:00"	"2017-08-14"	"Ayr"	"JacobS Pillow"	"12.00"	"16"	"Handicap"	"2"	"9"	"Scott, Rowan"	"Bastiman, Rebecca"	"6f "	"5"	"9"	"1"	"6"
"15:45:00"	"2017-08-14"	"Ayr"	"Rosenborg Rider (IRE)"	"5.50"	"7.04"	"Handicap"	"6"	"9"	"Whelan, R P"	"McGuinness, Adrian"	"6f "	"5"	"7"	"4"	"11"
"15:45:00"	"2017-08-14"	"Ayr"	"Sahreej (IRE)"	"4.00"	"5.14"	"Handicap"	"7"	"9"	"Sheehy, Danny"	"Keatley, Adrian Paul"	"6f "	"5"	"3"	"2"	"8"
"17:20:00"	"2017-08-13"	"Leicester"	"Billyoakes (IRE)"	"12.00"	"17"	"Handicap"	"6"	"6"	"Curtis, B A"	"Wallis, Charlie"	"5f "	"6"	"5"	"7"	"9"
"16:35:00"	"2017-08-13"	"Windsor"	"Major Valentine"	"2.00"	"3.03"	"Handicap"	"2"	"5"	"Robinson, Ben"	"Oshea, J G M"	"5f "	"5"	"10"	"3"	"8"
"19:20:00"	"2017-08-12"	"Ayr"	"Economic Crisis (IRE)"	"20.00"	"28.24"	"Handicap"	"4"	"9"	"Mathers, Patrick"	"Teague, C J"	"5f "	"4"	"8"	"6"	"11"
"17:05:00"	"2017-08-12"	"Haydock"	"Show Palace"	"4.00"	"6"	"Handicap"	"1"	"11"	"Fanning, Joe"	"Candlish, Jennie"	"5f "	"5"	"9"	"1"	"8"
"17:05:00"	"2017-08-12"	"Haydock"	"Red Stripes (USA)"	"16.00"	"21"	"Handicap"	"2"	"11"	"Probert, David"	"Williamson, Mrs L"	"5f "	"5"	"5"	"6"	"12"
"17:05:00"	"2017-08-12"	"Haydock"	"Big Amigo (IRE)"	"40.00"	"114.63"	"Handicap"	"7"	"11"	"Eley, T"	"Loughnane, Daniel Mark"	"5f "	"5"	"8"	"10"	"10"
"16:35:00"	"2017-08-12"	"Haydock"	"Captain Lars (SAF)"	"25.00"	"28.04"	"Handicap"	"2"	"12"	"Jones, Mr A T"	"Shaw, D"	"6f "	"4"	"8"	"4"	"9"
"16:35:00"	"2017-08-12"	"Haydock"	"Lathom"	"7.00"	"8.83"	"Handicap"	"7"	"12"	"Tudhope, Daniel"	"OMeara, D"	"6f "	"4"	"8"	"4"	"11"
"16:35:00"	"2017-08-12"	"Haydock"	"Gabrial The Tiger (IRE)"	"5.50"	"6.44"	"Handicap"	"10"	"12"	"Hanagan, Paul"	"Fahey, R A"	"6f "	"4"	"6"	"2"	"8"
"16:35:00"	"2017-08-12"	"Haydock"	"Lucky Beggar (IRE)"	"8.00"	"10.5"	"Handicap"	"12"	"12"	"Allan, David"	"Griffiths, D C"	"6f "	"4"	"7"	"7"	"16"
"15:50:00"	"2017-08-12"	"Redcar"	"Zodiakos (IRE)"	"3.50"	"5.14"	"Handicap"	"1"	"8"	"McNamara, Adam"	"Fell, R / Murray, S"	"1m "	"4"	"7"	"5"	"17"
"14:40:00"	"2017-08-12"	"Redcar"	"Ninjago"	"16.00"	"22"	"Handicap"	"5"	"10"	"Hardie, Cameron"	"Midgley, P T"	"6f "	"4"	"7"	"8"	"9"
"14:40:00"	"2017-08-12"	"Redcar"	"Kenny The Captain (IRE)"	"5.50"	"7.57"	"Handicap"	"7"	"10"	"Dodsworth, Robert"	"Easterby, T D"	"6f "	"4"	"5"	"4"	"10"
"14:40:00"	"2017-08-12"	"Redcar"	"Tommy G"	"2.00"	"3.2"	"Handicap"	"10"	"10"	"Makin, Phillip"	"Goldie, J S"	"6f "	"4"	"7"	"2"	"16"
"20:20:00"	"2017-08-11"	"Haydock"	"Ayresome Angel"	"2.25"	"3.31"	"Handicap"	"4"	"6"	"Nolan, D"	"Mackie, J"	"5f "	"5"	"8"	"2"	"8"
"20:10:00"	"2017-08-11"	"Newmarket (July)"	"Major Pusey"	"1.75"	"2.9"	"Handicap"	"2"	"5"	"Buckell, Georgean"	"Gallagher, J"	"6f "	"3"	"4"	"2"	"8"
"17:10:00"	"2017-08-10"	"Yarmouth"	"Himalayan Queen"	"3.00"	"4.3"	"Handicap"	"7"	"7"	"Miller, Aarron"	"Jarvis, W"	"7f "	"5"	"10"	"2"	"11"
"15:20:00"	"2017-08-10"	"Haydock"	"Specialv (IRE)"	"4.50"	"6.2"	"Handicap"	"1"	"9"	"Curtis, B A"	"Ellison, B"	"6f "	"5"	"10"	"3"	"8"
"15:20:00"	"2017-08-10"	"Haydock"	"Danish Duke (IRE)"	"2.75"	"4.2"	"Handicap"	"3"	"9"	"Sullivan, James P"	"Carr, Mrs R A"	"6f "	"5"	"6"	"1"	"11"
"15:20:00"	"2017-08-10"	"Haydock"	"Casterbridge"	"8.50"	"9.89"	"Handicap"	"5"	"9"	"Hanagan, Paul"	"Alston, E J"	"6f "	"5"	"7"	"5"	"8"
"15:20:00"	"2017-08-10"	"Haydock"	"Mr Conundrum"	"66.00"	"146.36"	"Handicap"	"9"	"9"	"Aspell, P"	"Siddall, Miss L C"	"6f "	"5"	"10"	"11"	"11"
"19:45:00"	"2017-08-09"	"Yarmouth"	"Whispered Kiss"	"0.57"	"1.62"	"Handicap"	"1"	"6"	"Buckell, Georgean"	"Murphy, Mike"	"7f "	"5"	"4"	"1"	"11"
"14:45:00"	"2017-08-08"	"Catterick"	"Perfect Words (IRE)"	"6.00"	"7.89"	"Handicap"	"1"	"10"	"Shaw, Harrison"	"Fife, Mrs Marjorie"	"5f "	"6"	"1"	"4"	"12"
"14:45:00"	"2017-08-08"	"Catterick"	"Lady Joanna Vassa (IRE)"	"3.00"	"4.9"	"Handicap"	"2"	"10"	"Beasley, Connor"	"Guest, R C"	"5f "	"6"	"5"	"2"	"9"
"14:45:00"	"2017-08-08"	"Catterick"	"Hadley"	"3.50"	"4.9"	"Handicap"	"3"	"10"	"Curtis, B A"	"Waggott, Miss Tracy"	"5f "	"6"	"10"	"2"	"12"
"14:45:00"	"2017-08-08"	"Catterick"	"Windforpower (IRE)"	"8.00"	"10.17"	"Handicap"	"5"	"10"	"Robinson, Ben"	"Waggott, Miss Tracy"	"5f "	"6"	"7"	"2"	"6"
"14:30:00"	"2017-08-08"	"Leicester"	"Ambitious Icarus"	"12.00"	"18.43"	"Handicap"	"3"	"8"	"Keniry, L P"	"Guest, R C"	"6f "	"5"	"10"	"1"	"12"
"20:15:00"	"2017-08-07"	"Windsor"	"John Joiner"	"3.50"	"4.9"	"Handicap"	"3"	"7"	"Gordon, Josephine"	"Hedger, P R"	"5f "	"5"	"9"	"3"	"11"
"20:15:00"	"2017-08-07"	"Windsor"	"Torment"	"8.00"	"9.94"	"Handicap"	"6"	"7"	"Egan, David"	"Wallis, Charlie"	"5f "	"5"	"2"	"6"	"9"
"18:45:00"	"2017-08-07"	"Windsor"	"Major Pusey"	"8.00"	"10.95"	"Handicap"	"2"	"8"	"Sweeney, Fergus"	"Gallagher, J"	"6f "	"3"	"9"	"3"	"7"
"18:45:00"	"2017-08-07"	"Windsor"	"Ashpan Sam"	"16.00"	"19.15"	"Handicap"	"7"	"8"	"Carson, William"	"Drinkwater, David W"	"6f "	"3"	"9"	"5"	"13"
"18:00:00"	"2017-08-07"	"Carlisle"	"Cliff (IRE)"	"6.00"	"7.97"	"Handicap"	"1"	"10"	"McManoman, Faye"	"Tinkler, N"	"6f "	"5"	"10"	"4"	"17"
"18:00:00"	"2017-08-07"	"Carlisle"	"Ticks The Boxes (IRE)"	"7.50"	"9.67"	"Handicap"	"3"	"10"	"Doyle, Hollie"	"Wainwright, J S"	"6f "	"5"	"3"	"3"	"11"
"18:00:00"	"2017-08-07"	"Carlisle"	"General Alexander (IRE)"	"20.00"	"27"	"Handicap"	"7"	"10"	"Nicholls, Miss M"	"Ellison, B"	"6f "	"5"	"10"	"17"	"17"
"17:30:00"	"2017-08-07"	"Carlisle"	"Knockamany Bends (IRE)"	"6.50"	"7.8"	"Handicap"	"2"	"12"	"Doyle, Hollie"	"Wainwright, J S"	"5f "	"6"	"5"	"11"	"14"
"17:30:00"	"2017-08-07"	"Carlisle"	"Perfect Words (IRE)"	"4.50"	"6.52"	"Handicap"	"4"	"12"	"Smith, Becky"	"Fife, Mrs Marjorie"	"5f "	"6"	"7"	"4"	"11"
"17:30:00"	"2017-08-07"	"Carlisle"	"Reflation"	"66.00"	"103.09"	"Handicap"	"7"	"12"	"McCain, Abbie"	"Holmes, P F"	"5f "	"6"	"3"	"11"	"11"
"17:30:00"	"2017-08-07"	"Carlisle"	"A J Cook (IRE)"	"5.50"	"7.92"	"Handicap"	"10"	"12"	"Richardson, Rachel"	"Barr, R E"	"5f "	"6"	"5"	"4"	"14"
"17:30:00"	"2017-08-07"	"Carlisle"	"Tinsill"	"20.00"	"28.41"	"Handicap"	"12"	"12"	"Birkett, Shelley"	"Tinkler, N"	"5f "	"6"	"9"	"10"	"12"
"16:55:00"	"2017-08-07"	"Curragh"	"Enter The Red (IRE)"	"4.50"	"5.6"	"Handicap"	"2"	"11"	"Hayes, C D"	"Howard, Aidan Anthony"	"6f "	"0"	"9"	"2"	"8"
"16:55:00"	"2017-08-07"	"Curragh"	"Rosenborg Rider (IRE)"	"20.00"	"36"	"Handicap"	"4"	"11"	"Cleary, R P"	"McGuinness, Adrian"	"6f "	"0"	"6"	"11"	"18"
"16:25:00"	"2017-08-07"	"Curragh"	"Mo Henry"	"16.00"	"28"	"Handicap"	"3"	"30"	"Sheehy, Danny"	"Keatley, Adrian Paul"	"6f "	"0"	"6"	"13"	"16"
"16:25:00"	"2017-08-07"	"Curragh"	"Molans Mare (IRE)"	"20.00"	"38"	"Handicap"	"14"	"30"	"Melia, Damien"	"Clarke, Keith Henry"	"6f "	"0"	"10"	"8"	"12"
"16:25:00"	"2017-08-07"	"Curragh"	"Tom Dooley (IRE)"	"11.00"	"17"	"Handicap"	"15"	"30"	"Davis, Sean"	"OBrien, Richard John"	"6f "	"0"	"10"	"6"	"14"
"16:25:00"	"2017-08-07"	"Curragh"	"Mr Michael (IRE)"	"12.00"	"22.74"	"Handicap"	"26"	"30"	"Foley, Shane"	"Joyce, Adrian Brendan"	"6f "	"0"	"10"	"1"	"12"
"16:25:00"	"2017-08-07"	"Curragh"	"Sbraase"	"25.00"	"103.36"	"Handicap"	"30"	"30"	"Kirrane, Sean"	"Levins, J F"	"6f "	"0"	"6"	"16"	"16"
"16:00:00"	"2017-08-07"	"Salisbury"	"Red Dragon (IRE)"	"28.00"	"46"	"Handicap"	"1"	"14"	"Hornby, Rob"	"Blanshard, M"	"1m "	"6"	"10"	"7"	"9"
"16:00:00"	"2017-08-07"	"Salisbury"	"Edge (IRE)"	"12.00"	"15.16"	"Handicap"	"3"	"14"	"Murphy, Timmy"	"Llewellyn, B J"	"1m "	"6"	"9"	"5"	"9"
"15:45:00"	"2017-08-07"	"Ripon"	"Avon Breeze"	"12.00"	"15.58"	"Handicap"	"1"	"9"	"Edmunds, Lewis"	"Whitaker, R M"	"6f "	"3"	"1"	"5"	"5"
"15:45:00"	"2017-08-07"	"Ripon"	"Bossipop"	"2.75"	"3.95"	"Handicap"	"2"	"9"	"Allan, David"	"Easterby, T D"	"6f "	"3"	"8"	"1"	"14"
"15:45:00"	"2017-08-07"	"Ripon"	"Jaywalker (IRE)"	"8.00"	"9.4"	"Handicap"	"3"	"9"	"Tudhope, Daniel"	"Bastiman, Rebecca"	"6f "	"3"	"9"	"12"	"15"
"15:45:00"	"2017-08-07"	"Ripon"	"Snap Shots (IRE)"	"4.00"	"5.53"	"Handicap"	"RR"	"9"	"McHugh, B"	"Coyle, Tony"	"6f "	"3"	"9"	"7"	"15"
"15:30:00"	"2017-08-07"	"Salisbury"	"Bubbles Arcade"	"80.00"	"301.58"	"Maiden"	"8"	"13"	"Carson, William"	"Millman, B R"	"1m "	"5"	"9"	"11"	"12"
"15:00:00"	"2017-08-07"	"Salisbury"	"Field of Vision (IRE)"	"4.50"	"5.49"	"Handicap"	"1"	"10"	"Murphy, Oisin"	"Tuite, Joseph"	"6f "	"5"	"10"	"6"	"17"
"20:15:00"	"2017-08-05"	"Lingfield"	"All Or Nothin (IRE)"	"12.00"	"17.48"	"Handicap"	"4"	"9"	"Uys, Jordan"	"Butler, P"	"6f "	"6"	"7"	"4"	"12"
"20:15:00"	"2017-08-05"	"Lingfield"	"Flying Sakhee"	"7.00"	"10.5"	"Handicap"	"5"	"9"	"Carson, William"	"Bridger, J / Cook, R"	"6f "	"6"	"7"	"6"	"11"
"20:15:00"	"2017-08-05"	"Lingfield"	"Torment"	"20.00"	"34"	"Handicap"	"6"	"9"	"Bryan, Joshua"	"Wallis, Charlie"	"6f "	"6"	"9"	"7"	"7"
"19:45:00"	"2017-08-05"	"Lingfield"	"Storm Melody"	"2.00"	"3.14"	"Handicap"	"5"	"6"	"Berry, F M"	"ONeill, Jonjo and AJ"	"7f "	"5"	"10"	"4"	"12"
"19:30:00"	"2017-08-05"	"Hamilton"	"Glenrowan Rose (IRE)"	"2.00"	"3.5"	"Non-Handicap"	"1"	"6"	"Lee, G"	"Dalgleish, Keith"	"5f "	"3"	"10"	"1"	"5"
"19:30:00"	"2017-08-05"	"Hamilton"	"Elysian Flyer (IRE)"	"22.00"	"28.57"	"Non-Handicap"	"3"	"6"	"Doyle, Joe"	"Midgley, P T"	"5f "	"3"	"7"	"7"	"7"
"19:00:00"	"2017-08-05"	"Hamilton"	"JacobS Pillow"	"6.00"	"8.06"	"Handicap"	"1"	"6"	"Beasley, Connor"	"Bastiman, Rebecca"	"6f "	"4"	"6"	"8"	"12"
"19:00:00"	"2017-08-05"	"Hamilton"	"Royal Connoisseur (IRE)"	"4.00"	"5.43"	"Handicap"	"2"	"6"	"McNamara, Adam"	"Fahey, R A"	"6f "	"4"	"6"	"7"	"14"
"19:00:00"	"2017-08-05"	"Hamilton"	"Kinglami"	"2.75"	"4.3"	"Handicap"	"4"	"6"	"Robinson, Ben"	"Oshea, J G M"	"6f "	"4"	"2"	"1"	"6"
"17:40:00"	"2017-08-05"	"Thirsk"	"Zapper Cass (FR)"	"20.00"	"28.61"	"Handicap"	"9"	"9"	"Hardie, Cameron"	"Coyle, Tony"	"6f "	"4"	"10"	"6"	"11"
"17:30:00"	"2017-08-05"	"Newmarket (July)"	"Ross Raith Rover"	"7.00"	"9.3"	"Handicap"	"8"	"11"	"Shepherd, Callum"	"Eddery, Robert"	"1m "	"4"	"1"	"3"	"12"
"17:15:00"	"2017-08-05"	"Lingfield"	"Arctic Flower (IRE)"	"1.88"	"3.09"	"Handicap"	"1"	"8"	"Uys, Jordan"	"Bridger, J / Cook, R"	"7.5f "	"6"	"7"	"1"	"12"
"17:15:00"	"2017-08-05"	"Lingfield"	"Bushwise (IRE)"	"18.00"	"30.05"	"Handicap"	"6"	"8"	"Naseb, Milly"	"Bradley, J M"	"7.5f "	"6"	"7"	"4"	"11"
"17:15:00"	"2017-08-05"	"Lingfield"	"Kristoff (IRE)"	"20.00"	"31.08"	"Handicap"	"7"	"8"	"Currie, Nicola"	"Boyle, J R"	"7.5f "	"6"	"7"	"5"	"12"
"20:50:00"	"2017-08-04"	"Musselburgh"	"Culloden"	"2.25"	"3.45"	"Handicap"	"1"	"7"	"Fernandes, Manuel"	"Harris, S A"	"5f "	"6"	"7"	"1"	"9"
"20:50:00"	"2017-08-04"	"Musselburgh"	"Brendan (IRE)"	"10.00"	"14.46"	"Handicap"	"6"	"7"	"Sullivan, James P"	"Goldie, J S"	"5f "	"6"	"10"	"3"	"6"
"20:30:00"	"2017-08-04"	"Newmarket (July)"	"Captain Lars (SAF)"	"40.00"	"95"	"Handicap"	"4"	"9"	"Jones, Mr A T"	"Shaw, D"	"6f "	"3"	"10"	"11"	"11"
"19:20:00"	"2017-08-04"	"Musselburgh"	"Fumbo Jumbo (IRE)"	"3.50"	"4.99"	"Handicap"	"3"	"11"	"Beasley, Connor"	"Dods, M"	"5f "	"3"	"9"	"3"	"5"
"19:20:00"	"2017-08-04"	"Musselburgh"	"Economic Crisis (IRE)"	"25.00"	"29.59"	"Handicap"	"6"	"11"	"Sullivan, James P"	"Teague, C J"	"5f "	"3"	"10"	"6"	"6"
"19:20:00"	"2017-08-04"	"Musselburgh"	"Apricot Sky"	"6.50"	"9.34"	"Handicap"	"10"	"11"	"Robinson, Ben"	"Ellison, B"	"5f "	"3"	"6"	"4"	"7"
"17:35:00"	"2017-08-04"	"Thirsk"	"Point Of Woods"	"4.00"	"5.48"	"Handicap"	"2"	"11"	"Quinn, Josh"	"Jackson, Miss T"	"6f "	"5"	"7"	"2"	"9"
"17:35:00"	"2017-08-04"	"Thirsk"	"Nellie Deen (IRE)"	"12.00"	"14.5"	"Handicap"	"5"	"11"	"Sanderson, Benjamin"	"Fell, R / Murray, S"	"6f "	"5"	"9"	"6"	"10"
"17:35:00"	"2017-08-04"	"Thirsk"	"Le Manege Enchante (IRE)"	"8.00"	"10"	"Handicap"	"7"	"11"	"Eley, T"	"Shaw, D"	"6f "	"5"	"8"	"4"	"11"
"17:35:00"	"2017-08-04"	"Thirsk"	"Burtonwood"	"8.00"	"10.89"	"Handicap"	"8"	"11"	"Gormley, Jamie"	"Camacho, Miss J A"	"6f "	"5"	"8"	"6"	"11"
"17:35:00"	"2017-08-04"	"Thirsk"	"Sea Of Green"	"6.00"	"8.43"	"Handicap"	"10"	"11"	"Lundie, K"	"Goldie, J S"	"6f "	"5"	"4"	"4"	"8"
"17:00:00"	"2017-08-04"	"Thirsk"	"Jabbarockie"	"4.50"	"3.24"	"Maiden"	"3"	"8"	"Farley, Neil"	"Alston, E J"	"5f "	"5"	"5"	"11"	"12"
"20:45:00"	"2017-08-03"	"Ffos Las"	"Lady Joanna Vassa (IRE)"	"5.00"	"6.6"	"Handicap"	"2"	"9"	"Hitchcott, Sam"	"Guest, R C"	"5f "	"6"	"5"	"6"	"12"
"20:45:00"	"2017-08-03"	"Ffos Las"	"Prominna"	"3.00"	"4.38"	"Handicap"	"4"	"9"	"Downing, George"	"Carroll, A W"	"5f "	"6"	"9"	"3"	"6"
"20:45:00"	"2017-08-03"	"Ffos Las"	"Diminutive (IRE)"	"8.00"	"9.22"	"Handicap"	"7"	"9"	"Fahy, J P"	"Harris, Miss G"	"5f "	"6"	"9"	"6"	"11"
"19:15:00"	"2017-08-03"	"Ffos Las"	"Kinglami"	"7.00"	"9.17"	"Handicap"	"1"	"6"	"Murphy, Timmy"	"Oshea, J G M"	"6f "	"4"	"6"	"1"	"6"
"17:05:00"	"2017-08-03"	"Nottingham"	"Show Palace"	"3.50"	"5.2"	"Handicap"	"1"	"8"	"Lee, G"	"Candlish, Jennie"	"5f "	"5"	"9"	"3"	"7"
"20:10:00"	"2017-08-02"	"Leicester"	"Jacksonfire"	"7.00"	"8.4"	"Handicap"	"2"	"8"	"Greatrex, Edward"	"Mullineaux, M"	"6f "	"5"	"7"	"3"	"12"
"20:10:00"	"2017-08-02"	"Leicester"	"Manipura"	"6.00"	"7.86"	"Handicap"	"3"	"8"	"Powell, Ryan"	"Shaw, D"	"6f "	"5"	"6"	"4"	"7"
"18:05:00"	"2017-08-02"	"Redcar"	"Nonno Giulio (IRE)"	"25.00"	"30.96"	"Handicap"	"3"	"15"	"Cooley, Miss J"	"Dore, C R"	"1m "	"6"	"6"	"7"	"7"
"18:05:00"	"2017-08-02"	"Redcar"	"Ingleby Spring (IRE)"	"4.50"	"5.46"	"Handicap"	"5"	"15"	"Garritty, Billy"	"Fahey, R A"	"1m "	"6"	"9"	"4"	"13"
"18:05:00"	"2017-08-02"	"Redcar"	"Thornaby Nash"	"8.00"	"9.43"	"Handicap"	"7"	"15"	"Pinchin, Miss L M"	"Tutty, Mrs K J"	"1m "	"6"	"9"	"6"	"13"
"18:05:00"	"2017-08-02"	"Redcar"	"Dylans Storm (IRE)"	"28.00"	"33.54"	"Handicap"	"12"	"15"	"McSharry, Miss F"	"Niven, P D"	"1m "	"6"	"10"	"9"	"12"
"17:30:00"	"2017-08-02"	"Redcar"	"Mighty Bond"	"40.00"	"55"	"Handicap"	"4"	"12"	"Ffrench, Royston"	"Waggott, Miss Tracy"	"6f "	"6"	"4"	"10"	"12"
"17:30:00"	"2017-08-02"	"Redcar"	"Mitchum"	"9.00"	"13.5"	"Handicap"	"6"	"12"	"Dennis, Phil"	"Barr, R E"	"6f "	"6"	"4"	"3"	"12"
"17:30:00"	"2017-08-02"	"Redcar"	"Jess"	"22.00"	"29.93"	"Handicap"	"12"	"12"	"Eaves, Tom"	"Ryan, K A"	"6f "	"6"	"7"	"3"	"9"
"16:55:00"	"2017-08-02"	"Redcar"	"A J Cook (IRE)"	"20.00"	"34"	"Handicap"	"4"	"14"	"Scott, Rowan"	"Barr, R E"	"6f "	"6"	"4"	"7"	"12"
"16:55:00"	"2017-08-02"	"Redcar"	"Be Bold"	"3.00"	"4.12"	"Handicap"	"5"	"14"	"Beasley, Connor"	"Bastiman, Rebecca"	"6f "	"6"	"7"	"1"	"10"
"16:55:00"	"2017-08-02"	"Redcar"	"Knockamany Bends (IRE)"	"14.00"	"21.09"	"Handicap"	"11"	"14"	"McHugh, B"	"Wainwright, J S"	"6f "	"6"	"3"	"5"	"12"
"16:30:00"	"2017-08-01"	"Yarmouth"	"Rosie Crowe (IRE)"	"3.50"	"5.69"	"Handicap"	"6"	"8"	"Bennett, Charlie"	"Harris, S A"	"7f "	"6"	"8"	"11"	"13"
"15:45:00"	"2017-08-01"	"Beverley"	"Musharrif"	"1.50"	"2.76"	"Handicap"	"4"	"6"	"Dennis, Phil"	"Carroll, D"	"5f "	"5"	"8"	"1"	"15"
"17:00:00"	"2017-07-31"	"Ayr"	"Cheeni"	"3.00"	"4.69"	"Handicap"	"5"	"11"	"Mooney, Sean"	"Goldie, J S"	"5f "	"6"	"7"	"1"	"9"
"16:30:00"	"2017-07-31"	"Ayr"	"Khelman (IRE)"	"8.00"	"10.16"	"Handicap"	"1"	"8"	"Hanagan, Paul"	"Fahey, R A"	"6f "	"4"	"10"	"4"	"6"
"16:30:00"	"2017-07-31"	"Ayr"	"Sea Of Green"	"9.00"	"10.63"	"Handicap"	"4"	"8"	"Mooney, Sean"	"Goldie, J S"	"6f "	"4"	"7"	"4"	"9"
"16:30:00"	"2017-07-31"	"Ayr"	"Gilmer (IRE)"	"4.00"	"5.5"	"Handicap"	"6"	"8"	"Eaves, Tom"	"Ewart, J P L"	"6f "	"4"	"2"	"9"	"12"
"20:00:00"	"2017-07-29"	"Lingfield"	"Arctic Flower (IRE)"	"2.50"	"3.85"	"Handicap"	"1"	"12"	"Crouch, Hector"	"Bridger, J / Cook, R"	"7f "	"6"	"7"	"1"	"13"
"20:00:00"	"2017-07-29"	"Lingfield"	"Live Dangerously"	"4.50"	"7.2"	"Handicap"	"2"	"12"	"ONeill, K T"	"Bridger, J / Cook, R"	"7f "	"6"	"10"	"3"	"10"
"20:00:00"	"2017-07-29"	"Lingfield"	"All Or Nothin (IRE)"	"25.00"	"35.62"	"Handicap"	"4"	"12"	"Brock, Danny"	"Butler, P"	"7f "	"6"	"7"	"7"	"10"
"19:15:00"	"2017-07-29"	"Salisbury"	"Blackadder"	"50.00"	"350"	"Maiden"	"8"	"8"	"Uys, Jordan"	"Gillard, Mark"	"6f "	"5"	"9"	"15"	"15"
"18:15:00"	"2017-07-29"	"Salisbury"	"The Perfect Show"	"50.00"	"88.41"	"Handicap"	"9"	"11"	"Begley, Mrs K F"	"Bradley, J M"	"5f "	"6"	"9"	"14"	"15"
"17:40:00"	"2017-07-29"	"Newmarket (July)"	"Diamond Lady"	"10.00"	"12.09"	"Handicap"	"2"	"7"	"Beschizza,Adam "	"Stone, W B"	"5f "	"4"	"10"	"5"	"7"
"16:45:00"	"2017-07-29"	"Ascot"	"Classic Seniority"	"6.50"	"8.51"	"Handicap"	"5"	"14"	"Smith, Becky"	"Fife, Mrs Marjorie"	"7f "	"3"	"8"	"1"	"14"
"16:45:00"	"2017-07-29"	"Ascot"	"Athassel"	"20.00"	"29.34"	"Handicap"	"9"	"14"	"MacKenzie, Ellie"	"Evans, P D"	"7f "	"3"	"9"	"2"	"8"
"16:45:00"	"2017-07-29"	"Ascot"	"Majestic Moon (IRE)"	"12.00"	"17.5"	"Handicap"	"10"	"14"	"Andrews, Gina"	"Feilden, Miss J"	"7f "	"3"	"10"	"3"	"7"
"19:50:00"	"2017-07-28"	"Chepstow"	"Minty Jones"	"7.00"	"10.5"	"Handicap"	"5"	"6"	"Greatrex, Edward"	"Mullineaux, M"	"5f "	"5"	"8"	"5"	"12"
"19:40:00"	"2017-07-28"	"Newmarket (July)"	"Tulip Dress"	"10.00"	"13"	"Handicap"	"4"	"8"	"Elliott, Jane"	"Carson, Anthony"	"1m "	"5"	"7"	"7"	"10"
"19:20:00"	"2017-07-28"	"Chepstow"	"Black Dave (IRE)"	"5.00"	"6.64"	"Handicap"	"5"	"6"	"Begley, Mrs K F"	"Evans, P D"	"1m "	"5"	"8"	"2"	"7"
"18:30:00"	"2017-07-28"	"York"	"Lexington Times (IRE)"	"6.50"	"8.16"	"Handicap"	"1"	"17"	"Sullivan, James P"	"Carr, Mrs R A"	"6f "	"4"	"7"	"2"	"6"
"18:30:00"	"2017-07-28"	"York"	"Field of Vision (IRE)"	"12.00"	"15.5"	"Handicap"	"6"	"17"	"Murphy, Oisin"	"Tuite, Joseph"	"6f "	"4"	"7"	"2"	"4"
"18:25:00"	"2017-07-28"	"Down Royal"	"Mr Michael (IRE)"	"6.00"	"8.68"	"Handicap"	"1"	"12"	"Foley, Shane"	"Joyce, Adrian Brendan"	"5f "	"0"	"5"	"3"	"18"
"18:25:00"	"2017-07-28"	"Down Royal"	"Pillar"	"6.50"	"7.88"	"Handicap"	"2"	"12"	"Whelan, R P"	"McGuinness, Adrian"	"5f "	"0"	"5"	"9"	"18"
"18:25:00"	"2017-07-28"	"Down Royal"	"Seaforth (IRE)"	"8.00"	"12.6"	"Handicap"	"10"	"12"	"Halpin, G P"	"Feane, John James"	"5f "	"0"	"8"	"9"	"13"
"18:20:00"	"2017-07-28"	"Chepstow"	"Posh Bounty"	"16.00"	"20.41"	"Handicap"	"9"	"9"	"Uys, Jordan"	"Burgoyne, P"	"7f "	"5"	"2"	"6"	"8"
"17:35:00"	"2017-07-28"	"Newmarket (July)"	"Ubla (IRE)"	"12.00"	"15.5"	"Handicap"	"3"	"7"	"Egan, David"	"Chapple-Hyam, Jane"	"1m "	"5"	"9"	"7"	"9"
"17:35:00"	"2017-07-28"	"Newmarket (July)"	"Midnight Whistler (USA)"	"3.33"	"4.4"	"Handicap"	"5"	"7"	"Wood, George"	"Meade, Freddie and Martyn"	"1m "	"5"	"8"	"1"	"6"
"17:35:00"	"2017-07-28"	"Newmarket (July)"	"Bollihope"	"7.00"	"9.27"	"Handicap"	"7"	"7"	"Costello, Dougie"	"Guest, R C"	"1m "	"5"	"4"	"3"	"8"
"17:05:00"	"2017-07-28"	"Thirsk"	"Point Of Woods"	"4.50"	"5.7"	"Handicap"	"2"	"9"	"Gormley, Jamie"	"Jackson, Miss T"	"5f "	"6"	"8"	"2"	"7"
"17:05:00"	"2017-07-28"	"Thirsk"	"Lydiate Lady"	"7.00"	"10.32"	"Handicap"	"5"	"9"	"ONeill, Ger"	"Alston, E J"	"5f "	"6"	"8"	"4"	"8"
"17:05:00"	"2017-07-28"	"Thirsk"	"Tinsill"	"14.00"	"19.34"	"Handicap"	"7"	"9"	"Wheatley, Zak"	"Tinkler, N"	"5f "	"6"	"10"	"3"	"13"
"17:05:00"	"2017-07-28"	"Thirsk"	"Quiet Warrior (IRE)"	"25.00"	"33.66"	"Handicap"	"9"	"9"	"Timby, Mr R"	"Easterby, M W"	"5f "	"6"	"8"	"6"	"6"
"16:55:00"	"2017-07-28"	"Ascot"	"Savannah Beau"	"20.00"	"29.31"	"Handicap"	"2"	"9"	"Jones, Mr A T"	"Shaw, D"	"5f "	"4"	"6"	"8"	"9"
"16:55:00"	"2017-07-28"	"Ascot"	"Midnight Malibu (IRE)"	"2.50"	"3.73"	"Handicap"	"3"	"9"	"Richardson, Rachel"	"Easterby, T D"	"5f "	"4"	"7"	"2"	"9"
"20:20:00"	"2017-07-27"	"Doncaster"	"Muatadel"	"7.50"	"10.75"	"Handicap"	"1"	"11"	"Hamilton, Tony"	"Fell, R / Murray, S"	"6f "	"5"	"7"	"1"	"7"
"20:20:00"	"2017-07-27"	"Doncaster"	"Buccaneers Vault (IRE)"	"8.00"	"10.21"	"Handicap"	"2"	"11"	"Bell, Samantha"	"Midgley, P T"	"6f "	"5"	"7"	"4"	"6"
"20:20:00"	"2017-07-27"	"Doncaster"	"Dandyleekie (IRE)"	"5.50"	"7.2"	"Handicap"	"7"	"11"	"Tudhope, Daniel"	"OMeara, D"	"6f "	"5"	"10"	"7"	"10"
"20:20:00"	"2017-07-27"	"Doncaster"	"Kommander Kirkup"	"7.00"	"8.49"	"Handicap"	"10"	"11"	"Mulrennan, Paul"	"Herrington,M "	"6f "	"5"	"6"	"3"	"12"
"17:25:00"	"2017-07-27"	"Yarmouth"	"In Kens Memory"	"5.00"	"7.4"	"Handicap"	"3"	"7"	"Dawson, R"	"Appleby, M"	"7f "	"5"	"8"	"2"	"9"
"17:25:00"	"2017-07-27"	"Yarmouth"	"Nonno Giulio (IRE)"	"66.00"	"166.71"	"Handicap"	"7"	"7"	"Queally, T P"	"Dore, C R"	"7f "	"5"	"6"	"8"	"10"
"16:25:00"	"2017-07-27"	"Yarmouth"	"Multi Quest"	"16.00"	"19.19"	"Handicap"	"9"	"10"	"Powell, Ryan"	"Long, J E"	"6f "	"6"	"5"	"3"	"10"
"19:20:00"	"2017-07-26"	"Leicester"	"African Blessing"	"8.00"	"9.87"	"Handicap"	"5"	"11"	"Curtis, B A"	"Barron, T D"	"7f "	"4"	"5"	"4"	"10"
"18:55:00"	"2017-07-26"	"Naas"	"Mo Henry"	"12.00"	"16.25"	"Handicap"	"1"	"20"	"Sheehy, Danny"	"Keatley, Adrian Paul"	"6f "	"0"	"3"	"10"	"18"
"18:55:00"	"2017-07-26"	"Naas"	"Master Bond"	"25.00"	"80"	"Handicap"	"7"	"20"	"McDonogh, D P"	"English, Damian Joseph"	"6f "	"0"	"4"	"9"	"16"
"16:00:00"	"2017-07-26"	"Catterick"	"Glenrowan Rose (IRE)"	"2.00"	"3.19"	"Handicap"	"1"	"5"	"Beasley, Connor"	"Dalgleish, Keith"	"5f "	"4"	"5"	"1"	"6"
"19:20:00"	"2017-07-25"	"Nottingham"	"Champagne Bob"	"4.00"	"5.2"	"Handicap"	"4"	"6"	"Begley, Mrs K F"	"Price, R J"	"6f "	"4"	"4"	"1"	"4"
"17:15:00"	"2017-07-25"	"Musselburgh"	"Our Place In Loule"	"2.25"	"3.51"	"Handicap"	"2"	"6"	"Mathers, Patrick"	"Wilson, N"	"5f "	"6"	"7"	"3"	"7"
"17:15:00"	"2017-07-25"	"Musselburgh"	"Bond Bombshell"	"1.88"	"3.05"	"Handicap"	"4"	"6"	"Tudhope, Daniel"	"OMeara, D"	"5f "	"6"	"5"	"3"	"7"
"15:15:00"	"2017-07-25"	"Musselburgh"	"Royal Brave (IRE)"	"2.50"	"3.83"	"Handicap"	"1"	"6"	"Scott, Rowan"	"Bastiman, Rebecca"	"5f "	"4"	"1"	"3"	"7"
"19:45:00"	"2017-07-24"	"Windsor"	"Atletico (IRE)"	"0.73"	"1.79"	"Handicap"	"1"	"7"	"Atzeni, Andrea"	"Varian, Roger"	"5f "	"3"	"10"	"5"	"11"
"19:45:00"	"2017-07-24"	"Windsor"	"Majestic Hero (IRE)"	"8.00"	"12.02"	"Handicap"	"7"	"7"	"Kirby, Adam"	"Harris, R A"	"5f "	"3"	"7"	"3"	"7"
"18:55:00"	"2017-07-24"	"Beverley"	"Astrophysics"	"50.00"	"99.9"	"Handicap"	"2"	"15"	"Aspell, P"	"Siddall, Miss L C"	"5f "	"5"	"10"	"8"	"8"
"15:05:00"	"2017-07-24"	"Ayr"	"Desert Ace (IRE)"	"16.00"	"18.67"	"Handicap"	"2"	"7"	"Nolan, D"	"Jardine, I"	"5f "	"4"	"10"	"6"	"8"
"14:30:00"	"2017-07-24"	"Ayr"	"Cheeni"	"5.50"	"7"	"Handicap"	"1"	"9"	"McDonald, P J"	"Goldie, J S"	"6f "	"6"	"10"	"4"	"11"
"14:30:00"	"2017-07-24"	"Ayr"	"Sea Of Green"	"3.33"	"4.94"	"Handicap"	"4"	"9"	"Mooney, Sean"	"Goldie, J S"	"6f "	"6"	"7"	"1"	"10"
"17:00:00"	"2017-07-23"	"Redcar"	"Alexandrakollontai (IRE)"	"16.00"	"23.18"	"Handicap"	"1"	"11"	"Scott, Rowan"	"Whillans, A C"	"1m "	"5"	"8"	"7"	"10"
"17:00:00"	"2017-07-23"	"Redcar"	"Totally Magic (IRE)"	"4.00"	"5.81"	"Handicap"	"2"	"11"	"Edmunds, Lewis"	"Whitaker, R M"	"1m "	"5"	"5"	"3"	"12"
"16:30:00"	"2017-07-23"	"Redcar"	"Highly Sprung (IRE)"	"5.50"	"6.8"	"Handicap"	"1"	"6"	"Fanning, Joe"	"Johnston, M"	"6f "	"4"	"8"	"6"	"7"
"16:30:00"	"2017-07-23"	"Redcar"	"Funding Deficit (IRE)"	"12.00"	"16"	"Handicap"	"5"	"6"	"Mooney, Sean"	"Goldie, J S"	"6f "	"4"	"9"	"14"	"18"
"20:15:00"	"2017-07-22"	"Lingfield"	"Prince Of Cardamom (IRE)"	"11.00"	"16.49"	"Handicap"	"6"	"13"	"Pilley, Mr P"	"Geake, J A"	"7f "	"6"	"2"	"5"	"15"
"20:15:00"	"2017-07-22"	"Lingfield"	"Popeswood (IRE)"	"14.00"	"15.78"	"Handicap"	"13"	"13"	"Bishop, Charles"	"Carter, Lee"	"7f "	"6"	"10"	"10"	"12"
"20:45:00"	"2017-07-21"	"Newmarket (July)"	"Commanche"	"8.00"	"10.5"	"Handicap"	"5"	"10"	"Sousa, Silvestre De"	"Dwyer, C A"	"7f "	"5"	"9"	"4"	"8"
"19:10:00"	"2017-07-21"	"Newmarket (July)"	"Ornate"	"3.50"	"5.27"	"Non-Handicap"	"1"	"7"	"Moore, Ryan"	"Cowell, R M H"	"5f "	"3"	"6"	"5"	"11"
"19:10:00"	"2017-07-21"	"Newmarket (July)"	"Goldream"	"2.50"	"3.65"	"Non-Handicap"	"3"	"7"	"Morris, Luke"	"Cowell, R M H"	"5f "	"3"	"6"	"6"	"11"
"17:25:00"	"2017-07-21"	"Newbury"	"Field of Vision (IRE)"	"1.88"	"2.91"	"Handicap"	"2"	"4"	"Scardifield, Sophie"	"Tuite, Joseph"	"6f "	"5"	"6"	"3"	"8"
"17:25:00"	"2017-07-21"	"Newbury"	"Oeil De Tigre (FR)"	"1.88"	"2.98"	"Handicap"	"3"	"4"	"Ralston, Sophie"	"Carroll, A W"	"6f "	"5"	"7"	"1"	"7"
"16:55:00"	"2017-07-21"	"Newbury"	"Cadeaux Boxer"	"5.50"	"7.05"	"Handicap"	"5"	"10"	"Fahy, J P"	"Smith, Martin"	"7f "	"5"	"8"	"2"	"11"
"13:50:00"	"2017-07-21"	"Haydock"	"Red Stripes (USA)"	"33.00"	"41.04"	"Handicap"	"5"	"9"	"Uys, Jordan"	"Williamson, Mrs L"	"5f "	"4"	"8"	"5"	"8"
"19:50:00"	"2017-07-20"	"Doncaster"	"Athassel"	"14.00"	"22"	"Handicap"	"2"	"8"	"McDonald, P J"	"Evans, P D"	"7f "	"3"	"6"	"3"	"7"
"17:40:00"	"2017-07-20"	"Doncaster"	"Muatadel"	"4.00"	"5.4"	"Handicap"	"1"	"7"	"Sanderson, Benjamin"	"Fell, R / Murray, S"	"5f "	"5"	"5"	"6"	"8"
"17:30:00"	"2017-07-20"	"Leicester"	"Jazz Legend (USA)"	"3.00"	"4.1"	"Handicap"	"1"	"7"	"Keenan, Darragh"	"Murphy, Olly"	"6f "	"6"	"9"	"5"	"12"
"16:30:00"	"2017-07-20"	"Chepstow"	"Lucky Clover"	"2.25"	"3.9"	"Handicap"	"2"	"12"	"ONeill, Dane"	"Saunders, M S"	"5f "	"6"	"8"	"1"	"12"
"16:30:00"	"2017-07-20"	"Chepstow"	"Mostashreqah"	"10.00"	"13.67"	"Handicap"	"6"	"12"	"Begley, Mrs K F"	"Bradley, J M"	"5f "	"6"	"8"	"7"	"12"
"16:30:00"	"2017-07-20"	"Chepstow"	"Tallys Song"	"16.00"	"25.69"	"Handicap"	"8"	"12"	"Dwyer, Martin"	"Harris, Miss G"	"5f "	"6"	"8"	"4"	"12"
"16:00:00"	"2017-07-20"	"Chepstow"	"Bonjour Steve"	"18.00"	"26.32"	"Handicap"	"4"	"9"	"Godwin, Mitch"	"Price, R J"	"6f "	"4"	"6"	"5"	"7"
"16:00:00"	"2017-07-20"	"Chepstow"	"Showmethewayavrilo"	"8.00"	"11"	"Handicap"	"6"	"9"	"ONeill, Dane"	"Saunders, M S"	"6f "	"4"	"8"	"3"	"10"
"15:50:00"	"2017-07-20"	"Leicester"	"One Big Surprise"	"14.00"	"19.4"	"Handicap"	"5"	"5"	"Marsh, Finley"	"Hughes, Richard"	"7f "	"4"	"9"	"2"	"5"
"15:25:00"	"2017-07-20"	"Chepstow"	"Harbour Patrol (IRE)"	"6.00"	"8.86"	"Handicap"	"1"	"15"	"Probert, David"	"Bastiman, Rebecca"	"7f "	"6"	"10"	"2"	"12"
"15:25:00"	"2017-07-20"	"Chepstow"	"Provoking (USA)"	"10.00"	"14.17"	"Handicap"	"12"	"15"	"Egan, John"	"Evans, P D"	"7f "	"6"	"9"	"4"	"11"
"15:25:00"	"2017-07-20"	"Chepstow"	"Bingo George (IRE)"	"25.00"	"47.14"	"Handicap"	"13"	"15"	"Berry, F M"	"Rimell, M G"	"7f "	"6"	"9"	"8"	"9"
"14:55:00"	"2017-07-20"	"Chepstow"	"Carcharias (IRE)"	"2.25"	"3.5"	"Handicap"	"7"	"7"	"Shepherd, Callum"	"De Giles, Ed"	"1m "	"5"	"6"	"2"	"8"
"14:30:00"	"2017-07-20"	"Hamilton"	"Picks Pinta"	"1.88"	"2.85"	"Handicap"	"2"	"8"	"Edmunds, Lewis"	"Riches, John"	"5f "	"6"	"7"	"3"	"14"
"14:30:00"	"2017-07-20"	"Hamilton"	"Rat Catcher (IRE)"	"33.00"	"75"	"Handicap"	"8"	"8"	"Hardie, Cameron"	"Williamson, Mrs L"	"5f "	"6"	"8"	"8"	"12"
"17:45:00"	"2017-07-19"	"Yarmouth"	"Majestic Moon (IRE)"	"6.00"	"6.85"	"Handicap"	"3"	"7"	"Birkett, Shelley"	"Feilden, Miss J"	"6f "	"4"	"5"	"12"	"18"
"18:40:00"	"2017-07-18"	"Thirsk"	"Nags Wag (IRE)"	"2.75"	"4.22"	"Seller"	"1"	"7"	"Mulrennan, Paul"	"Dore, C R"	"5f "	"6"	"10"	"5"	"10"
"18:40:00"	"2017-07-18"	"Thirsk"	"Hadley"	"2.50"	"3.79"	"Seller"	"3"	"7"	"Hart, Jason"	"Waggott, Miss Tracy"	"5f "	"6"	"4"	"2"	"11"
"19:20:00"	"2017-07-17"	"Windsor"	"Love On The Rocks (IRE)"	"7.00"	"9.2"	"Handicap"	"1"	"7"	"Buick, William"	"Hills, Charles"	"5f "	"3"	"10"	"9"	"9"
"19:20:00"	"2017-07-17"	"Windsor"	"Stepper Point"	"6.00"	"8.68"	"Handicap"	"7"	"7"	"Dwyer, Martin"	"Muir, W R"	"5f "	"3"	"2"	"15"	"17"
"15:15:00"	"2017-07-17"	"Ffos Las"	"Penny Dreadful"	"5.00"	"8.18"	"Handicap"	"4"	"8"	"Walsh, R P"	"Dixon, Scott"	"5f "	"4"	"10"	"4"	"8"
"15:15:00"	"2017-07-17"	"Ffos Las"	"Satchville Flyer"	"3.00"	"4.44"	"Handicap"	"6"	"8"	"Begley, Mrs K F"	"Evans, P D"	"5f "	"4"	"6"	"3"	"12"
"15:00:00"	"2017-07-17"	"Ayr"	"Sea Of Green"	"4.50"	"6.4"	"Handicap"	"1"	"10"	"Mooney, Sean"	"Goldie, J S"	"6f "	"5"	"4"	"3"	"7"
"15:00:00"	"2017-07-17"	"Ayr"	"Specialv (IRE)"	"4.50"	"6.32"	"Handicap"	"5"	"10"	"Robinson, Ben"	"Ellison, B"	"6f "	"5"	"7"	"3"	"13"
"15:00:00"	"2017-07-17"	"Ayr"	"Dandyleekie (IRE)"	"6.50"	"8.6"	"Handicap"	"7"	"10"	"Vaughan, Patrick"	"OMeara, D"	"6f "	"5"	"9"	"7"	"12"
"19:05:00"	"2017-07-15"	"Hamilton"	"Kenny The Captain (IRE)"	"2.75"	"4.26"	"Handicap"	"3"	"7"	"Fentiman, Duran"	"Easterby, T D"	"6f "	"4"	"5"	"2"	"13"
"18:35:00"	"2017-07-15"	"Hamilton"	"Muatadel"	"2.75"	"3.9"	"Handicap"	"6"	"8"	"Hamilton, Tony"	"Fell, R / Murray, S"	"5f "	"5"	"9"	"6"	"10"
"18:35:00"	"2017-07-15"	"Hamilton"	"Mitchum"	"20.00"	"33.66"	"Handicap"	"7"	"8"	"Fentiman, Duran"	"Barr, R E"	"5f "	"5"	"10"	"11"	"17"
"18:35:00"	"2017-07-15"	"Hamilton"	"Salvatore Fury (IRE)"	"6.00"	"7.82"	"Handicap"	"8"	"8"	"Scott, Rowan"	"Dalgleish, Keith"	"5f "	"5"	"2"	"10"	"14"
"18:20:00"	"2017-07-15"	"Salisbury"	"Swanton Blue (IRE)"	"5.00"	"6.87"	"Handicap"	"6"	"8"	"Shepherd, Callum"	"De Giles, Ed"	"6f "	"5"	"9"	"9"	"10"
"18:20:00"	"2017-07-15"	"Salisbury"	"Carpe Diem Lady (IRE)"	"4.50"	"7.02"	"Handicap"	"7"	"8"	"Dobbs, Pat"	"Beckett, R M"	"6f "	"5"	"9"	"5"	"9"
"21:00:00"	"2017-07-14"	"Chepstow"	"Swilly Sunset"	"1.25"	"2.53"	"Handicap"	"1"	"8"	"Sousa, Silvestre De"	"Carson, Anthony"	"1m "	"5"	"10"	"1"	"7"
"21:00:00"	"2017-07-14"	"Chepstow"	"Carcharias (IRE)"	"7.00"	"9.68"	"Handicap"	"2"	"8"	"Shepherd, Callum"	"De Giles, Ed"	"1m "	"5"	"10"	"2"	"7"
"21:00:00"	"2017-07-14"	"Chepstow"	"Peak Storm"	"20.00"	"28.32"	"Handicap"	"7"	"8"	"Robinson, Ben"	"Oshea, J G M"	"1m "	"5"	"7"	"5"	"6"
"20:25:00"	"2017-07-14"	"Chepstow"	"Heartstone (IRE)"	"20.00"	"30.31"	"Handicap"	"1"	"6"	"Drowne, Steve"	"Evans, P D"	"1m "	"5"	"6"	"8"	"12"
"20:05:00"	"2017-07-14"	"Navan"	"Polly Douglas (IRE)"	"9.00"	"11.67"	"Handicap"	"1"	"19"	"Breslin, Andrew"	"Cotter, Kieran P"	"5f "	"0"	"6"	"7"	"14"
"20:05:00"	"2017-07-14"	"Navan"	"Aggression (IRE)"	"7.00"	"10.66"	"Handicap"	"2"	"19"	"Smullen, P J"	"OCallaghan, M D"	"5f "	"0"	"8"	"2"	"8"
"20:05:00"	"2017-07-14"	"Navan"	"Catwilldo (IRE)"	"14.00"	"21"	"Handicap"	"4"	"19"	"Sheehy, Danny"	"Donnelly, Garvan"	"5f "	"0"	"8"	"4"	"14"
"20:05:00"	"2017-07-14"	"Navan"	"Pillar"	"6.00"	"7.92"	"Handicap"	"11"	"19"	"Keane, C T"	"McGuinness, Adrian"	"5f "	"0"	"6"	"11"	"14"
"20:05:00"	"2017-07-14"	"Navan"	"Kiss The Stars (IRE)"	"20.00"	"36"	"Handicap"	"13"	"19"	"Cleary, R P"	"McCourt, T G"	"5f "	"0"	"9"	"8"	"18"
"20:05:00"	"2017-07-14"	"Navan"	"Bien Chase (IRE)"	"7.00"	"8.24"	"Handicap"	"14"	"19"	"Lee, W J"	"McAllister, Adrian"	"5f "	"0"	"9"	"1"	"18"
"19:50:00"	"2017-07-14"	"Chepstow"	"Athassel"	"7.00"	"8.34"	"Handicap"	"3"	"7"	"MacKenzie, Ellie"	"Evans, P D"	"6f "	"4"	"8"	"5"	"8"
"19:50:00"	"2017-07-14"	"Chepstow"	"Dodgy Bob"	"6.00"	"8.4"	"Handicap"	"5"	"7"	"Mullineaux, Miss M"	"Mullineaux, M"	"6f "	"4"	"5"	"4"	"7"
"19:25:00"	"2017-07-14"	"Musselburgh"	"New Road Side"	"7.50"	"11.5"	"Handicap"	"7"	"8"	"Makin, Phillip"	"Guest, R C"	"5f "	"4"	"7"	"8"	"10"
"17:55:00"	"2017-07-14"	"Musselburgh"	"Culloden"	"4.50"	"5.94"	"Handicap"	"1"	"11"	"Stott, Kevin"	"Harris, S A"	"5f "	"6"	"10"	"8"	"10"
"17:55:00"	"2017-07-14"	"Musselburgh"	"Cheeni"	"7.00"	"9.2"	"Handicap"	"4"	"11"	"Mooney, Sean"	"Goldie, J S"	"5f "	"6"	"10"	"3"	"10"
"17:55:00"	"2017-07-14"	"Musselburgh"	"Harpers Ruby"	"28.00"	"30"	"Handicap"	"8"	"11"	"Aspell, P"	"Siddall, Miss L C"	"5f "	"6"	"10"	"9"	"9"
"17:40:00"	"2017-07-14"	"Ascot"	"In The Red (IRE)"	"14.00"	"17.26"	"Handicap"	"6"	"9"	"Naseb, Milly"	"Smith, Martin"	"1m "	"4"	"8"	"8"	"9"
"16:55:00"	"2017-07-14"	"York"	"Excessable"	"20.00"	"28.64"	"Handicap"	"1"	"14"	"Richardson, Rachel"	"Easterby, T D"	"5f "	"3"	"6"	"9"	"11"
"16:55:00"	"2017-07-14"	"York"	"Stanghow"	"14.00"	"19.5"	"Handicap"	"4"	"14"	"Hardie, Cameron"	"Brittain, Antony"	"5f "	"3"	"6"	"1"	"11"
"16:20:00"	"2017-07-13"	"Carlisle"	"Mr Conundrum"	"40.00"	"81.24"	"Handicap"	"6"	"14"	"Evans, Nathan"	"Siddall, Miss L C"	"6f "	"6"	"5"	"9"	"10"
"16:20:00"	"2017-07-13"	"Carlisle"	"Lady Joanna Vassa (IRE)"	"16.00"	"17.18"	"Handicap"	"8"	"14"	"Mullen, Andrew"	"Guest, R C"	"6f "	"6"	"6"	"6"	"14"
"16:20:00"	"2017-07-13"	"Carlisle"	"Salvatore Fury (IRE)"	"10.00"	"13.69"	"Handicap"	"10"	"14"	"Scott, Rowan"	"Dalgleish, Keith"	"6f "	"6"	"10"	"6"	"8"
"15:45:00"	"2017-07-13"	"Carlisle"	"Sea Of Green"	"16.00"	"20.79"	"Handicap"	"3"	"7"	"Mooney, Sean"	"Goldie, J S"	"6f "	"4"	"4"	"6"	"11"
"15:10:00"	"2017-07-13"	"Carlisle"	"Bossipop"	"3.50"	"4.8"	"Handicap"	"3"	"6"	"Mulrennan, Paul"	"Easterby, T D"	"5f "	"4"	"8"	"2"	"10"
"18:05:00"	"2017-07-10"	"Windsor"	"Athollblair Boy (IRE)"	"6.00"	"7.82"	"Handicap"	"2"	"14"	"Dennis, Phil"	"Tinkler, N"	"6f "	"6"	"10"	"4"	"14"
"18:05:00"	"2017-07-10"	"Windsor"	"Etienne Gerard"	"8.50"	"10.5"	"Handicap"	"6"	"14"	"McManoman, Faye"	"Tinkler, N"	"6f "	"6"	"5"	"14"	"17"
"18:05:00"	"2017-07-10"	"Windsor"	"Deer Song"	"18.00"	"32"	"Handicap"	"9"	"14"	"Elliott, Jane"	"Bridger, J / Cook, R"	"6f "	"6"	"4"	"8"	"10"
"16:25:00"	"2017-07-10"	"Ayr"	"Jack Dexter"	"3.50"	"4.94"	"Handicap"	"5"	"9"	"Mooney, Sean"	"Goldie, J S"	"5f "	"3"	"10"	"4"	"12"
"14:45:00"	"2017-07-10"	"Ayr"	"Dark Defender"	"7.50"	"11.96"	"Handicap"	"1"	"13"	"Scott, Rowan"	"Dalgleish, Keith"	"6f "	"4"	"9"	"4"	"13"
"14:45:00"	"2017-07-10"	"Ayr"	"Specialv (IRE)"	"25.00"	"27.49"	"Handicap"	"3"	"13"	"Robinson, Ben"	"Ellison, B"	"6f "	"4"	"2"	"8"	"12"
"14:45:00"	"2017-07-10"	"Ayr"	"Dragon King (IRE)"	"12.00"	"14.17"	"Handicap"	"8"	"13"	"Lee, Clifford"	"Jardine, I"	"6f "	"4"	"9"	"9"	"13"
"14:45:00"	"2017-07-10"	"Ayr"	"Duke Cosimo"	"14.00"	"18.76"	"Handicap"	"9"	"13"	"Eaves, Tom"	"Herrington,M "	"6f "	"4"	"9"	"5"	"13"
"14:45:00"	"2017-07-10"	"Ayr"	"Merdon Castle (IRE)"	"16.00"	"19.79"	"Handicap"	"11"	"13"	"Sullivan, James P"	"Carr, Mrs R A"	"6f "	"4"	"9"	"6"	"12"
"14:15:00"	"2017-07-10"	"Ayr"	"Racquet"	"4.50"	"5.8"	"Handicap"	"1"	"12"	"Sullivan, James P"	"Carr, Mrs R A"	"6f "	"6"	"10"	"6"	"14"
"14:15:00"	"2017-07-10"	"Ayr"	"Harbour Patrol (IRE)"	"4.00"	"5.5"	"Handicap"	"2"	"12"	"Tudhope, Daniel"	"Bastiman, Rebecca"	"6f "	"6"	"10"	"12"	"13"
"14:15:00"	"2017-07-10"	"Ayr"	"Ershaad (IRE)"	"28.00"	"29.53"	"Handicap"	"7"	"12"	"Farley, Neil"	"Harris, S A"	"6f "	"6"	"10"	"6"	"13"
"17:30:00"	"2017-07-09"	"Ayr"	"Perfect Words (IRE)"	"2.75"	"4.2"	"Handicap"	"1"	"7"	"Smith, Becky"	"Fife, Mrs Marjorie"	"5f "	"6"	"10"	"2"	"10"
"19:00:00"	"2017-07-08"	"Carlisle"	"Deeds Not Words (IRE)"	"1.88"	"2.98"	"Handicap"	"2"	"7"	"Norton, Francis"	"Wigham, M"	"5f "	"5"	"9"	"5"	"15"
"19:00:00"	"2017-07-08"	"Carlisle"	"Rose Eclair"	"3.00"	"4.1"	"Handicap"	"3"	"7"	"Mulrennan, Paul"	"Easterby, T D"	"5f "	"5"	"8"	"5"	"9"
"18:40:00"	"2017-07-08"	"Nottingham"	"Enjoy Life (IRE)"	"8.00"	"11.62"	"Handicap"	"2"	"12"	"Cronin, S C"	"Ryan, K A"	"6f "	"5"	"10"	"5"	"8"
"18:40:00"	"2017-07-08"	"Nottingham"	"Socialites Red"	"4.00"	"6.4"	"Handicap"	"7"	"12"	"Walsh, R P"	"Dixon, Scott"	"6f "	"5"	"9"	"3"	"10"
"18:00:00"	"2017-07-08"	"Carlisle"	"Quick N Quirky (IRE)"	"5.00"	"6.99"	"Handicap"	"4"	"10"	"Dodsworth, Robert"	"Easterby, T D"	"6f "	"5"	"10"	"2"	"8"
"18:00:00"	"2017-07-08"	"Carlisle"	"Market Choice (IRE)"	"7.00"	"8.8"	"Handicap"	"5"	"10"	"Rodriguez, Callum"	"Waggott, Miss Tracy"	"6f "	"5"	"5"	"9"	"12"
"18:00:00"	"2017-07-08"	"Carlisle"	"Reflation"	"50.00"	"90.37"	"Handicap"	"10"	"10"	"Nicholls, Miss M"	"Holmes, P F"	"6f "	"5"	"5"	"7"	"7"
"17:45:00"	"2017-07-08"	"Beverley"	"Quick Monet (IRE)"	"66.00"	"383.79"	"Maiden"	"7"	"8"	"Blakemore, Aiden"	"Harris, S A"	"5f "	"5"	"5"	"5"	"5"
"16:25:00"	"2017-07-08"	"Haydock"	"Dandyleekie (IRE)"	"20.00"	"36"	"Handicap"	"7"	"12"	"Birkett, Shelley"	"OMeara, D"	"6f "	"4"	"9"	"6"	"9"
"15:25:00"	"2017-07-08"	"Beverley"	"Stanghow"	"8.00"	"12.33"	"Handicap"	"1"	"11"	"Hardie, Cameron"	"Brittain, Antony"	"5f "	"4"	"7"	"3"	"12"
"15:25:00"	"2017-07-08"	"Beverley"	"Signore Piccolo"	"8.00"	"13.85"	"Handicap"	"2"	"11"	"Hanagan, Paul"	"Loughnane, David"	"5f "	"4"	"7"	"6"	"11"
"15:25:00"	"2017-07-08"	"Beverley"	"First Bombardment"	"7.00"	"9.08"	"Handicap"	"6"	"11"	"Makin, Phillip"	"OMeara, D"	"5f "	"4"	"7"	"4"	"18"
"15:05:00"	"2017-07-08"	"Leicester"	"Easy Tiger"	"1.88"	"3.1"	"Handicap"	"1"	"8"	"Keniry, L P"	"Saunders, M S"	"7f "	"3"	"6"	"2"	"10"
"15:05:00"	"2017-07-08"	"Leicester"	"Twin Appeal (IRE)"	"3.00"	"4.84"	"Handicap"	"2"	"8"	"Curtis, B A"	"Barron, T D"	"7f "	"3"	"9"	"3"	"8"
"15:05:00"	"2017-07-08"	"Leicester"	"Welliesinthewater (IRE)"	"14.00"	"21"	"Handicap"	"5"	"8"	"Lane, Martin"	"Shaw, D"	"7f "	"3"	"9"	"3"	"8"
"15:05:00"	"2017-07-08"	"Leicester"	"Roll On Rory"	"16.00"	"23.87"	"Handicap"	"6"	"8"	"Queally, T P"	"Ward, Jason"	"7f "	"3"	"7"	"11"	"12"
"14:10:00"	"2017-07-08"	"Naas"	"Molans Mare (IRE)"	"16.00"	"40"	"Handicap"	"2"	"14"	"Melia, Damien"	"Clarke, Keith Henry"	"6f "	"0"	"2"	"5"	"14"
"14:10:00"	"2017-07-08"	"Naas"	"Buttermere (USA)"	"10.00"	"20"	"Handicap"	"3"	"14"	"Crosse, Nathan"	"McCreery, W"	"6f "	"0"	"10"	"6"	"10"
"14:10:00"	"2017-07-08"	"Naas"	"Doonard Prince (IRE)"	"11.00"	"15.41"	"Handicap"	"5"	"14"	"Leonard, Killian"	"OSullivan, Ross"	"6f "	"0"	"10"	"5"	"20"
"14:10:00"	"2017-07-08"	"Naas"	"Polly Douglas (IRE)"	"3.50"	"4.76"	"Handicap"	"7"	"14"	"Breslin, Andrew"	"Cotter, Kieran P"	"6f "	"0"	"10"	"1"	"20"
"14:10:00"	"2017-07-08"	"Naas"	"Town Ranger (IRE)"	"12.00"	"19.25"	"Handicap"	"9"	"14"	"McCullagh, Scott"	"Casey, Peter"	"6f "	"0"	"3"	"9"	"18"
"14:10:00"	"2017-07-08"	"Naas"	"Haqeeba (IRE)"	"8.00"	"8.76"	"Handicap"	"10"	"14"	"McGovern, C J"	"Lennon, Liam"	"6f "	"0"	"6"	"8"	"12"
"14:10:00"	"2017-07-08"	"Naas"	"Pillar"	"6.00"	"7.2"	"Handicap"	"11"	"14"	"Hogan, D E"	"McGuinness, Adrian"	"6f "	"0"	"2"	"2"	"14"
"14:10:00"	"2017-07-08"	"Naas"	"Pari Passu (IRE)"	"14.00"	"21.21"	"Handicap"	"14"	"14"	"McAteer, L T"	"Mullins, Anthony"	"6f "	"0"	"9"	"10"	"13"
"13:25:00"	"2017-07-08"	"Leicester"	"Nags Wag (IRE)"	"8.00"	"10.5"	"Handicap"	"5"	"10"	"Keniry, L P"	"Dore, C R"	"6f "	"5"	"5"	"3"	"4"
"17:40:00"	"2017-07-07"	"Doncaster"	"Justice Lady (IRE)"	"1.88"	"3.25"	"Handicap"	"1"	"8"	"Kelly, Shane"	"Elsworth, D R C"	"5f "	"4"	"8"	"3"	"6"
"17:40:00"	"2017-07-07"	"Doncaster"	"Savannah Beau"	"14.00"	"17.99"	"Handicap"	"3"	"8"	"Makin, Phillip"	"Shaw, D"	"5f "	"4"	"7"	"7"	"9"
"15:35:00"	"2017-07-07"	"Doncaster"	"Claim The Roses (USA)"	"5.50"	"7.34"	"Non-Handicap"	"7"	"7"	"Makin, Phillip"	"Vaughan, E F"	"7f "	"3"	"8"	"5"	"12"
"20:05:00"	"2017-07-06"	"Newbury"	"Belledesert"	"4.00"	"5.5"	"Handicap"	"3"	"9"	"Kirby, Adam"	"Hollinshead, Steph"	"6f "	"4"	"8"	"3"	"6"
"17:55:00"	"2017-07-06"	"Newbury"	"Our Lord"	"8.00"	"11.5"	"Handicap"	"2"	"10"	"Bradley, Paddy"	"Attwater, M J"	"5f "	"5"	"10"	"2"	"10"
"17:55:00"	"2017-07-06"	"Newbury"	"Swanton Blue (IRE)"	"2.00"	"3.36"	"Handicap"	"9"	"10"	"Ryan, Rossa"	"De Giles, Ed"	"5f "	"5"	"7"	"2"	"15"
"17:00:00"	"2017-07-06"	"Haydock"	"Mighty Zip (USA)"	"16.00"	"22.5"	"Handicap"	"10"	"10"	"Lundie, K"	"Williamson, Mrs L"	"5f "	"5"	"5"	"9"	"11"
"17:30:00"	"2017-07-05"	"Thirsk"	"Sea Of Green"	"11.00"	"16.92"	"Handicap"	"2"	"17"	"Mooney, Sean"	"Goldie, J S"	"6f "	"6"	"5"	"5"	"14"
"15:30:00"	"2017-07-05"	"Thirsk"	"Englishman"	"7.00"	"8.95"	"Handicap"	"8"	"10"	"Mulrennan, Paul"	"Bradley, J M"	"6f "	"3"	"3"	"2"	"13"
"19:10:00"	"2017-07-04"	"Chepstow"	"Champagne Bob"	"4.00"	"5.98"	"Handicap"	"1"	"11"	"Begley, Mrs K F"	"Price, R J"	"6f "	"6"	"3"	"3"	"5"
"17:30:00"	"2017-07-04"	"Hamilton"	"Tinsill"	"6.00"	"8.65"	"Handicap"	"4"	"9"	"Scott, Rowan"	"Tinkler, N"	"5f "	"6"	"7"	"9"	"14"
"17:30:00"	"2017-07-04"	"Hamilton"	"Roman Times (IRE)"	"33.00"	"45.99"	"Handicap"	"6"	"9"	"Evans, Nathan"	"Teague, C J"	"5f "	"6"	"7"	"14"	"14"
"17:00:00"	"2017-07-04"	"Hamilton"	"Very First Blade"	"16.00"	"20"	"Handicap"	"7"	"10"	"Dennis, Phil"	"Mullineaux, M"	"5f "	"6"	"8"	"8"	"10"
"16:30:00"	"2017-07-04"	"Hamilton"	"Lexington Times (IRE)"	"3.50"	"4.53"	"Handicap"	"5"	"9"	"Sullivan, James P"	"Carr, Mrs R A"	"6f "	"4"	"5"	"2"	"10"
"16:30:00"	"2017-07-04"	"Hamilton"	"Zapper Cass (FR)"	"6.00"	"7.53"	"Handicap"	"7"	"9"	"Doyle, Josh"	"Coyle, Tony"	"6f "	"4"	"5"	"1"	"10"
"19:15:00"	"2017-07-03"	"Hamilton"	"Salvatore Fury (IRE)"	"9.00"	"11.71"	"Handicap"	"6"	"8"	"Scott, Rowan"	"Dalgleish, Keith"	"5f "	"5"	"4"	"6"	"8"
"20:40:00"	"2017-07-01"	"Lingfield"	"Flowing Clarets"	"4.00"	"5.75"	"Handicap"	"3"	"8"	"ONeill, K T"	"Bridger, J / Cook, R"	"5f "	"5"	"2"	"11"	"15"
"20:40:00"	"2017-07-01"	"Lingfield"	"Fabulous Flyer"	"20.00"	"29"	"Handicap"	"6"	"8"	"Hornby, Rob"	"Gask, J R"	"5f "	"5"	"9"	"2"	"6"
"20:40:00"	"2017-07-01"	"Lingfield"	"Vale Of Flight (IRE)"	"3.00"	"4.63"	"Handicap"	"7"	"8"	"Sousa, Silvestre De"	"McJannet, Luke"	"5f "	"5"	"9"	"2"	"10"
"19:55:00"	"2017-07-01"	"Doncaster"	"Dark Defender"	"7.00"	"11"	"Handicap"	"4"	"13"	"Scott, Rowan"	"Dalgleish, Keith"	"6f "	"4"	"7"	"3"	"7"
"19:55:00"	"2017-07-01"	"Doncaster"	"Top Boy"	"25.00"	"60"	"Handicap"	"6"	"13"	"Makin, Phillip"	"Shaw, D"	"6f "	"4"	"10"	"5"	"10"
"17:55:00"	"2017-07-01"	"Doncaster"	"Satchville Flyer"	"20.00"	"30.6"	"Handicap"	"4"	"12"	"Queally, T P"	"Evans, P D"	"7f "	"4"	"3"	"5"	"6"
"16:50:00"	"2017-07-01"	"York"	"Black Grass"	"10.00"	"14.36"	"Handicap"	"6"	"18"	"Sheehan, Gavin"	"Easterby, M W"	"5f "	"3"	"2"	"2"	"8"
"16:50:00"	"2017-07-01"	"York"	"Desert Ace (IRE)"	"10.00"	"17.84"	"Handicap"	"9"	"18"	"Nichol, Craig"	"Jardine, I"	"5f "	"3"	"2"	"1"	"8"
"16:50:00"	"2017-07-01"	"York"	"Midnight Malibu (IRE)"	"10.00"	"13.98"	"Handicap"	"16"	"18"	"Moore, Jamie"	"Easterby, T D"	"5f "	"3"	"7"	"2"	"6"
"17:50:00"	"2017-06-30"	"Newmarket (July)"	"Trulee Scrumptious"	"2.00"	"3.3"	"Handicap"	"2"	"8"	"Quinn, Jimmy"	"Charalambous, P"	"1m "	"5"	"7"	"1"	"10"
"15:40:00"	"2017-06-30"	"Yarmouth"	"Horsted Keynes (FR)"	"2.50"	"3.8"	"Handicap"	"1"	"6"	"Harley, M"	"Simcock, D M"	"7f "	"3"	"6"	"2"	"9"
"20:40:00"	"2017-06-29"	"Hamilton"	"Salvatore Fury (IRE)"	"14.00"	"20"	"Handicap"	"6"	"8"	"Lee, G"	"Dalgleish, Keith"	"5f "	"4"	"8"	"6"	"8"
"17:10:00"	"2017-06-29"	"Nottingham"	"Crosse Fire"	"3.00"	"4.57"	"Handicap"	"4"	"5"	"Pilley, Mr P"	"Dixon, Scott"	"5f "	"5"	"9"	"8"	"10"
"16:35:00"	"2017-06-29"	"Nottingham"	"Socialites Red"	"5.00"	"7.6"	"Handicap"	"3"	"10"	"Walsh, R P"	"Dixon, Scott"	"6f "	"4"	"10"	"2"	"6"
"18:20:00"	"2017-06-28"	"Naas"	"Tom Dooley (IRE)"	"7.00"	"8.92"	"Handicap"	"3"	"20"	"Lee, W J"	"OBrien, Richard John"	"6f "	"0"	"8"	"4"	"15"
"14:40:00"	"2017-06-28"	"Salisbury"	"Pearl Noir"	"7.00"	"8.2"	"Handicap"	"3"	"6"	"ONeill, K T"	"Dixon, Scott"	"5f "	"4"	"6"	"3"	"9"
"14:40:00"	"2017-06-28"	"Salisbury"	"Waseem Faris (IRE)"	"5.50"	"6.67"	"Handicap"	"4"	"6"	"Dobbs, Pat"	"Cunningham-Brown, K O"	"5f "	"4"	"10"	"6"	"8"
"18:10:00"	"2017-06-27"	"Leicester"	"Classic Pursuit"	"2.50"	"3.95"	"Handicap"	"3"	"7"	"Brotherton, Miss S"	"Appleby, M"	"5f "	"5"	"5"	"7"	"10"
"17:30:00"	"2017-06-27"	"Beverley"	"Roaring Rory"	"9.00"	"12.73"	"Handicap"	"3"	"14"	"Cronin, S C"	"Pears, Ollie"	"5f "	"6"	"7"	"5"	"10"
"17:30:00"	"2017-06-27"	"Beverley"	"Archie Stevens"	"16.00"	"28.21"	"Handicap"	"4"	"14"	"Cox, William"	"Ellam, Clare"	"5f "	"6"	"7"	"2"	"6"
"17:30:00"	"2017-06-27"	"Beverley"	"Nefetari"	"25.00"	"44.06"	"Handicap"	"7"	"14"	"Edmunds, Lewis"	"Brown, A D"	"5f "	"6"	"8"	"5"	"10"
"17:30:00"	"2017-06-27"	"Beverley"	"Chip Or Pellet"	"25.00"	"43.12"	"Handicap"	"13"	"14"	"Vaughan, Patrick"	"Tinkler, N"	"5f "	"6"	"8"	"8"	"10"
"16:30:00"	"2017-06-26"	"Chepstow"	"Tallys Song"	"50.00"	"108.1"	"Handicap"	"4"	"13"	"Quinn, Jimmy"	"Harris, Miss G"	"6f "	"6"	"9"	"10"	"13"
"16:30:00"	"2017-06-26"	"Chepstow"	"Kaaber (USA)"	"14.00"	"20.97"	"Handicap"	"12"	"13"	"Marquand, Tom"	"Brotherton, R"	"6f "	"6"	"10"	"12"	"12"
"16:00:00"	"2017-06-26"	"Chepstow"	"Royal Normandy"	"12.00"	"15.5"	"Handicap"	"7"	"10"	"Quinn, Jimmy"	"Harris, Miss G"	"5f "	"6"	"10"	"10"	"12"
"19:50:00"	"2017-06-24"	"Lingfield"	"Majestic Moon (IRE)"	"7.00"	"9.24"	"Handicap"	"2"	"7"	"Birkett, Shelley"	"Feilden, Miss J"	"7.5f "	"4"	"8"	"2"	"9"
"19:50:00"	"2017-06-24"	"Lingfield"	"Suqoor"	"4.00"	"5.5"	"Handicap"	"3"	"7"	"Probert, David"	"Dwyer, C A"	"7.5f "	"4"	"10"	"3"	"6"
"19:50:00"	"2017-06-24"	"Lingfield"	"Palawan"	"6.50"	"8.77"	"Handicap"	"7"	"7"	"Murphy, Timmy"	"Osborne, J A"	"7.5f "	"4"	"7"	"2"	"8"
"18:30:00"	"2017-06-24"	"Haydock"	"Midnight Malibu (IRE)"	"6.50"	"7.74"	"Handicap"	"2"	"6"	"Richardson, Rachel"	"Easterby, T D"	"5f "	"4"	"5"	"6"	"6"
"18:30:00"	"2017-06-24"	"Haydock"	"Showdaisy"	"2.75"	"4.4"	"Handicap"	"6"	"6"	"Nolan, D"	"Dalgleish, Keith"	"5f "	"4"	"7"	"3"	"15"
"17:20:00"	"2017-06-24"	"Newmarket (July)"	"Meshardal (GER)"	"2.75"	"4.26"	"Handicap"	"3"	"11"	"Edmunds, Lewis"	"Carr, Mrs R A"	"6f "	"4"	"7"	"1"	"17"
"16:50:00"	"2017-06-24"	"Ayr"	"Tommy G"	"10.00"	"12.13"	"Handicap"	"4"	"7"	"Evans, Nathan"	"Goldie, J S"	"5f "	"3"	"1"	"6"	"8"
"16:50:00"	"2017-06-24"	"Ayr"	"Son Of Africa"	"4.00"	"5.94"	"Handicap"	"5"	"7"	"Curtis, B A"	"Candy, H"	"5f "	"3"	"6"	"7"	"11"
"15:50:00"	"2017-06-24"	"Redcar"	"Nonno Giulio (IRE)"	"6.00"	"7.89"	"Claimer"	"1"	"13"	"Vaughan, Patrick"	"Coyle, Tony"	"7f "	"5"	"1"	"4"	"7"
"15:50:00"	"2017-06-24"	"Redcar"	"Miss Goldsmith (IRE)"	"9.00"	"10.23"	"Claimer"	"2"	"13"	"Murtagh, Connor"	"Fahey, R A"	"7f "	"5"	"7"	"9"	"10"
"15:50:00"	"2017-06-24"	"Redcar"	"Iberica Road (USA)"	"28.00"	"57.04"	"Claimer"	"4"	"13"	"Aspell, P"	"Tuer, Grant"	"7f "	"5"	"7"	"6"	"8"
"15:20:00"	"2017-06-24"	"Newmarket (July)"	"Auntie Barber (IRE)"	"12.00"	"16"	"Handicap"	"4"	"7"	"Jones, Mr A T"	"Williams, S C"	"1m "	"4"	"2"	"4"	"8"
"14:40:00"	"2017-06-24"	"Redcar"	"Theodorico (IRE)"	"5.00"	"7.9"	"Handicap"	"4"	"9"	"McDonald, P J"	"Loughnane, David"	"7f "	"3"	"7"	"11"	"18"
"14:40:00"	"2017-06-24"	"Redcar"	"Chaplin Bay (IRE)"	"4.50"	"5.94"	"Handicap"	"7"	"9"	"Richardson, Rachel"	"Carr, Mrs R A"	"7f "	"3"	"8"	"8"	"19"
"14:40:00"	"2017-06-24"	"Redcar"	"Related"	"20.00"	"26.98"	"Handicap"	"8"	"9"	"Hardie, Cameron"	"Midgley, P T"	"7f "	"3"	"8"	"19"	"19"
"14:40:00"	"2017-06-24"	"Redcar"	"Jacob Black"	"66.00"	"341.15"	"Handicap"	"9"	"9"	"Hart, Jason"	"Johnson, Kenny"	"7f "	"3"	"6"	"7"	"8"
"21:05:00"	"2017-06-23"	"Newmarket (July)"	"Penny Dreadful"	"1.10"	"2.16"	"Handicap"	"4"	"9"	"Walsh, R P"	"Dixon, Scott"	"5f "	"5"	"4"	"1"	"8"
"21:05:00"	"2017-06-23"	"Newmarket (July)"	"Racing Angel (IRE)"	"8.00"	"13.28"	"Handicap"	"5"	"9"	"Queally, T P"	"Quinn, M"	"5f "	"5"	"9"	"7"	"8"
"21:05:00"	"2017-06-23"	"Newmarket (July)"	"Manipura"	"5.50"	"7.2"	"Handicap"	"6"	"9"	"Lane, Martin"	"Shaw, D"	"5f "	"5"	"9"	"3"	"14"
"21:05:00"	"2017-06-23"	"Newmarket (July)"	"Cherry Kool"	"10.00"	"16.81"	"Handicap"	"8"	"9"	"Naseb, Milly"	"Williams, S C"	"5f "	"5"	"6"	"7"	"9"
"20:10:00"	"2017-06-23"	"Ayr"	"Tommy G"	"11.00"	"15.05"	"Handicap"	"6"	"8"	"Dennis, Phil"	"Goldie, J S"	"6f "	"3"	"6"	"10"	"15"
"17:50:00"	"2017-06-23"	"Newmarket (July)"	"The Firm (IRE)"	"50.00"	"93.22"	"Handicap"	"7"	"10"	"Mangan, Gina"	"Jenkins, J R"	"1m "	"5"	"2"	"10"	"11"
"15:30:00"	"2017-06-23"	"Redcar"	"Abushamah (IRE)"	"1.75"	"2.95"	"Handicap"	"3"	"5"	"Garritty, Jack"	"Carr, Mrs R A"	"1m "	"3"	"8"	"3"	"11"
"15:20:00"	"2017-06-22"	"Ripon"	"Pearl Noir"	"8.00"	"10.58"	"Handicap"	"3"	"9"	"Allan, David"	"Dixon, Scott"	"5f "	"5"	"5"	"8"	"9"
"15:20:00"	"2017-06-22"	"Ripon"	"Bond Bombshell"	"33.00"	"36.93"	"Handicap"	"5"	"9"	"Vaughan, Patrick"	"OMeara, D"	"5f "	"5"	"10"	"12"	"13"
"15:20:00"	"2017-06-22"	"Ripon"	"Oriental Splendour (IRE)"	"2.50"	"4"	"Handicap"	"6"	"9"	"Sullivan, James P"	"Carr, Mrs R A"	"5f "	"5"	"10"	"1"	"13"
"15:20:00"	"2017-06-22"	"Ripon"	"Twentysvnthlancers"	"9.00"	"11"	"Handicap"	"9"	"9"	"Garritty, Jack"	"Midgley, P T"	"5f "	"5"	"10"	"3"	"13"
"14:10:00"	"2017-06-22"	"Ripon"	"Ypres"	"28.00"	"40.59"	"Claimer"	"4"	"6"	"Hardie, Cameron"	"Ward, Jason"	"6f "	"5"	"3"	"3"	"10"
"18:50:00"	"2017-06-21"	"Ripon"	"Cliff (IRE)"	"6.00"	"8"	"Handicap"	"1"	"10"	"McManoman, Faye"	"Tinkler, N"	"6f "	"6"	"9"	"8"	"15"
"15:20:00"	"2017-06-21"	"Hamilton"	"Salvatore Fury (IRE)"	"14.00"	"18.5"	"Handicap"	"6"	"8"	"Mullen, Andrew"	"Dalgleish, Keith"	"6f "	"5"	"2"	"7"	"14"
"15:55:00"	"2017-06-20"	"Thirsk"	"Round The Island"	"2.00"	"3.26"	"Handicap"	"3"	"10"	"Edmunds, Lewis"	"Whitaker, R M"	"6f "	"4"	"8"	"1"	"15"
"15:55:00"	"2017-06-20"	"Thirsk"	"Crosse Fire"	"8.00"	"9.94"	"Handicap"	"8"	"10"	"Gordon, Josephine"	"Dixon, Scott"	"6f "	"4"	"8"	"4"	"13"
"19:15:00"	"2017-06-19"	"Windsor"	"Bahamian Dollar"	"2.00"	"3.22"	"Handicap"	"1"	"9"	"Begley, Mrs K F"	"Evans, P D"	"6f "	"4"	"6"	"2"	"12"
"19:15:00"	"2017-06-19"	"Windsor"	"Picket Line"	"12.00"	"15.36"	"Handicap"	"9"	"9"	"ONeill, K T"	"Deacon, Geoffrey"	"6f "	"4"	"9"	"4"	"12"
"18:30:00"	"2017-06-19"	"Nottingham"	"One Boy (IRE)"	"7.50"	"9.4"	"Handicap"	"6"	"8"	"Lane, Martin"	"Midgley, P T"	"5f "	"5"	"7"	"6"	"7"
"15:00:00"	"2017-06-19"	"Carlisle"	"Exotic Guest"	"10.00"	"14"	"Handicap"	"3"	"14"	"Sullivan, James P"	"Carr, Mrs R A"	"6f "	"5"	"10"	"1"	"7"
"14:45:00"	"2017-06-18"	"Salisbury"	"Waseem Faris (IRE)"	"8.00"	"11"	"Handicap"	"6"	"8"	"Dobbs, Pat"	"Cunningham-Brown, K O"	"5f "	"4"	"7"	"6"	"8"
"20:50:00"	"2017-06-17"	"Lingfield"	"Good Bond"	"50.00"	"157.53"	"Maiden"	"3"	"5"	"Tart, Robert"	"Jewell, Mrs L C"	"6f "	"5"	"10"	"10"	"13"
"19:50:00"	"2017-06-17"	"Lingfield"	"Arctic Flower (IRE)"	"8.00"	"10.2"	"Handicap"	"3"	"15"	"Harley, M"	"Bridger, J / Cook, R"	"7f "	"6"	"4"	"8"	"11"
"19:50:00"	"2017-06-17"	"Lingfield"	"Flying Sakhee"	"12.00"	"16.74"	"Handicap"	"5"	"15"	"Godwin, Mitch"	"Bridger, J / Cook, R"	"7f "	"6"	"8"	"9"	"9"
"18:10:00"	"2017-06-17"	"Leicester"	"Entertaining Ben"	"6.00"	"8.2"	"Handicap"	"4"	"9"	"Marsh, Finley"	"Murphy, Amy"	"5f "	"5"	"5"	"5"	"5"
"17:15:00"	"2017-06-17"	"York"	"Amood (IRE)"	"25.00"	"29.41"	"Handicap"	"5"	"17"	"Probert, David"	"West, S G"	"6f "	"4"	"9"	"3"	"7"
"17:15:00"	"2017-06-17"	"York"	"Kenny The Captain (IRE)"	"25.00"	"47.55"	"Handicap"	"6"	"17"	"Dodsworth, Robert"	"Easterby, T D"	"6f "	"4"	"10"	"9"	"11"
"17:15:00"	"2017-06-17"	"York"	"Florencio"	"33.00"	"100.31"	"Handicap"	"12"	"17"	"Sanderson, Benjamin"	"Fell, R / Murray, S"	"6f "	"4"	"9"	"5"	"7"
"20:35:00"	"2017-06-16"	"Chepstow"	"Showmethewayavrilo"	"5.50"	"7.8"	"Handicap"	"1"	"12"	"Gordon, Josephine"	"Saunders, M S"	"6f "	"5"	"7"	"3"	"9"
"20:35:00"	"2017-06-16"	"Chepstow"	"Vincentti (IRE)"	"14.00"	"16.39"	"Handicap"	"7"	"12"	"Cox, William"	"Harris, R A"	"6f "	"5"	"6"	"7"	"12"
"20:05:00"	"2017-06-16"	"Chepstow"	"Satchville Flyer"	"4.50"	"5.01"	"Handicap"	"3"	"8"	"Begley, Mrs K F"	"Evans, P D"	"7f "	"5"	"6"	"5"	"12"
"19:30:00"	"2017-06-16"	"Chepstow"	"Heres Two"	"2.25"	"3.4"	"Handicap"	"2"	"5"	"ONeill, Dane"	"Hodges, R J"	"1m "	"5"	"9"	"3"	"4"
"19:30:00"	"2017-06-16"	"Chepstow"	"Sheer Intensity (IRE)"	"3.33"	"5.23"	"Handicap"	"4"	"5"	"Begley, Mrs K F"	"Evans, P D"	"1m "	"5"	"7"	"10"	"12"
"18:35:00"	"2017-06-15"	"Haydock"	"Signore Piccolo"	"11.00"	"13"	"Handicap"	"1"	"10"	"Mulrennan, Paul"	"Loughnane, David"	"5f "	"4"	"7"	"4"	"7"
"18:35:00"	"2017-06-15"	"Haydock"	"Adams Ale"	"3.00"	"4.21"	"Handicap"	"8"	"10"	"McHugh, B"	"Fife, Mrs Marjorie"	"5f "	"4"	"7"	"1"	"7"
"15:55:00"	"2017-06-15"	"Nottingham"	"Ambitious Icarus"	"16.00"	"23.25"	"Handicap"	"6"	"14"	"Beasley, Connor"	"Guest, R C"	"6f "	"6"	"5"	"10"	"10"
"15:55:00"	"2017-06-15"	"Nottingham"	"Bushwise (IRE)"	"33.00"	"56.55"	"Handicap"	"10"	"14"	"Egan, David"	"Bradley, J M"	"6f "	"6"	"5"	"9"	"14"
"15:20:00"	"2017-06-15"	"Nottingham"	"Englishman"	"25.00"	"28.54"	"Handicap"	"4"	"9"	"Winston, Robert"	"Bradley, J M"	"6f "	"3"	"9"	"8"	"10"
"15:20:00"	"2017-06-15"	"Nottingham"	"Rantan (IRE)"	"14.00"	"16.15"	"Handicap"	"9"	"9"	"Mullen, Andrew"	"Barron, T D"	"6f "	"3"	"7"	"2"	"7"
"20:55:00"	"2017-06-14"	"Hamilton"	"Harpers Ruby"	"16.00"	"21.05"	"Handicap"	"4"	"12"	"Aspell, P"	"Siddall, Miss L C"	"5f "	"6"	"5"	"4"	"9"
"20:55:00"	"2017-06-14"	"Hamilton"	"Lady Joanna Vassa (IRE)"	"5.00"	"6.57"	"Handicap"	"5"	"12"	"Beasley, Connor"	"Guest, R C"	"5f "	"6"	"4"	"3"	"10"
"20:55:00"	"2017-06-14"	"Hamilton"	"Tinsill"	"6.00"	"7.56"	"Handicap"	"9"	"12"	"Edmunds, Lewis"	"Tinkler, N"	"5f "	"6"	"7"	"2"	"6"
"19:25:00"	"2017-06-14"	"Hamilton"	"Honeysuckle Lil (IRE)"	"3.50"	"4.9"	"Handicap"	"2"	"10"	"Richardson, Rachel"	"Easterby, T D"	"5f "	"4"	"7"	"2"	"5"
"17:55:00"	"2017-06-14"	"Hamilton"	"New Decade"	"18.00"	"21"	"Handicap"	"8"	"12"	"Ferguson, Mr A R D"	"Goldie, J S"	"6f "	"6"	"9"	"7"	"13"
"17:55:00"	"2017-06-14"	"Hamilton"	"Silhuette (IRE)"	"10.00"	"12.48"	"Handicap"	"9"	"12"	"Walton, Miss C"	"Teague, C J"	"6f "	"6"	"4"	"7"	"10"
"17:55:00"	"2017-06-14"	"Hamilton"	"Insurplus (IRE)"	"6.50"	"8.57"	"Handicap"	"10"	"12"	"Hill, Miss R"	"Goldie, J S"	"6f "	"6"	"9"	"5"	"10"
"17:10:00"	"2017-06-14"	"Yarmouth"	"Tommys Secret"	"2.75"	"4.31"	"Handicap"	"4"	"5"	"Egan, David"	"Chapple-Hyam, Jane"	"1m "	"6"	"8"	"4"	"10"
"15:40:00"	"2017-06-14"	"Yarmouth"	"Goadby"	"11.00"	"14"	"Handicap"	"4"	"14"	"Ffrench, Royston"	"Holt, J R"	"6f "	"6"	"7"	"3"	"11"
"15:40:00"	"2017-06-14"	"Yarmouth"	"Misu Moneypenny"	"5.50"	"8.18"	"Handicap"	"6"	"14"	"Morris, Luke"	"Dixon, Scott"	"6f "	"6"	"9"	"2"	"10"
"15:40:00"	"2017-06-14"	"Yarmouth"	"Classic Flyer"	"16.00"	"24"	"Handicap"	"11"	"14"	"Kirby, Adam"	"Dunnett, Mrs C A"	"6f "	"6"	"7"	"6"	"11"
"16:45:00"	"2017-06-13"	"Yarmouth"	"Sakhees Jem"	"16.00"	"19.03"	"Handicap"	"10"	"10"	"Curtis, B A"	"Kelleway, Miss Gay"	"7f "	"6"	"6"	"10"	"10"
"16:30:00"	"2017-06-12"	"Ayr"	"My Name Is Rio (IRE)"	"1.88"	"3.11"	"Handicap"	"1"	"7"	"Beasley, Connor"	"Dods, M"	"5f "	"4"	"10"	"2"	"7"
"15:30:00"	"2017-06-11"	"Nottingham"	"Stake Acclaim (IRE)"	"2.75"	"3.54"	"Handicap"	"2"	"9"	"Winston, Robert"	"Ivory, D K"	"5f "	"3"	"6"	"1"	"10"
"15:30:00"	"2017-06-11"	"Nottingham"	"Tumblewind"	"5.00"	"5.68"	"Handicap"	"5"	"9"	"Edmunds, Lewis"	"Whitaker, R M"	"5f "	"3"	"9"	"1"	"7"
"15:30:00"	"2017-06-11"	"Nottingham"	"Lexington Place"	"12.00"	"13.87"	"Handicap"	"7"	"9"	"Sullivan, James P"	"Carr, Mrs R A"	"5f "	"3"	"8"	"6"	"8"
"15:20:00"	"2017-06-11"	"Curragh"	"A Few Dollars More (IRE)"	"4.00"	"5.47"	"Handicap"	"8"	"11"	"McDonogh, D P"	"Slattery, Andrew"	"5f "	"0"	"6"	"8"	"10"
"15:05:00"	"2017-06-11"	"Goodwood"	"Fredricka"	"5.00"	"7.1"	"Handicap"	"8"	"8"	"Sousa, Silvestre De"	"Dwyer, C A"	"5f "	"4"	"10"	"2"	"4"
"19:45:00"	"2017-06-10"	"Chepstow"	"Kinglami"	"5.00"	"6.81"	"Handicap"	"1"	"12"	"Sweeney, Fergus"	"Oshea, J G M"	"6f "	"5"	"3"	"1"	"6"
"19:45:00"	"2017-06-10"	"Chepstow"	"Satchville Flyer"	"3.50"	"4.6"	"Handicap"	"5"	"12"	"Begley, Mrs K F"	"Evans, P D"	"6f "	"5"	"4"	"1"	"10"
"19:45:00"	"2017-06-10"	"Chepstow"	"Vincentti (IRE)"	"33.00"	"49.15"	"Handicap"	"7"	"12"	"Hitchcott, Sam"	"Harris, R A"	"6f "	"5"	"4"	"9"	"10"
"19:45:00"	"2017-06-10"	"Chepstow"	"Air Of York (IRE)"	"12.00"	"17.5"	"Handicap"	"10"	"12"	"Muscutt, D"	"Flint, J L"	"6f "	"5"	"1"	"6"	"9"
"19:45:00"	"2017-06-10"	"Chepstow"	"Posh Bounty"	"16.00"	"24.17"	"Handicap"	"12"	"12"	"Quinn, Jimmy"	"Burgoyne, P"	"6f "	"5"	"10"	"9"	"11"
"19:15:00"	"2017-06-10"	"Chepstow"	"Goring (GER)"	"5.00"	"6.8"	"Handicap"	"1"	"8"	"Fahy, J P"	"Houghton, Eve Johnson"	"7f "	"4"	"7"	"4"	"8"
"19:15:00"	"2017-06-10"	"Chepstow"	"Peak Storm"	"20.00"	"40.46"	"Handicap"	"6"	"8"	"Sweeney, Fergus"	"Oshea, J G M"	"7f "	"4"	"8"	"7"	"7"
"19:15:00"	"2017-06-10"	"Chepstow"	"Cincuenta Pasos (IRE)"	"12.00"	"14.63"	"Handicap"	"7"	"8"	"Shepherd, Callum"	"Tuite, Joseph"	"7f "	"4"	"4"	"7"	"10"
"17:40:00"	"2017-06-10"	"Chepstow"	"Mr Chuckles (IRE)"	"3.50"	"5"	"Handicap"	"2"	"14"	"Bennett, Charlie"	"Loughnane, Daniel Mark"	"5f "	"6"	"3"	"3"	"8"
"17:40:00"	"2017-06-10"	"Chepstow"	"Diminutive (IRE)"	"20.00"	"31.19"	"Handicap"	"5"	"14"	"Whelan, Trevor"	"Harris, Miss G"	"5f "	"6"	"5"	"9"	"9"
"17:40:00"	"2017-06-10"	"Chepstow"	"Jaganory (IRE)"	"5.00"	"7.62"	"Handicap"	"7"	"14"	"Godwin, Mitch"	"Mason, Christopher"	"5f "	"6"	"8"	"3"	"14"
"14:55:00"	"2017-06-10"	"Haydock"	"Snap Shots (IRE)"	"6.50"	"9.11"	"Handicap"	"3"	"13"	"McHugh, B"	"Coyle, Tony"	"6f "	"3"	"3"	"2"	"11"
"14:55:00"	"2017-06-10"	"Haydock"	"Holiday Magic (IRE)"	"11.00"	"16.06"	"Handicap"	"5"	"13"	"Moore, Ryan"	"Easterby, M W"	"6f "	"3"	"7"	"6"	"16"
"14:55:00"	"2017-06-10"	"Haydock"	"Eccleston"	"5.50"	"7.09"	"Handicap"	"7"	"13"	"Tudhope, Daniel"	"OMeara, D"	"6f "	"3"	"3"	"4"	"11"
"14:55:00"	"2017-06-10"	"Haydock"	"Cosmic Chatter"	"40.00"	"86.75"	"Handicap"	"8"	"13"	"Sullivan, James P"	"Carr, Mrs R A"	"6f "	"3"	"8"	"7"	"8"
"14:55:00"	"2017-06-10"	"Haydock"	"Dandyleekie (IRE)"	"7.00"	"8.4"	"Handicap"	"11"	"13"	"Birkett, Shelley"	"OMeara, D"	"6f "	"3"	"3"	"3"	"5"
"14:15:00"	"2017-06-10"	"Catterick"	"Lady Joanna Vassa (IRE)"	"25.00"	"36"	"Handicap"	"3"	"10"	"Aspell, P"	"Guest, R C"	"5f "	"6"	"7"	"7"	"8"
"18:30:00"	"2017-06-09"	"Goodwood"	"Curious Fox"	"4.50"	"5.8"	"Handicap"	"2"	"9"	"Saunders, Tyler"	"Carson, Anthony"	"6f "	"5"	"10"	"1"	"8"
"18:30:00"	"2017-06-09"	"Goodwood"	"Hamish Mcgonagain"	"11.00"	"14.78"	"Handicap"	"5"	"9"	"Tart, Robert"	"Gask, J R"	"6f "	"5"	"10"	"4"	"8"
"18:30:00"	"2017-06-09"	"Goodwood"	"Air Of York (IRE)"	"7.50"	"11"	"Handicap"	"6"	"9"	"Muscutt, D"	"Flint, J L"	"6f "	"5"	"8"	"1"	"12"
"15:40:00"	"2017-06-09"	"Carlisle"	"Maureb (IRE)"	"9.00"	"10.88"	"Handicap"	"4"	"6"	"Fentiman, Duran"	"Coyle, Tony"	"6f "	"4"	"7"	"2"	"8"
"14:40:00"	"2017-06-09"	"Carlisle"	"Exotic Guest"	"8.00"	"10.61"	"Handicap"	"1"	"7"	"Sullivan, James P"	"Carr, Mrs R A"	"5f "	"5"	"7"	"2"	"7"
"14:40:00"	"2017-06-09"	"Carlisle"	"Manshood (IRE)"	"1.63"	"2.73"	"Handicap"	"2"	"7"	"Mulrennan, Paul"	"Midgley, P T"	"5f "	"5"	"8"	"2"	"9"
"14:40:00"	"2017-06-09"	"Carlisle"	"Davids Beauty (IRE)"	"20.00"	"24.18"	"Handicap"	"5"	"7"	"Lee, G"	"Baugh, B P J"	"5f "	"5"	"9"	"4"	"11"
"15:40:00"	"2017-06-08"	"Haydock"	"Signore Piccolo"	"3.50"	"4.93"	"Handicap"	"4"	"7"	"James, S H"	"Loughnane, David"	"6f "	"4"	"9"	"2"	"8"
"15:40:00"	"2017-06-08"	"Haydock"	"Florencio"	"20.00"	"28.95"	"Handicap"	"5"	"7"	"Beasley, Connor"	"Fell, R / Murray, S"	"6f "	"4"	"6"	"8"	"8"
"15:40:00"	"2017-06-08"	"Haydock"	"New Road Side"	"8.00"	"10.5"	"Handicap"	"7"	"7"	"Lee, Clifford"	"Guest, R C"	"6f "	"4"	"7"	"3"	"4"
"17:15:00"	"2017-06-07"	"Hamilton"	"Tinsill"	"5.00"	"6.8"	"Handicap"	"2"	"6"	"Scott, Rowan"	"Tinkler, N"	"5f "	"6"	"7"	"9"	"11"
"17:15:00"	"2017-06-07"	"Hamilton"	"Molans Mare (IRE)"	"2.75"	"4.16"	"Handicap"	"3"	"6"	"Downey, R P"	"Clarke, Keith Henry"	"5f "	"6"	"4"	"15"	"20"
"15:30:00"	"2017-06-06"	"Chepstow"	"Sir Billy Wright (IRE)"	"6.00"	"7.15"	"Handicap"	"2"	"10"	"Begley, Mrs K F"	"Evans, P D"	"6f "	"4"	"8"	"8"	"10"
"15:30:00"	"2017-06-06"	"Chepstow"	"Englishman"	"4.50"	"6.44"	"Handicap"	"8"	"10"	"Probert, David"	"Bradley, J M"	"6f "	"4"	"10"	"4"	"9"
"15:30:00"	"2017-06-06"	"Chepstow"	"Vincentti (IRE)"	"14.00"	"18.71"	"Handicap"	"9"	"10"	"Norton, Francis"	"Harris, R A"	"6f "	"4"	"8"	"7"	"7"
"14:30:00"	"2017-06-06"	"Chepstow"	"Imperial Link"	"8.00"	"9.2"	"Handicap"	"10"	"13"	"Robinson, Ben"	"Oshea, J G M"	"1m "	"5"	"8"	"7"	"12"
"19:40:00"	"2017-06-05"	"Windsor"	"Upstaging"	"14.00"	"20"	"Handicap"	"2"	"10"	"Shoemark, Kieran"	"Cole, P F I"	"6f "	"3"	"10"	"9"	"13"
"18:55:00"	"2017-06-05"	"Ayr"	"Sea Of Green"	"4.00"	"5.85"	"Handicap"	"1"	"10"	"McDonald, P J"	"Goldie, J S"	"6f "	"6"	"4"	"5"	"13"
"18:55:00"	"2017-06-05"	"Ayr"	"Frangarry (IRE)"	"6.50"	"8"	"Handicap"	"7"	"10"	"Shepherd, Callum"	"Bailey, A"	"6f "	"6"	"6"	"5"	"10"
"18:25:00"	"2017-06-05"	"Ayr"	"Sarabi (OLD)"	"16.00"	"19.5"	"Handicap"	"7"	"8"	"Pilley, Mr P"	"Dixon, Scott"	"6f "	"5"	"6"	"8"	"8"
"18:00:00"	"2017-06-05"	"Leicester"	"See You In Malta (IRE)"	"9.00"	"11"	"Handicap"	"4"	"12"	"Nolan, D"	"Candlish, Jennie"	"7f "	"6"	"4"	"10"	"12"
"17:25:00"	"2017-06-05"	"Leicester"	"King Of Swing"	"12.00"	"21"	"Handicap"	"5"	"11"	"Kelly, Shane"	"Hughes, Richard"	"7f "	"5"	"6"	"2"	"8"
"17:25:00"	"2017-06-05"	"Leicester"	"Sister Dude"	"25.00"	"29"	"Handicap"	"11"	"11"	"Harley, M"	"Portman, J G"	"7f "	"5"	"7"	"8"	"12"
"15:30:00"	"2017-06-05"	"Thirsk"	"Buccaneers Vault (IRE)"	"6.00"	"7.77"	"Handicap"	"4"	"11"	"Lee, G"	"Midgley, P T"	"6f "	"5"	"9"	"5"	"19"
"20:50:00"	"2017-06-03"	"Lingfield"	"Flowing Clarets"	"14.00"	"19.87"	"Handicap"	"1"	"9"	"Carson, William"	"Bridger, J / Cook, R"	"5f "	"5"	"10"	"8"	"13"
"20:20:00"	"2017-06-03"	"Lingfield"	"Diamond Lady"	"7.00"	"11"	"Handicap"	"1"	"8"	"Doyle, Hollie"	"Stone, W B"	"6f "	"4"	"7"	"5"	"9"
"20:20:00"	"2017-06-03"	"Lingfield"	"Highly Sprung (IRE)"	"8.00"	"10.77"	"Handicap"	"5"	"8"	"Murphy, Oisin"	"Johnston, M"	"6f "	"4"	"8"	"9"	"12"
"16:55:00"	"2017-06-03"	"Musselburgh"	"Royal Brave (IRE)"	"6.50"	"9.25"	"Handicap"	"3"	"8"	"Costello, Dougie"	"Bastiman, Rebecca"	"5f "	"4"	"10"	"1"	"6"
"16:55:00"	"2017-06-03"	"Musselburgh"	"Desert Ace (IRE)"	"6.50"	"8.85"	"Handicap"	"7"	"8"	"Lee, Clifford"	"Jardine, I"	"5f "	"4"	"4"	"8"	"9"
"13:50:00"	"2017-06-03"	"Navan"	"Jenniechild (IRE)"	"12.00"	"15.54"	"Handicap"	"2"	"20"	"Downey, R P"	"Fahey, Peter"	"5f "	"0"	"9"	"4"	"11"
"13:50:00"	"2017-06-03"	"Navan"	"Piazzini (IRE)"	"7.00"	"11.72"	"Handicap"	"3"	"20"	"Daly, E T"	"Keane, Gerard"	"5f "	"0"	"9"	"1"	"11"
"13:50:00"	"2017-06-03"	"Navan"	"Sweetest Taboo (IRE)"	"4.00"	"6.49"	"Handicap"	"6"	"20"	"Crosse, Nathan"	"McCreery, W"	"5f "	"0"	"9"	"3"	"11"
"13:50:00"	"2017-06-03"	"Navan"	"Catwilldo (IRE)"	"20.00"	"55"	"Handicap"	"8"	"20"	"Hogan, D E"	"Donnelly, Garvan"	"5f "	"0"	"9"	"6"	"11"
"13:50:00"	"2017-06-03"	"Navan"	"Gopsies Daughter (IRE)"	"10.00"	"11.64"	"Handicap"	"9"	"20"	"Leonard, Killian"	"Hogan, Denis Gerard"	"5f "	"0"	"9"	"5"	"11"
"20:00:00"	"2017-06-02"	"Doncaster"	"Tumblewind"	"2.50"	"4.14"	"Handicap"	"1"	"7"	"Edmunds, Lewis"	"Whitaker, R M"	"5f "	"4"	"7"	"1"	"12"
"20:00:00"	"2017-06-02"	"Doncaster"	"Tylery Wonder (IRE)"	"5.50"	"6.8"	"Handicap"	"4"	"7"	"Mulrennan, Paul"	"Midgley, P T"	"5f "	"4"	"9"	"5"	"6"
"19:40:00"	"2017-06-02"	"Goodwood"	"Jersey Breeze (IRE)"	"14.00"	"17.74"	"Handicap"	"6"	"7"	"Downing, George"	"Channon, M R"	"6f "	"3"	"10"	"3"	"7"
"19:40:00"	"2017-06-02"	"Goodwood"	"Black Bess"	"5.00"	"7.32"	"Handicap"	"7"	"7"	"Mitchell, Jack"	"Boyle, J R"	"6f "	"3"	"10"	"2"	"3"
"15:00:00"	"2017-06-01"	"Hamilton"	"Secret Missile"	"7.00"	"10.09"	"Handicap"	"4"	"9"	"Allan, David"	"Griffiths, D C"	"6f "	"5"	"7"	"5"	"8"
"15:00:00"	"2017-06-01"	"Hamilton"	"Casterbridge"	"2.00"	"3"	"Handicap"	"5"	"9"	"Farley, Neil"	"Alston, E J"	"6f "	"5"	"2"	"1"	"8"
"19:10:00"	"2017-05-31"	"Ayr"	"Yeeoow (IRE)"	"14.00"	"16.23"	"Handicap"	"3"	"7"	"Lee, Clifford"	"Burke, K R"	"6f "	"4"	"9"	"5"	"6"
"15:00:00"	"2017-05-31"	"Beverley"	"Chip Or Pellet"	"7.00"	"9.45"	"Handicap"	"6"	"10"	"Hanagan, Paul"	"Tinkler, N"	"5f "	"6"	"8"	"6"	"12"
"14:50:00"	"2017-05-31"	"Nottingham"	"Socialites Red"	"4.00"	"5.4"	"Handicap"	"1"	"7"	"Walsh, R P"	"Dixon, Scott"	"6f "	"5"	"4"	"2"	"10"
"14:50:00"	"2017-05-31"	"Nottingham"	"Monarch Maid"	"18.00"	"24"	"Handicap"	"5"	"7"	"Marquand, Tom"	"Hiatt, P W"	"6f "	"5"	"6"	"8"	"9"
"14:30:00"	"2017-05-31"	"Beverley"	"The Armed Man"	"3.33"	"4.86"	"Handicap"	"2"	"11"	"Muir, Paula"	"Fairhurst, C W"	"5f "	"6"	"8"	"1"	"12"
"14:30:00"	"2017-05-31"	"Beverley"	"Archimedes (IRE)"	"9.00"	"11"	"Handicap"	"3"	"11"	"Allan, David"	"Griffiths, D C"	"5f "	"6"	"7"	"9"	"11"
"14:30:00"	"2017-05-31"	"Beverley"	"Minty Jones"	"50.00"	"75"	"Handicap"	"7"	"11"	"Dennis, Phil"	"Mullineaux, M"	"5f "	"6"	"6"	"6"	"10"
"14:30:00"	"2017-05-31"	"Beverley"	"Pearl Noir"	"2.75"	"4.66"	"Handicap"	"11"	"11"	"Pilley, Mr P"	"Dixon, Scott"	"5f "	"6"	"10"	"1"	"8"
"17:00:00"	"2017-05-30"	"Redcar"	"Kensington Palace (IRE)"	"6.00"	"8.25"	"Handicap Maiden"	"2"	"12"	"Smith, Becky"	"Fife, Mrs Marjorie"	"6f "	"6"	"10"	"5"	"6"
"17:00:00"	"2017-05-30"	"Redcar"	"Bingo George (IRE)"	"4.50"	"5.97"	"Handicap Maiden"	"3"	"12"	"Bridgwater, Poppy"	"Balding, A M"	"6f "	"6"	"7"	"5"	"7"
"17:00:00"	"2017-05-30"	"Redcar"	"Tweetheart"	"28.00"	"44.21"	"Handicap Maiden"	"10"	"12"	"Sayer, Miss E C"	"Barr, R E"	"6f "	"6"	"8"	"9"	"12"
"16:50:00"	"2017-05-30"	"Leicester"	"Signore Piccolo"	"2.25"	"3.59"	"Handicap"	"2"	"8"	"Ryan, Rossa"	"Loughnane, David"	"5f "	"5"	"10"	"4"	"14"
"16:50:00"	"2017-05-30"	"Leicester"	"Burtonwood"	"4.00"	"5.44"	"Handicap"	"3"	"8"	"Rodriguez, Callum"	"Camacho, Miss J A"	"5f "	"5"	"7"	"2"	"12"
"16:50:00"	"2017-05-30"	"Leicester"	"Borough Boy (IRE)"	"8.00"	"9.95"	"Handicap"	"4"	"8"	"Hamilton, Tony"	"Shaw, D"	"5f "	"5"	"7"	"2"	"8"
"16:50:00"	"2017-05-30"	"Leicester"	"Sarabi (OLD)"	"16.00"	"20"	"Handicap"	"8"	"8"	"Berry, F M"	"Dixon, Scott"	"5f "	"5"	"9"	"6"	"8"
"16:00:00"	"2017-05-30"	"Redcar"	"Lydias Place"	"5.50"	"7.23"	"Handicap"	"1"	"9"	"Lee, Clifford"	"Guest, R C"	"5f "	"4"	"8"	"9"	"11"
"16:00:00"	"2017-05-30"	"Redcar"	"Black Grass"	"4.50"	"6.07"	"Handicap"	"4"	"9"	"Evans, Nathan"	"Easterby, M W"	"5f "	"4"	"4"	"10"	"12"
"16:00:00"	"2017-05-30"	"Redcar"	"Extrasolar"	"3.50"	"5.31"	"Handicap"	"5"	"9"	"Makin, Phillip"	"Harker, G A"	"5f "	"4"	"5"	"2"	"8"
"15:00:00"	"2017-05-30"	"Redcar"	"Thornaby Nash"	"20.00"	"26"	"Handicap"	"2"	"12"	"Eaves, Tom"	"Tutty, Mrs K J"	"1m "	"5"	"7"	"5"	"12"
"15:00:00"	"2017-05-30"	"Redcar"	"Lozah"	"12.00"	"15"	"Handicap"	"4"	"12"	"Beasley, Connor"	"Fell, R / Murray, S"	"1m "	"5"	"7"	"5"	"12"
"15:00:00"	"2017-05-30"	"Redcar"	"Willsy"	"20.00"	"26"	"Handicap"	"6"	"12"	"Tutty, Gemma"	"Tutty, Mrs K J"	"1m "	"5"	"4"	"10"	"10"
"17:00:00"	"2017-05-29"	"Leicester"	"Rebel Surge (IRE)"	"2.00"	"3.21"	"Handicap"	"1"	"4"	"Lee, G"	"Spencer, Richard"	"7f "	"4"	"5"	"2"	"5"
"16:40:00"	"2017-05-29"	"Windsor"	"Major Pusey"	"10.00"	"12.24"	"Handicap"	"1"	"10"	"Sweeney, Fergus"	"Gallagher, J"	"6f "	"4"	"9"	"7"	"11"
"16:40:00"	"2017-05-29"	"Windsor"	"Sumou (IRE)"	"40.00"	"44"	"Handicap"	"10"	"10"	"Probert, David"	"Bradley, J M"	"6f "	"4"	"9"	"8"	"11"
"13:50:00"	"2017-05-29"	"Redcar"	"Bajan Beacon"	"66.00"	"195.11"	"Seller"	"9"	"10"	"Eaves, Tom"	"Jardine, I"	"7f "	"6"	"10"	"8"	"8"
"18:15:00"	"2017-05-27"	"Salisbury"	"Royal Normandy"	"25.00"	"47.12"	"Handicap"	"7"	"12"	"Dwyer, Martin"	"Harris, Miss G"	"6f "	"6"	"10"	"9"	"13"
"14:25:00"	"2017-05-27"	"Curragh"	"Mr Right (IRE)"	"8.00"	"10.5"	"Handicap"	"4"	"20"	"OConnor, Donagh"	"Levins, J F"	"6f "	"0"	"6"	"2"	"13"
"14:25:00"	"2017-05-27"	"Curragh"	"Geological (IRE)"	"20.00"	"44"	"Handicap"	"15"	"20"	"Hussey, M C"	"English, Damian Joseph"	"6f "	"0"	"6"	"5"	"13"
"14:25:00"	"2017-05-27"	"Curragh"	"Escondida (IRE)"	"12.00"	"16.43"	"Handicap"	"17"	"20"	"Manning, K J"	"Bolger, J S"	"6f "	"0"	"4"	"7"	"16"
"14:25:00"	"2017-05-27"	"Curragh"	"Rivellino"	"25.00"	"59.23"	"Handicap"	"19"	"20"	"Keane, C T"	"McGuinness, Adrian"	"6f "	"0"	"7"	"5"	"10"
"18:10:00"	"2017-05-25"	"Tipperary"	"Pillar"	"5.00"	"6.72"	"Handicap"	"2"	"11"	"Hoban, Connor"	"McGuinness, Adrian"	"5f "	"0"	"6"	"3"	"16"
"17:25:00"	"2017-05-25"	"Goodwood"	"Danecase"	"2.25"	"3.8"	"Handicap"	"1"	"9"	"Ryan, Rossa"	"Dennis, David"	"6f "	"5"	"7"	"2"	"11"
"17:10:00"	"2017-05-24"	"Lingfield"	"Flying Sakhee"	"10.00"	"13.08"	"Handicap"	"2"	"13"	"Godwin, Mitch"	"Bridger, J / Cook, R"	"6f "	"6"	"6"	"7"	"11"
"17:00:00"	"2017-05-24"	"Yarmouth"	"Moi Aussie"	"1.50"	"2.88"	"Handicap"	"1"	"8"	"Sousa, Silvestre De"	"Appleby, M"	"7f "	"6"	"7"	"1"	"10"
"17:00:00"	"2017-05-24"	"Yarmouth"	"Swilly Sunset"	"2.75"	"3.25"	"Handicap"	"3"	"8"	"Pearce, Simon"	"Carson, Anthony"	"7f "	"6"	"7"	"4"	"10"
"16:40:00"	"2017-05-24"	"Lingfield"	"Jack The Laird (IRE)"	"16.00"	"20"	"Claimer"	"4"	"9"	"Duern, J"	"Ivory, D K"	"7.5f "	"6"	"7"	"5"	"11"
"16:40:00"	"2017-05-24"	"Lingfield"	"Locommotion"	"33.00"	"48"	"Claimer"	"5"	"9"	"Fahy, J P"	"Salaman, M"	"7.5f "	"6"	"6"	"4"	"11"
"16:00:00"	"2017-05-24"	"Yarmouth"	"Gatillo"	"25.00"	"32"	"Handicap"	"6"	"7"	"Beschizza,Adam "	"Feilden, Miss J"	"1m "	"5"	"6"	"11"	"11"
"15:50:00"	"2017-05-24"	"Ayr"	"Tylery Wonder (IRE)"	"5.50"	"7.2"	"Handicap"	"5"	"6"	"Mulrennan, Paul"	"Midgley, P T"	"5f "	"3"	"9"	"2"	"8"
"15:30:00"	"2017-05-24"	"Yarmouth"	"In Kens Memory"	"1.25"	"2.57"	"Handicap"	"4"	"5"	"Sousa, Silvestre De"	"Appleby, M"	"1m "	"4"	"9"	"1"	"5"
"15:20:00"	"2017-05-24"	"Ayr"	"Cheeni"	"8.00"	"12"	"Handicap"	"2"	"9"	"James, S H"	"Goldie, J S"	"6f "	"6"	"5"	"3"	"6"
"15:20:00"	"2017-05-24"	"Ayr"	"Sea Of Green"	"3.00"	"4.6"	"Handicap"	"3"	"9"	"Berry, F M"	"Goldie, J S"	"6f "	"6"	"5"	"5"	"6"
"15:20:00"	"2017-05-24"	"Ayr"	"Dutch Dream"	"16.00"	"17.5"	"Handicap"	"7"	"9"	"Lee, G"	"Perratt, Miss L A"	"6f "	"6"	"5"	"6"	"6"
"17:00:00"	"2017-05-23"	"Nottingham"	"Bonjour Steve"	"8.00"	"12"	"Handicap"	"3"	"8"	"ONeill, K T"	"Price, R J"	"5f "	"5"	"7"	"7"	"12"
"15:40:00"	"2017-05-22"	"Redcar"	"Lathom"	"10.00"	"12"	"Handicap"	"7"	"11"	"Tudhope, Daniel"	"OMeara, D"	"5f "	"3"	"10"	"6"	"7"
"14:50:00"	"2017-05-22"	"Carlisle"	"Aguerooo (IRE)"	"6.00"	"7.84"	"Handicap"	"3"	"6"	"Mullen, Andrew"	"Pears, Ollie"	"6f "	"4"	"7"	"5"	"8"
"17:10:00"	"2017-05-21"	"Ripon"	"Pearl Noir"	"3.50"	"4.95"	"Handicap"	"1"	"8"	"Pilley, Mr P"	"Dixon, Scott"	"5f "	"5"	"8"	"2"	"14"
"17:10:00"	"2017-05-21"	"Ripon"	"Mighty Zip (USA)"	"6.50"	"7.97"	"Handicap"	"3"	"8"	"Uys, Jordan"	"Williamson, Mrs L"	"5f "	"5"	"8"	"1"	"12"
"16:10:00"	"2017-05-21"	"Ripon"	"Tumblewind"	"10.00"	"14"	"Handicap"	"3"	"11"	"Norton, Francis"	"Whitaker, R M"	"6f "	"3"	"3"	"6"	"12"
"16:10:00"	"2017-05-21"	"Ripon"	"Honeysuckle Lil (IRE)"	"8.00"	"9.42"	"Handicap"	"5"	"11"	"Richardson, Rachel"	"Easterby, T D"	"6f "	"3"	"9"	"4"	"7"
"20:50:00"	"2017-05-20"	"Doncaster"	"Appleberry (IRE)"	"4.50"	"5.77"	"Handicap"	"7"	"14"	"Sousa, Silvestre De"	"Appleby, M"	"6f "	"4"	"5"	"4"	"8"
"15:55:00"	"2017-05-20"	"Thirsk"	"Mishaal (IRE)"	"50.00"	"179.89"	"Handicap"	"18"	"19"	"Eaves, Tom"	"Herrington,M "	"6f "	"3"	"8"	"7"	"7"
"15:35:00"	"2017-05-20"	"Navan"	"Ostatnia (IRE)"	"4.00"	"5.4"	"Handicap"	"4"	"10"	"Lee, W J"	"McCreery, W"	"5f "	"0"	"6"	"5"	"9"
"14:10:00"	"2017-05-20"	"Thirsk"	"Lucky Beggar (IRE)"	"3.33"	"4.4"	"Handicap"	"2"	"11"	"Allan, David"	"Griffiths, D C"	"5f "	"4"	"5"	"1"	"8"
"14:10:00"	"2017-05-20"	"Thirsk"	"Henley"	"3.00"	"4.67"	"Handicap"	"5"	"11"	"Curtis, B A"	"Waggott, Miss Tracy"	"5f "	"4"	"4"	"1"	"13"
"14:10:00"	"2017-05-20"	"Thirsk"	"Pearl Acclaim (IRE)"	"6.00"	"7.63"	"Handicap"	"6"	"11"	"Tudhope, Daniel"	"OMeara, D"	"5f "	"4"	"9"	"5"	"6"
"17:50:00"	"2017-05-19"	"Cork"	"Blue Bounty"	"8.00"	"10.2"	"Handicap"	"1"	"16"	"Davis, Sean"	"Culloty, J H"	"6f "	"0"	"5"	"19"	"20"
"17:50:00"	"2017-05-19"	"Cork"	"Pillar"	"2.75"	"4.02"	"Handicap"	"3"	"16"	"Leonard, Killian"	"McGuinness, Adrian"	"6f "	"0"	"5"	"6"	"20"
"17:50:00"	"2017-05-19"	"Cork"	"Battleroftheboyne (IRE)"	"8.00"	"12.5"	"Handicap"	"8"	"16"	"Hogan, D E"	"OConnell, Eamon"	"6f "	"0"	"5"	"13"	"20"
"17:50:00"	"2017-05-19"	"Cork"	"Kings Of Luxor"	"20.00"	"60"	"Handicap"	"9"	"16"	"Melia, Damien"	"Burns, R P"	"6f "	"0"	"7"	"13"	"14"
"17:50:00"	"2017-05-19"	"Cork"	"Guanabara Bay (IRE)"	"14.00"	"17"	"Handicap"	"11"	"16"	"Boardman, Zoe"	"McGuinness, Adrian"	"6f "	"0"	"6"	"20"	"21"
"17:50:00"	"2017-05-19"	"Cork"	"Adelena (IRE)"	"33.00"	"120"	"Handicap"	"16"	"16"	"Downey, R P"	"OShea, Mrs A M"	"6f "	"0"	"7"	"10"	"11"
"17:30:00"	"2017-05-19"	"Newmarket (Rowley)"	"Secret Missile"	"8.00"	"11.07"	"Handicap"	"4"	"8"	"Cummins, Stephen"	"Griffiths, D C"	"6f "	"5"	"8"	"7"	"8"
"15:00:00"	"2017-05-16"	"Beverley"	"Socialites Red"	"6.50"	"8.23"	"Handicap"	"3"	"13"	"Walsh, R P"	"Dixon, Scott"	"5f "	"5"	"4"	"1"	"15"
"14:25:00"	"2017-05-14"	"Curragh"	"Gopsies Daughter (IRE)"	"16.00"	"28.58"	"Handicap"	"1"	"20"	"Dwyer, Martin"	"Hogan, Denis Gerard"	"5f "	"0"	"2"	"8"	"14"
"14:25:00"	"2017-05-14"	"Curragh"	"Palavicini Run (IRE)"	"20.00"	"39.04"	"Handicap"	"2"	"20"	"OConnor, Donagh"	"Levins, J F"	"5f "	"0"	"8"	"10"	"11"
"14:25:00"	"2017-05-14"	"Curragh"	"Pillar"	"12.00"	"13.05"	"Handicap"	"6"	"20"	"Whelan, R P"	"McGuinness, Adrian"	"5f "	"0"	"2"	"3"	"14"
"14:25:00"	"2017-05-14"	"Curragh"	"One Boy (IRE)"	"10.00"	"13.04"	"Handicap"	"12"	"20"	"Smullen, P J"	"Midgley, P T"	"5f "	"0"	"10"	"5"	"7"
"20:45:00"	"2017-05-13"	"Thirsk"	"Our Place In Loule"	"4.50"	"5.85"	"Handicap"	"4"	"18"	"McDonald, P J"	"Wilson, N"	"6f "	"6"	"5"	"3"	"15"
"20:45:00"	"2017-05-13"	"Thirsk"	"Perfect Words (IRE)"	"11.00"	"15.5"	"Handicap"	"9"	"18"	"Tudhope, Daniel"	"Fife, Mrs Marjorie"	"6f "	"6"	"5"	"5"	"15"
"20:45:00"	"2017-05-13"	"Thirsk"	"Dalalah"	"20.00"	"28"	"Handicap"	"12"	"18"	"Hart, Jason"	"Guest, R C"	"6f "	"6"	"10"	"4"	"8"
"18:15:00"	"2017-05-13"	"Thirsk"	"Thornaby Princess"	"14.00"	"23.29"	"Handicap"	"5"	"14"	"Ffrench, Royston"	"Teague, C J"	"5f "	"6"	"9"	"3"	"6"
"18:15:00"	"2017-05-13"	"Thirsk"	"Under Approval"	"50.00"	"60"	"Handicap"	"13"	"14"	"Haynes, Joey"	"Tutty, Mrs K J"	"5f "	"6"	"9"	"6"	"6"
"17:45:00"	"2017-05-13"	"Thirsk"	"Noah Amor (IRE)"	"1.00"	"2.18"	"Seller"	"1"	"6"	"Murtagh, Connor"	"Fahey, R A"	"6f "	"6"	"10"	"2"	"8"
"17:45:00"	"2017-05-13"	"Thirsk"	"Monsieur Jimmy"	"4.50"	"5.7"	"Seller"	"4"	"6"	"Tudhope, Daniel"	"Carroll, D"	"6f "	"6"	"5"	"3"	"9"
"17:10:00"	"2017-05-13"	"Ascot"	"Gung Ho Jack"	"33.00"	"68.08"	"Handicap"	"8"	"20"	"Fox, Kieren"	"Best, J R"	"6f "	"4"	"10"	"8"	"8"
"17:10:00"	"2017-05-13"	"Ascot"	"Pour La Victoire (IRE)"	"33.00"	"150"	"Handicap"	"18"	"20"	"Downing, George"	"Carroll, A W"	"6f "	"4"	"8"	"8"	"9"
"17:10:00"	"2017-05-13"	"Ascot"	"Salvatore Fury (IRE)"	"14.00"	"26.65"	"Handicap"	"20"	"20"	"Berry, F M"	"Dalgleish, Keith"	"6f "	"4"	"6"	"6"	"6"
"16:15:00"	"2017-05-13"	"Lingfield"	"Fox Trotter (IRE)"	"3.33"	"4.89"	"Handicap"	"3"	"6"	"Fortune, Jimmy"	"Meehan, B J"	"7.5f "	"3"	"7"	"7"	"15"
"14:40:00"	"2017-05-13"	"Nottingham"	"Silverrica (IRE)"	"12.00"	"16"	"Handicap"	"10"	"12"	"Morris, Luke"	"Saunders, M S"	"5f "	"5"	"8"	"2"	"9"
"20:30:00"	"2017-05-12"	"Nottingham"	"Deeds Not Words (IRE)"	"4.00"	"5.9"	"Handicap"	"2"	"15"	"Probert, David"	"Wigham, M"	"6f "	"6"	"9"	"4"	"9"
"19:05:00"	"2017-05-12"	"Ripon"	"Taskeen (IRE)"	"4.50"	"5.93"	"Handicap"	"5"	"7"	"Hamilton, Tony"	"Fell, R / Murray, S"	"6f "	"4"	"6"	"3"	"8"
"19:05:00"	"2017-05-12"	"Ripon"	"Lathom"	"5.00"	"6.2"	"Handicap"	"6"	"7"	"Tudhope, Daniel"	"OMeara, D"	"6f "	"4"	"10"	"5"	"7"
"17:30:00"	"2017-05-12"	"Lingfield"	"Duke Of North (IRE)"	"3.50"	"5.28"	"Handicap"	"1"	"7"	"Francis, Isobel"	"Boyle, J R"	"7f "	"4"	"10"	"2"	"5"
"17:30:00"	"2017-05-12"	"Lingfield"	"Tavener"	"4.50"	"6.88"	"Handicap"	"5"	"7"	"Bell, Samantha"	"Griffiths, D C"	"7f "	"4"	"4"	"2"	"9"
"15:20:00"	"2017-05-12"	"Lingfield"	"Stepper Point"	"6.00"	"8.55"	"Handicap"	"4"	"6"	"Dwyer, Martin"	"Muir, W R"	"5f "	"3"	"6"	"8"	"10"
"17:15:00"	"2017-05-11"	"Catterick"	"Oriental Relation (IRE)"	"2.75"	"3.62"	"Handicap"	"3"	"6"	"Rodriguez, Callum"	"Given, J G"	"5f "	"5"	"8"	"1"	"8"
"15:00:00"	"2017-05-08"	"Ayr"	"Jessie Allan (IRE)"	"16.00"	"20.87"	"Handicap"	"6"	"15"	"Sullivan, James P"	"Goldie, J S"	"6f "	"6"	"4"	"4"	"9"
"14:30:00"	"2017-05-08"	"Ayr"	"Longroom"	"0.25"	"1.25"	"Handicap"	"1"	"7"	"Lee, G"	"Wilson, N"	"5f "	"6"	"4"	"1"	"6"
"15:45:00"	"2017-05-07"	"Hamilton"	"Maureb (IRE)"	"9.00"	"11.5"	"Handicap"	"4"	"7"	"McHugh, B"	"Coyle, Tony"	"6f "	"4"	"9"	"5"	"12"
"17:25:00"	"2017-05-06"	"Thirsk"	"First Bombardment"	"6.50"	"9.38"	"Handicap"	"6"	"9"	"Doyle, Josh"	"OMeara, D"	"5f "	"4"	"8"	"7"	"12"
"17:25:00"	"2017-05-06"	"Thirsk"	"Pea Shooter"	"11.00"	"14.16"	"Handicap"	"7"	"9"	"Robinson, Ben"	"Ellison, B"	"5f "	"4"	"8"	"11"	"12"
"17:25:00"	"2017-05-06"	"Thirsk"	"Musharrif"	"7.00"	"10.5"	"Handicap"	"9"	"9"	"Farley, Neil"	"Carroll, D"	"5f "	"4"	"8"	"9"	"12"
"15:15:00"	"2017-05-06"	"Goodwood"	"Just That Lord"	"7.00"	"8.6"	"Handicap"	"10"	"10"	"Winston, Robert"	"Turner, W G M"	"5f "	"3"	"10"	"2"	"10"
"13:30:00"	"2017-05-06"	"Cork"	"Haqeeba (IRE)"	"25.00"	"42"	"Handicap"	"8"	"11"	"Leonard, Killian"	"Lennon, Liam"	"6f "	"0"	"6"	"9"	"11"
"14:50:00"	"2017-05-05"	"Chepstow"	"Roys Legacy"	"2.75"	"4.49"	"Handicap"	"1"	"9"	"Bennett, Charlie"	"Harris, S A"	"5f "	"5"	"3"	"2"	"6"
"20:10:00"	"2017-05-04"	"Musselburgh"	"Lucky Beggar (IRE)"	"6.50"	"8.4"	"Handicap"	"3"	"7"	"Eaves, Tom"	"Griffiths, D C"	"5f "	"4"	"7"	"4"	"12"
"18:10:00"	"2017-05-04"	"Musselburgh"	"Under Approval"	"12.00"	"14.54"	"Handicap"	"6"	"6"	"Tutty, Gemma"	"Tutty, Mrs K J"	"5f "	"6"	"8"	"10"	"12"
"15:30:00"	"2017-05-04"	"Redcar"	"Capolavoro (FR)"	"1.50"	"2.68"	"Claimer"	"1"	"7"	"Rodriguez, Callum"	"Cowell, R M H"	"7f "	"6"	"9"	"5"	"10"
"20:20:00"	"2017-05-03"	"Yarmouth"	"Compas Scoobie"	"0.91"	"2.03"	"Handicap"	"5"	"8"	"Noble, Cameron"	"Varian, Roger"	"6f "	"5"	"4"	"1"	"9"
"19:20:00"	"2017-05-03"	"Yarmouth"	"Harlequin Rock"	"2.75"	"3.8"	"Handicap"	"3"	"6"	"Egan, John"	"Quinn, M"	"1m "	"6"	"8"	"2"	"8"
"16:55:00"	"2017-05-03"	"Ascot"	"Gerry The Glover (IRE)"	"4.00"	"5.3"	"Handicap"	"6"	"10"	"Robinson, Ben"	"Ellison, B"	"1m "	"4"	"9"	"4"	"15"
"15:20:00"	"2017-05-01"	"Naas"	"Sweetest Taboo (IRE)"	"3.50"	"5.31"	"Handicap"	"3"	"12"	"Crosse, Nathan"	"McCreery, W"	"5f "	"0"	"7"	"3"	"19"
"15:20:00"	"2017-05-01"	"Naas"	"Blairmayne (IRE)"	"7.00"	"9.23"	"Handicap"	"4"	"12"	"Foley, Shane"	"Lupini, Miss Natalia"	"5f "	"0"	"7"	"9"	"14"
"15:20:00"	"2017-05-01"	"Naas"	"Pillar"	"12.00"	"21"	"Handicap"	"6"	"12"	"Leonard, Killian"	"McGuinness, Adrian"	"5f "	"0"	"7"	"1"	"19"
"15:20:00"	"2017-05-01"	"Naas"	"Mo Henry"	"20.00"	"46.19"	"Handicap"	"8"	"12"	"Gallagher, Mark"	"Keatley, Adrian Paul"	"5f "	"0"	"7"	"9"	"19"
"15:20:00"	"2017-05-01"	"Naas"	"Aggression (IRE)"	"20.00"	"36"	"Handicap"	"12"	"12"	"Crehan, Niamh"	"OCallaghan, M D"	"5f "	"0"	"7"	"14"	"14"
"14:35:00"	"2017-05-01"	"Windsor"	"Pretty Bubbles"	"8.00"	"10.5"	"Handicap"	"5"	"9"	"Sweeney, Fergus"	"Jenkins, J R"	"6f "	"4"	"7"	"3"	"12"
"14:35:00"	"2017-05-01"	"Windsor"	"Kyllukey"	"16.00"	"26.61"	"Handicap"	"6"	"9"	"Probert, David"	"Bradley, J M"	"6f "	"4"	"7"	"8"	"12"
"14:00:00"	"2017-05-01"	"Windsor"	"Viva Verglas (IRE)"	"8.00"	"10"	"Handicap"	"2"	"10"	"Eley, T"	"Loughnane, Daniel Mark"	"6f "	"5"	"9"	"4"	"8"
"14:00:00"	"2017-05-01"	"Windsor"	"Zabdi"	"8.00"	"9.68"	"Handicap"	"5"	"10"	"Bryan, Joshua"	"Carter, Lee"	"6f "	"5"	"7"	"4"	"7"
"17:30:00"	"2017-04-30"	"Salisbury"	"Mister Musicmaster"	"6.00"	"7.65"	"Handicap"	"7"	"9"	"Frost, Bryony"	"Hodges, R J"	"7f "	"6"	"6"	"3"	"7"
"17:00:00"	"2017-04-30"	"Salisbury"	"Heres Two"	"9.00"	"10.56"	"Handicap"	"7"	"7"	"Morris, Luke"	"Hodges, R J"	"7f "	"3"	"10"	"5"	"7"
"19:35:00"	"2017-04-29"	"Doncaster"	"Karisma (IRE)"	"2.00"	"3.3"	"Handicap"	"4"	"8"	"Doyle, James"	"Varian, Roger"	"7f "	"4"	"9"	"2"	"7"
"19:35:00"	"2017-04-29"	"Doncaster"	"Rosamaria (IRE)"	"25.00"	"38"	"Handicap"	"6"	"8"	"Doyle, Joe"	"Camacho, Miss J A"	"7f "	"4"	"10"	"8"	"9"
"16:50:00"	"2017-04-29"	"Doncaster"	"Royal Reserve"	"50.00"	"80"	"Handicap"	"15"	"17"	"Donohoe, Stephen"	"Williams, Ian"	"1m "	"4"	"7"	"10"	"14"
"14:20:00"	"2017-04-29"	"Leicester"	"Diamond Lady"	"4.50"	"6.4"	"Handicap"	"4"	"7"	"Beschizza,Adam "	"Stone, W B"	"6f "	"4"	"9"	"1"	"7"
"17:05:00"	"2017-04-28"	"Doncaster"	"Penny Dreadful"	"4.50"	"5.63"	"Handicap"	"5"	"11"	"Allan, David"	"Dixon, Scott"	"6f "	"5"	"6"	"3"	"19"
"16:30:00"	"2017-04-28"	"Doncaster"	"Foxtrot Knight"	"5.50"	"7.15"	"Handicap"	"5"	"12"	"Garritty, Jack"	"Carr, Mrs R A"	"5f "	"4"	"8"	"1"	"6"
"16:30:00"	"2017-04-28"	"Doncaster"	"Stake Acclaim (IRE)"	"2.50"	"3.95"	"Handicap"	"6"	"12"	"Winston, Robert"	"Ivory, D K"	"5f "	"4"	"4"	"3"	"9"
"14:10:00"	"2017-04-28"	"Doncaster"	"African Blessing"	"4.00"	"5.03"	"Handicap"	"1"	"12"	"Makin, Phillip"	"Barron, T D"	"7f "	"5"	"6"	"4"	"11"
"14:10:00"	"2017-04-28"	"Doncaster"	"Lucky Lodge"	"16.00"	"23"	"Handicap"	"4"	"12"	"Hardie, Cameron"	"Brittain, Antony"	"7f "	"5"	"9"	"2"	"11"
"13:40:00"	"2017-04-27"	"Beverley"	"Lucky Beggar (IRE)"	"2.75"	"3.9"	"Handicap"	"4"	"12"	"Allan, David"	"Griffiths, D C"	"5f "	"5"	"10"	"2"	"16"
"14:10:00"	"2017-04-26"	"Epsom"	"Majestic Hero (IRE)"	"4.50"	"6.05"	"Handicap"	"1"	"10"	"Spencer, Jamie"	"Harris, R A"	"5f "	"3"	"8"	"2"	"11"
"13:50:00"	"2017-04-26"	"Catterick"	"Kinloch Pride"	"2.00"	"3.16"	"Handicap"	"1"	"12"	"Lee, G"	"Wilson, N"	"5f "	"6"	"9"	"2"	"11"
"13:50:00"	"2017-04-26"	"Catterick"	"Culloden"	"4.50"	"5.74"	"Handicap"	"9"	"12"	"Pilley, Mr P"	"Harris, S A"	"5f "	"6"	"8"	"4"	"9"
"15:15:00"	"2017-04-25"	"Yarmouth"	"Rojina (IRE)"	"40.00"	"70"	"Handicap"	"6"	"9"	"Uys, Jordan"	"Williamson, Mrs L"	"5f "	"6"	"10"	"5"	"6"
"18:15:00"	"2017-04-24"	"Windsor"	"Englishman"	"12.00"	"16.47"	"Handicap"	"12"	"12"	"Murphy, Oisin"	"Bradley, J M"	"6f "	"3"	"10"	"8"	"9"
"17:55:00"	"2017-04-24"	"Navan"	"Molans Mare (IRE)"	"14.00"	"20.01"	"Handicap"	"6"	"19"	"Melia, Damien"	"Clarke, Keith Henry"	"5f "	"0"	"1"	"10"	"21"
"17:55:00"	"2017-04-24"	"Navan"	"Master Bond"	"12.00"	"16.22"	"Handicap"	"7"	"19"	"Foley, Shane"	"McAuley, James"	"5f "	"0"	"3"	"2"	"10"
"17:55:00"	"2017-04-24"	"Navan"	"Feotanach (IRE)"	"16.00"	"33.3"	"Handicap"	"11"	"19"	"McDonogh, D P"	"Slattery, Andrew"	"5f "	"0"	"7"	"14"	"15"
"17:55:00"	"2017-04-24"	"Navan"	"In My Place"	"16.00"	"29"	"Handicap"	"15"	"19"	"Carroll, G F"	"Rogers, P M"	"5f "	"0"	"1"	"17"	"21"
"16:55:00"	"2017-04-24"	"Navan"	"Peticoatgovernment (IRE)"	"7.00"	"8.86"	"Handicap"	"1"	"14"	"Crosse, Nathan"	"McCreery, W"	"6f "	"0"	"7"	"3"	"9"
"17:50:00"	"2017-04-22"	"Thirsk"	"Kyllach Me (IRE)"	"12.00"	"15.42"	"Handicap"	"1"	"19"	"Beasley, Connor"	"Smart, B"	"6f "	"6"	"10"	"10"	"11"
"17:50:00"	"2017-04-22"	"Thirsk"	"Penny Dreadful"	"7.00"	"8.85"	"Handicap"	"3"	"19"	"Allan, David"	"Dixon, Scott"	"6f "	"6"	"10"	"3"	"10"
"17:50:00"	"2017-04-22"	"Thirsk"	"Dalalah"	"11.00"	"12.49"	"Handicap"	"5"	"19"	"Lee, Clifford"	"Guest, R C"	"6f "	"6"	"10"	"8"	"11"
"17:30:00"	"2017-04-22"	"Nottingham"	"Major Valentine"	"2.50"	"3.61"	"Handicap"	"1"	"12"	"Robinson, Ben"	"Oshea, J G M"	"5f "	"6"	"10"	"1"	"11"
"17:30:00"	"2017-04-22"	"Nottingham"	"Roys Legacy"	"14.00"	"19.8"	"Handicap"	"2"	"12"	"Bennett, Charlie"	"Harris, S A"	"5f "	"6"	"9"	"1"	"12"
"17:30:00"	"2017-04-22"	"Nottingham"	"Ambitious Icarus"	"7.00"	"9.1"	"Handicap"	"8"	"12"	"Greatrex, Edward"	"Guest, R C"	"5f "	"6"	"10"	"5"	"10"
"17:30:00"	"2017-04-22"	"Nottingham"	"Clon Rocket (IRE)"	"50.00"	"90"	"Handicap"	"10"	"12"	"Ellingworth, Megan"	"Holt, J R"	"5f "	"6"	"3"	"10"	"11"
"14:55:00"	"2017-04-22"	"Thirsk"	"Roaring Rory"	"2.25"	"3.67"	"Seller"	"3"	"9"	"Edmunds, Lewis"	"Pears, Ollie"	"5f "	"6"	"10"	"7"	"14"
"13:50:00"	"2017-04-22"	"Thirsk"	"Zylan (IRE)"	"3.50"	"4.76"	"Handicap"	"2"	"11"	"Sanderson, Benjamin"	"Fell, R / Murray, S"	"6f "	"5"	"6"	"1"	"8"
"15:25:00"	"2017-04-20"	"Ripon"	"Alkhor"	"5.50"	"7.14"	"Handicap"	"3"	"14"	"Marquand, Tom"	"Hannon (Jnr), Richard"	"6f "	"4"	"9"	"1"	"11"
"15:25:00"	"2017-04-20"	"Ripon"	"Salvatore Fury (IRE)"	"14.00"	"19.94"	"Handicap"	"10"	"14"	"Mullen, Andrew"	"Dalgleish, Keith"	"6f "	"4"	"9"	"2"	"11"
"14:05:00"	"2017-04-17"	"Redcar"	"Kinloch Pride"	"6.00"	"7.11"	"Handicap"	"2"	"11"	"Dennis, Phil"	"Wilson, N"	"5f "	"5"	"5"	"1"	"14"
"13:50:00"	"2017-04-17"	"Cork"	"Golden Pearl"	"4.50"	"5.9"	"Handicap"	"12"	"15"	"Foley, Shane"	"Halford, M"	"6f "	"0"	"8"	"6"	"17"
"17:30:00"	"2017-04-12"	"Catterick"	"Zylan (IRE)"	"3.50"	"4.9"	"Handicap"	"3"	"14"	"Sanderson, Benjamin"	"Fell, R / Murray, S"	"5f "	"6"	"8"	"1"	"8"
"16:20:00"	"2017-04-10"	"Redcar"	"Newmarket Warrior (IRE)"	"18.00"	"23"	"Handicap"	"3"	"15"	"Gormley, Jamie"	"Jardine, I"	"1m "	"4"	"10"	"1"	"12"
"16:20:00"	"2017-04-10"	"Redcar"	"Abushamah (IRE)"	"16.00"	"25.75"	"Handicap"	"6"	"15"	"Sullivan, James P"	"Carr, Mrs R A"	"1m "	"4"	"10"	"6"	"11"
"16:20:00"	"2017-04-10"	"Redcar"	"Shamaheart (IRE)"	"20.00"	"27.02"	"Handicap"	"7"	"15"	"Allan, David"	"Harker, G A"	"1m "	"4"	"10"	"5"	"11"
"16:20:00"	"2017-04-10"	"Redcar"	"Zealous (IRE)"	"10.00"	"10.22"	"Handicap"	"12"	"15"	"Fanning, Joe"	"Swinbank, G A"	"1m "	"4"	"8"	"8"	"21"
"14:55:00"	"2017-04-09"	"Naas"	"Club Wexford (IRE)"	"4.50"	"6.38"	"Handicap"	"4"	"17"	"Cleary, R P"	"Bolger, J S"	"6f "	"0"	"4"	"2"	"18"
"15:05:00"	"2017-04-07"	"Leicester"	"Mister Music"	"16.00"	"22.43"	"Handicap"	"3"	"18"	"Downing, George"	"Carroll, A W"	"7f "	"4"	"5"	"20"	"21"
"15:20:00"	"2017-04-02"	"Doncaster"	"Ninjago"	"16.00"	"25.92"	"Handicap"	"3"	"22"	"Hardie, Cameron"	"Midgley, P T"	"6f "	"3"	"3"	"9"	"11"
"14:35:00"	"2017-04-02"	"Cork"	"Cantsayrightly (IRE)"	"66.00"	"1000"	"Maiden"	"8"	"10"	"Hoban, Connor"	"OSullivan, Ross"	"5f "	"0"	"7"	"19"	"20"
"13:45:00"	"2017-04-02"	"Doncaster"	"Boots And Spurs"	"20.00"	"27.04"	"Handicap"	"5"	"21"	"Swift, Mr Dale"	"Dixon, Scott"	"7f "	"4"	"4"	"6"	"7"
"15:10:00"	"2017-03-26"	"Naas"	"Geological (IRE)"	"16.00"	"21.15"	"Handicap"	"15"	"18"	"Foley, Shane"	"English, Damian Joseph"	"6f "	"0"	"10"	"6"	"7"
"15:30:00"	"2016-11-02"	"Nottingham"	"John Joiner"	"7.00"	"8.57"	"Handicap"	"2"	"14"	"Bennett, Charlie"	"Hedger, P R"	"5f "	"6"	"7"	"6"	"16"
"15:30:00"	"2016-11-02"	"Nottingham"	"JacobS Pillow"	"6.00"	"8.09"	"Handicap"	"3"	"14"	"McDonald, P J"	"Bastiman, Rebecca"	"5f "	"6"	"8"	"2"	"11"
"15:30:00"	"2016-11-02"	"Nottingham"	"Mo Henry"	"6.00"	"7.8"	"Handicap"	"6"	"14"	"Sheehy, Danny"	"Keatley, Adrian Paul"	"5f "	"6"	"7"	"1"	"13"
"15:30:00"	"2016-11-02"	"Nottingham"	"Bonjour Steve"	"16.00"	"22.28"	"Handicap"	"7"	"14"	"Dennis, Phil"	"Price, R J"	"5f "	"6"	"7"	"7"	"16"
"15:30:00"	"2016-11-02"	"Nottingham"	"Darrell Rivers"	"10.00"	"14"	"Handicap"	"11"	"14"	"Gordon, Josephine"	"Bravery, G C"	"5f "	"6"	"7"	"6"	"9"
"15:00:00"	"2016-11-02"	"Nottingham"	"Ballesteros"	"7.00"	"9.6"	"Handicap"	"1"	"9"	"McNamara, Adam"	"Fahey, R A"	"5f "	"4"	"8"	"1"	"9"
"15:00:00"	"2016-11-02"	"Nottingham"	"Coiste BoDhar (IRE)"	"8.00"	"10.5"	"Handicap"	"2"	"9"	"Hambling, Miss N"	"Dixon, Scott"	"5f "	"4"	"7"	"10"	"16"
"15:00:00"	"2016-11-02"	"Nottingham"	"Money Team (IRE)"	"3.50"	"4.9"	"Handicap"	"8"	"9"	"Gibbons, Graham"	"Barron, T D"	"5f "	"4"	"8"	"2"	"10"
"14:30:00"	"2016-11-02"	"Nottingham"	"Pensax Lad (IRE)"	"8.00"	"10.25"	"Handicap"	"11"	"11"	"Murphy, Oisin"	"Harris, R A"	"5f "	"4"	"7"	"1"	"16"
"16:10:00"	"2016-11-01"	"Redcar"	"Questo"	"2.50"	"4.01"	"Handicap"	"1"	"18"	"Curtis, B A"	"Waggott, Miss Tracy"	"6f "	"6"	"8"	"2"	"12"
"16:10:00"	"2016-11-01"	"Redcar"	"A J Cook (IRE)"	"20.00"	"24.25"	"Handicap"	"10"	"18"	"Allan, David"	"Barr, R E"	"6f "	"6"	"7"	"3"	"11"
"16:10:00"	"2016-11-01"	"Redcar"	"Adiator"	"25.00"	"40.38"	"Handicap"	"13"	"18"	"Stott, Kevin"	"Bycroft, N"	"6f "	"6"	"8"	"7"	"12"
"13:40:00"	"2016-11-01"	"Redcar"	"Nonno Giulio (IRE)"	"1.25"	"2.36"	"Seller"	"1"	"8"	"Doyle, Josh"	"Fell, R / Murray, S"	"1m "	"6"	"6"	"10"	"15"
"17:15:00"	"2016-10-28"	"Newmarket (Rowley)"	"Thecornishbarron (IRE)"	"20.00"	"30"	"Handicap"	"14"	"18"	"Kirby, Adam"	"Ryan, J"	"1m "	"4"	"9"	"12"	"14"
"16:20:00"	"2016-10-26"	"Nottingham"	"Flying Bear (IRE)"	"6.00"	"8.02"	"Handicap"	"3"	"16"	"Tylicki, Frederik"	"Gask, J R"	"5f "	"5"	"9"	"3"	"9"
"16:20:00"	"2016-10-26"	"Nottingham"	"Nocturn"	"25.00"	"50.39"	"Handicap"	"5"	"16"	"Mckee, Ciaran"	"Harris, R A"	"5f "	"5"	"9"	"7"	"9"
"16:20:00"	"2016-10-26"	"Nottingham"	"Coiste BoDhar (IRE)"	"11.00"	"17.7"	"Handicap"	"10"	"16"	"Hambling, Miss N"	"Dixon, Scott"	"5f "	"5"	"1"	"3"	"9"
"17:05:00"	"2016-10-25"	"Catterick"	"Robbian"	"7.00"	"9"	"Handicap"	"1"	"11"	"Walsh, R P"	"Smith, C"	"5f "	"6"	"7"	"1"	"10"
"17:05:00"	"2016-10-25"	"Catterick"	"Culloden"	"12.00"	"20.37"	"Handicap"	"3"	"11"	"Sanderson, Benjamin"	"Harris, S A"	"5f "	"6"	"3"	"10"	"10"
"17:05:00"	"2016-10-25"	"Catterick"	"Bapak Bangsawan"	"12.00"	"17.5"	"Handicap"	"9"	"11"	"Stokell, Ann"	"Stokell, Miss A"	"5f "	"6"	"9"	"13"	"13"
"16:30:00"	"2016-10-25"	"Catterick"	"Whipphound"	"6.00"	"7.33"	"Handicap"	"1"	"11"	"Sullivan, James P"	"Carr, Mrs R A"	"5f "	"6"	"7"	"4"	"10"
"16:30:00"	"2016-10-25"	"Catterick"	"Taffetta"	"4.50"	"6.2"	"Handicap"	"5"	"11"	"McHugh, B"	"Coyle, Tony"	"5f "	"6"	"7"	"4"	"11"
"16:30:00"	"2016-10-25"	"Catterick"	"Coolcalmcollected (IRE)"	"4.00"	"5.14"	"Handicap"	"6"	"11"	"McDonald, P J"	"Loughnane, David"	"5f "	"6"	"7"	"6"	"12"
"17:20:00"	"2016-10-24"	"Leicester"	"Baltic Prince (IRE)"	"9.00"	"13.73"	"Handicap"	"2"	"14"	"James, Mr B"	"Carroll, A W"	"7f "	"5"	"7"	"6"	"11"
"17:20:00"	"2016-10-24"	"Leicester"	"Celtic Sixpence (IRE)"	"25.00"	"41.51"	"Handicap"	"9"	"14"	"Broughton, Mr T P"	"Kent, Nick"	"7f "	"5"	"10"	"8"	"12"
"17:00:00"	"2016-10-24"	"Redcar"	"Be Bold"	"7.50"	"9.46"	"Handicap"	"1"	"12"	"Scott, Rowan"	"Bastiman, Rebecca"	"6f "	"6"	"10"	"5"	"11"
"14:40:00"	"2016-10-24"	"Leicester"	"Cockney Island"	"8.00"	"9.33"	"Claimer"	"6"	"12"	"Gordon, Josephine"	"McBride, P J"	"7f "	"6"	"9"	"8"	"9"
"16:10:00"	"2016-10-21"	"Newbury"	"My Dad Syd (USA)"	"8.50"	"12.95"	"Handicap"	"1"	"17"	"Durcan, Ted"	"Williams, Ian"	"7f "	"4"	"7"	"4"	"12"
"16:10:00"	"2016-10-21"	"Newbury"	"Cricklewood Green (USA)"	"8.00"	"10.47"	"Handicap"	"2"	"17"	"Godwin, Mitch"	"Kirk, S"	"7f "	"4"	"2"	"7"	"13"
"16:10:00"	"2016-10-21"	"Newbury"	"Black Caesar (IRE)"	"12.00"	"16.47"	"Handicap"	"15"	"17"	"Spencer, Jamie"	"Hide, Philip"	"7f "	"4"	"8"	"5"	"13"
"15:10:00"	"2016-10-19"	"Navan"	"Rattling Jewel"	"5.00"	"7.4"	"Handicap"	"2"	"9"	"Lordan, W M"	"McKenna, Miss Nicole"	"6f "	"0"	"10"	"4"	"13"
"15:10:00"	"2016-10-19"	"Navan"	"Geological (IRE)"	"16.00"	"28.83"	"Handicap"	"7"	"9"	"Cleary, R P"	"English, Damian Joseph"	"6f "	"0"	"9"	"8"	"14"
"14:35:00"	"2016-10-19"	"Navan"	"One Boy (IRE)"	"5.50"	"7.33"	"Handicap"	"1"	"15"	"Smullen, P J"	"Midgley, P T"	"5f "	"0"	"8"	"4"	"14"
"14:35:00"	"2016-10-19"	"Navan"	"Doonard Prince (IRE)"	"6.50"	"7.39"	"Handicap"	"2"	"15"	"Foley, Shane"	"OSullivan, Ross"	"5f "	"0"	"9"	"1"	"23"
"14:35:00"	"2016-10-19"	"Navan"	"Battleroftheboyne (IRE)"	"7.00"	"8.79"	"Handicap"	"10"	"15"	"McDonogh, D P"	"OConnell, Eamon"	"5f "	"0"	"10"	"9"	"13"
"15:20:00"	"2016-10-18"	"Yarmouth"	"Trust Me Boy"	"12.00"	"17.11"	"Handicap"	"5"	"12"	"Havlin, Robert"	"Long, J E"	"7f "	"6"	"8"	"4"	"12"
"16:50:00"	"2016-10-17"	"Windsor"	"Flying Bear (IRE)"	"5.00"	"7.19"	"Handicap"	"3"	"9"	"Lane, Martin"	"Gask, J R"	"5f "	"5"	"7"	"6"	"11"
"16:50:00"	"2016-10-17"	"Windsor"	"Ambitious Icarus"	"2.50"	"3.06"	"Handicap"	"6"	"9"	"Keniry, L P"	"Guest, R C"	"5f "	"5"	"5"	"5"	"10"
"14:20:00"	"2016-10-17"	"Windsor"	"Evanescent (IRE)"	"2.25"	"3.27"	"Claimer"	"5"	"9"	"Winston, Robert"	"Carroll, A W"	"6f "	"5"	"4"	"1"	"13"
"14:20:00"	"2016-10-17"	"Windsor"	"Nocturn"	"8.00"	"12"	"Claimer"	"7"	"9"	"Kelly, Shane"	"Harris, R A"	"6f "	"5"	"5"	"6"	"12"
"16:35:00"	"2016-10-14"	"Redcar"	"Reflation"	"16.00"	"29"	"Handicap"	"8"	"11"	"Dennis, Phil"	"Dods, M"	"7f "	"5"	"8"	"4"	"11"
"17:25:00"	"2016-10-12"	"Nottingham"	"Coiste BoDhar (IRE)"	"20.00"	"32"	"Handicap"	"1"	"14"	"Hambling, Miss N"	"Dixon, Scott"	"5f "	"6"	"9"	"10"	"14"
"17:25:00"	"2016-10-12"	"Nottingham"	"Taffetta"	"7.00"	"8.32"	"Handicap"	"2"	"14"	"McHugh, B"	"Coyle, Tony"	"5f "	"6"	"6"	"1"	"13"
"17:25:00"	"2016-10-12"	"Nottingham"	"Beau Mistral (IRE)"	"16.00"	"20.65"	"Handicap"	"7"	"14"	"Carson, William"	"Carroll, A W"	"5f "	"6"	"9"	"3"	"14"
"17:25:00"	"2016-10-12"	"Nottingham"	"Anieres Boy"	"5.50"	"7.66"	"Handicap"	"13"	"14"	"Evans, Nathan"	"Easterby, M W"	"5f "	"6"	"2"	"1"	"8"
"16:25:00"	"2016-10-11"	"Musselburgh"	"Bunce (IRE)"	"28.00"	"36.45"	"Handicap"	"5"	"14"	"Lee, G"	"Perratt, Miss L A"	"5f "	"5"	"5"	"4"	"13"
"16:25:00"	"2016-10-11"	"Musselburgh"	"Flash City (ITY)"	"10.00"	"16.53"	"Handicap"	"7"	"14"	"Sullivan, James P"	"Carr, Mrs R A"	"5f "	"5"	"10"	"3"	"10"
"16:25:00"	"2016-10-11"	"Musselburgh"	"Storm Trooper (IRE)"	"6.50"	"8.7"	"Handicap"	"9"	"14"	"McHugh, B"	"Nicholls, D"	"5f "	"5"	"10"	"2"	"8"
"16:25:00"	"2016-10-11"	"Musselburgh"	"Star Cracker (IRE)"	"10.00"	"11.53"	"Handicap"	"12"	"14"	"Evans, Nathan"	"Goldie, J S"	"5f "	"5"	"5"	"6"	"14"
"15:20:00"	"2016-10-11"	"Musselburgh"	"Kimberella"	"2.25"	"3.46"	"Non-Handicap"	"4"	"6"	"Fanning, Joe"	"Nicholls, D"	"5f "	"3"	"10"	"7"	"10"
"14:40:00"	"2016-10-11"	"Leicester"	"Myboydaniel"	"66.00"	"108.99"	"Seller"	"9"	"14"	"Lane, Martin"	"Shaw, D"	"7f "	"6"	"7"	"14"	"14"
"14:40:00"	"2016-10-11"	"Leicester"	"Just Be Lucky (IRE)"	"10.00"	"12.87"	"Seller"	"11"	"14"	"Sousa, Silvestre De"	"Dore, C R"	"7f "	"6"	"8"	"13"	"13"
"16:00:00"	"2016-10-10"	"Windsor"	"Fleckerl (IRE)"	"9.00"	"9.47"	"Handicap"	"9"	"12"	"Mulrennan, Paul"	"Dore, C R"	"6f "	"4"	"10"	"7"	"16"
"15:50:00"	"2016-10-10"	"Salisbury"	"Miss Inga Sock (IRE)"	"4.50"	"5.9"	"Handicap"	"3"	"12"	"Downing, George"	"Houghton, Eve Johnson"	"7f "	"6"	"6"	"6"	"14"
"15:40:00"	"2016-10-10"	"Yarmouth"	"Sands Chorus"	"3.33"	"4.4"	"Handicap"	"2"	"11"	"Eaves, Tom"	"Given, J G"	"1m "	"5"	"7"	"2"	"11"
"15:20:00"	"2016-10-10"	"Salisbury"	"Zebs Lad (IRE)"	"12.00"	"18.97"	"Handicap"	"10"	"10"	"Murphy, Oisin"	"Evans, Mrs N S"	"7f "	"6"	"6"	"11"	"14"
"14:45:00"	"2016-10-10"	"Curragh"	"Clear Focus (IRE)"	"12.00"	"20.62"	"Handicap"	"8"	"23"	"Sheehy, Danny"	"McCourt, T G"	"6f "	"0"	"7"	"7"	"14"
"14:45:00"	"2016-10-10"	"Curragh"	"Lake George (IRE)"	"9.00"	"14"	"Handicap"	"13"	"23"	"Redmond, D M"	"Barrett, James M"	"6f "	"0"	"5"	"6"	"12"
"14:45:00"	"2016-10-10"	"Curragh"	"Double Fast (IRE)"	"8.00"	"12.77"	"Handicap"	"18"	"23"	"Cleary, R P"	"Cleary, Thomas"	"6f "	"0"	"7"	"1"	"14"
"15:15:00"	"2016-10-09"	"Curragh"	"Geological (IRE)"	"25.00"	"55"	"Handicap"	"8"	"13"	"Hussey, M C"	"English, Damian Joseph"	"5f "	"0"	"6"	"9"	"11"
"15:15:00"	"2016-10-09"	"Curragh"	"Battleroftheboyne (IRE)"	"6.00"	"7.59"	"Handicap"	"9"	"13"	"Roche, L F"	"OConnell, Eamon"	"5f "	"0"	"4"	"2"	"12"
"15:55:00"	"2016-10-07"	"York"	"Shipyard (USA)"	"6.00"	"7.12"	"Handicap"	"5"	"19"	"Curtis, B A"	"Appleby, M"	"5f "	"3"	"6"	"5"	"16"
"15:55:00"	"2016-10-07"	"York"	"My Name Is Rio (IRE)"	"12.00"	"19.95"	"Handicap"	"6"	"19"	"Beasley, Connor"	"Dods, M"	"5f "	"3"	"6"	"4"	"16"
"15:55:00"	"2016-10-07"	"York"	"Waseem Faris (IRE)"	"28.00"	"95.37"	"Handicap"	"10"	"19"	"Lee, Clifford"	"Tuite, Joseph"	"5f "	"3"	"6"	"11"	"16"
"15:55:00"	"2016-10-07"	"York"	"Majestic Hero (IRE)"	"33.00"	"100.32"	"Handicap"	"13"	"19"	"Lee, G"	"Harris, R A"	"5f "	"3"	"6"	"10"	"16"
"15:15:00"	"2016-10-06"	"Ayr"	"JacobS Pillow"	"2.75"	"4.08"	"Handicap"	"2"	"13"	"Tudhope, Daniel"	"Bastiman, Rebecca"	"5f "	"6"	"10"	"2"	"9"
"15:15:00"	"2016-10-06"	"Ayr"	"Slim Chance (IRE)"	"7.00"	"8.6"	"Handicap"	"3"	"13"	"Muir, Paula"	"West, S G"	"5f "	"6"	"10"	"2"	"7"
"15:15:00"	"2016-10-06"	"Ayr"	"Mystical King"	"25.00"	"44.41"	"Handicap"	"12"	"13"	"Haynes, Joey"	"Perratt, Miss L A"	"5f "	"6"	"10"	"9"	"9"
"14:40:00"	"2016-10-06"	"Ayr"	"Wahaab (IRE)"	"6.00"	"9.12"	"Handicap"	"2"	"11"	"Edmunds, Lewis"	"Jardine, I"	"6f "	"6"	"10"	"4"	"7"
"14:40:00"	"2016-10-06"	"Ayr"	"Reflation"	"3.50"	"5.3"	"Handicap"	"4"	"11"	"Beasley, Connor"	"Dods, M"	"6f "	"6"	"10"	"1"	"9"
"14:40:00"	"2016-10-06"	"Ayr"	"Ay Up Audrey"	"40.00"	"74.67"	"Handicap"	"6"	"11"	"McHugh, B"	"Bastiman, Rebecca"	"6f "	"6"	"10"	"5"	"7"
"14:40:00"	"2016-10-06"	"Ayr"	"Amber Crystal"	"25.00"	"39.87"	"Handicap"	"7"	"11"	"Mullen, Andrew"	"Perratt, Miss L A"	"6f "	"6"	"10"	"5"	"9"
"14:40:00"	"2016-10-06"	"Ayr"	"Head Space (IRE)"	"3.00"	"4.29"	"Handicap"	"8"	"11"	"Tudhope, Daniel"	"Evans, P D"	"6f "	"6"	"3"	"2"	"14"
"14:40:00"	"2016-10-06"	"Ayr"	"Hab Reeh"	"14.00"	"20"	"Handicap"	"10"	"11"	"Sullivan, James P"	"Carr, Mrs R A"	"6f "	"6"	"10"	"6"	"9"
"14:35:00"	"2016-10-05"	"Navan"	"Future Icon"	"6.00"	"8.98"	"Handicap"	"1"	"12"	"OBrien, Ana"	"Lynam, Edward"	"5f "	"0"	"8"	"6"	"12"
"14:35:00"	"2016-10-05"	"Navan"	"Lake George (IRE)"	"7.00"	"8.81"	"Handicap"	"6"	"12"	"Redmond, D M"	"Barrett, James M"	"5f "	"0"	"8"	"4"	"12"
"14:05:00"	"2016-10-05"	"Navan"	"Mr Bernard (USA)"	"50.00"	"92.88"	"Maiden"	"4"	"11"	"Kelly, S B"	"OCallaghan, M D"	"5f "	"0"	"8"	"15"	"18"
"17:50:00"	"2016-10-04"	"Leicester"	"Miss Inga Sock (IRE)"	"7.00"	"9.04"	"Handicap"	"6"	"14"	"Killoran, Sophie"	"Houghton, Eve Johnson"	"7f "	"6"	"8"	"3"	"14"
"17:00:00"	"2016-10-04"	"Catterick"	"Whipphound"	"5.00"	"6.9"	"Handicap"	"2"	"15"	"Brotherton, Miss S"	"Carr, Mrs R A"	"5f "	"6"	"7"	"3"	"12"
"17:00:00"	"2016-10-04"	"Catterick"	"Longroom"	"1.38"	"2.49"	"Handicap"	"3"	"15"	"Walker, Mr S"	"Wilson, N"	"5f "	"6"	"9"	"1"	"8"
"17:00:00"	"2016-10-04"	"Catterick"	"Amis Reunis"	"40.00"	"75"	"Handicap"	"9"	"15"	"Lynn, Bruce"	"Teague, C J"	"5f "	"6"	"8"	"8"	"9"
"17:00:00"	"2016-10-04"	"Catterick"	"Betty Boo (IRE)"	"20.00"	"32"	"Handicap"	"10"	"15"	"Bartley, Mrs C"	"Harris, S A"	"5f "	"6"	"5"	"14"	"14"
"17:00:00"	"2016-10-04"	"Catterick"	"Zebelini (IRE)"	"8.00"	"11.47"	"Handicap"	"11"	"15"	"Walton, Miss C"	"Pears, Ollie"	"5f "	"6"	"6"	"2"	"9"
"17:00:00"	"2016-10-04"	"Catterick"	"Eland Ally"	"28.00"	"36.69"	"Handicap"	"13"	"15"	"Mason, Joanna"	"Murphy, Anabel K"	"5f "	"6"	"7"	"8"	"12"
"17:00:00"	"2016-10-04"	"Catterick"	"Under Approval"	"33.00"	"70"	"Handicap"	"14"	"15"	"Todd, Emma"	"Tutty, Mrs K J"	"5f "	"6"	"5"	"7"	"9"
"17:20:00"	"2016-10-03"	"Windsor"	"Beau Mistral (IRE)"	"11.00"	"15.5"	"Handicap"	"3"	"14"	"Gilbertson, Mr G"	"Carroll, A W"	"5f "	"6"	"7"	"5"	"10"
"18:05:00"	"2016-10-01"	"Redcar"	"Storm Trooper (IRE)"	"1.63"	"2.82"	"Handicap"	"2"	"8"	"Allan, David"	"Nicholls, D"	"5f "	"5"	"10"	"5"	"18"
"17:35:00"	"2016-10-01"	"Redcar"	"Space Artist (IRE)"	"10.00"	"15.95"	"Handicap"	"5"	"10"	"Edmunds, Lewis"	"Tinkler, N"	"5f "	"5"	"3"	"11"	"14"
"17:35:00"	"2016-10-01"	"Redcar"	"Hit The Lights (IRE)"	"18.00"	"20.69"	"Handicap"	"6"	"10"	"Mooney, Danielle"	"Nicholls, D"	"5f "	"5"	"10"	"15"	"18"
"17:35:00"	"2016-10-01"	"Redcar"	"Horsforth"	"14.00"	"18"	"Handicap"	"7"	"10"	"Hart, Jason"	"Guest, R C"	"5f "	"5"	"2"	"1"	"9"
"17:35:00"	"2016-10-01"	"Redcar"	"Malaysian Boleh"	"5.50"	"6.6"	"Handicap"	"10"	"10"	"McDonald, P J"	"Ellison, B"	"5f "	"5"	"9"	"11"	"12"
"16:50:00"	"2016-10-01"	"Ascot"	"Dutch Masterpiece"	"8.00"	"10.98"	"Handicap"	"2"	"16"	"Crouch, Hector"	"Moore, Gary and Josh"	"5f "	"3"	"7"	"10"	"16"
"16:50:00"	"2016-10-01"	"Ascot"	"Waseem Faris (IRE)"	"16.00"	"24.42"	"Handicap"	"11"	"16"	"Buick, William"	"Tuite, Joseph"	"5f "	"3"	"7"	"8"	"16"
"14:35:00"	"2016-09-30"	"Ascot"	"Brigliadoro (IRE)"	"5.50"	"7.6"	"Non-Handicap"	"2"	"14"	"Sousa, Silvestre De"	"McBride, P J"	"1m "	"3"	"7"	"6"	"20"
"14:35:00"	"2016-09-30"	"Ascot"	"Rousayan (IRE)"	"6.50"	"8.79"	"Non-Handicap"	"5"	"14"	"Tudhope, Daniel"	"OMeara, D"	"1m "	"3"	"7"	"4"	"13"
"16:40:00"	"2016-09-28"	"Nottingham"	"Costa Filey"	"25.00"	"36.52"	"Handicap"	"16"	"17"	"Mackay, Nicky"	"Vaughan, E F"	"6f "	"3"	"7"	"4"	"10"
"15:20:00"	"2016-09-28"	"Salisbury"	"Pettochside"	"4.00"	"5.52"	"Handicap"	"1"	"9"	"Gordon, Josephine"	"Bridger, J / Cook, R"	"6f "	"4"	"7"	"2"	"8"
"15:20:00"	"2016-09-26"	"Hamilton"	"Gilmer (IRE)"	"2.00"	"3.15"	"Claimer"	"1"	"6"	"Edmunds, Lewis"	"Young, Mrs L J"	"6f "	"6"	"2"	"2"	"8"
"14:50:00"	"2016-09-26"	"Hamilton"	"Reflation"	"4.00"	"5.83"	"Handicap"	"1"	"9"	"Beasley, Connor"	"Dods, M"	"6f "	"6"	"2"	"6"	"8"
"14:50:00"	"2016-09-26"	"Hamilton"	"JacobS Pillow"	"2.00"	"3.2"	"Handicap"	"2"	"9"	"Tudhope, Daniel"	"Bastiman, Rebecca"	"6f "	"6"	"7"	"2"	"9"
"14:50:00"	"2016-09-26"	"Hamilton"	"Keenes Pointe"	"6.00"	"8.6"	"Handicap"	"3"	"9"	"Hamilton, Tony"	"Stubbs, Kristin"	"6f "	"6"	"7"	"1"	"10"
"14:50:00"	"2016-09-26"	"Hamilton"	"Amber Crystal"	"25.00"	"36"	"Handicap"	"5"	"9"	"Mullen, Andrew"	"Perratt, Miss L A"	"6f "	"6"	"1"	"6"	"8"
"14:50:00"	"2016-09-26"	"Hamilton"	"Amis Reunis"	"16.00"	"24"	"Handicap"	"8"	"9"	"Gray, S A"	"Teague, C J"	"6f "	"6"	"7"	"6"	"9"
"14:50:00"	"2016-09-26"	"Hamilton"	"Mystical King"	"11.00"	"15.14"	"Handicap"	"9"	"9"	"Doyle, Joe"	"Perratt, Miss L A"	"6f "	"6"	"2"	"1"	"9"
"14:20:00"	"2016-09-26"	"Hamilton"	"Slim Chance (IRE)"	"6.00"	"7.95"	"Handicap"	"2"	"7"	"Muir, Paula"	"West, S G"	"6f "	"6"	"7"	"3"	"9"
"14:20:00"	"2016-09-26"	"Hamilton"	"Wahaab (IRE)"	"3.50"	"5.03"	"Handicap"	"4"	"7"	"McDonald, P J"	"Jardine, I"	"6f "	"6"	"7"	"4"	"9"
"14:20:00"	"2016-09-26"	"Hamilton"	"Ay Up Audrey"	"33.00"	"49.64"	"Handicap"	"5"	"7"	"Sullivan, James P"	"Bastiman, Rebecca"	"6f "	"6"	"7"	"7"	"10"
"14:20:00"	"2016-09-26"	"Hamilton"	"Shesnotforturning (IRE)"	"3.00"	"4.4"	"Handicap"	"6"	"7"	"Eaves, Tom"	"Haslam, B M R"	"6f "	"6"	"7"	"2"	"10"
"17:15:00"	"2016-09-25"	"Musselburgh"	"See Vermont"	"4.50"	"6.2"	"Handicap"	"4"	"8"	"Scott, Rowan"	"Bastiman, Rebecca"	"5f "	"6"	"4"	"11"	"18"
"17:15:00"	"2016-09-25"	"Musselburgh"	"Bunce (IRE)"	"6.50"	"7.69"	"Handicap"	"5"	"8"	"Stott, Kevin"	"Perratt, Miss L A"	"5f "	"6"	"10"	"4"	"19"
"17:15:00"	"2016-09-25"	"Musselburgh"	"Amber Crystal"	"16.00"	"20"	"Handicap"	"6"	"8"	"Ferguson, Leanne"	"Perratt, Miss L A"	"5f "	"6"	"6"	"7"	"9"
"17:15:00"	"2016-09-25"	"Musselburgh"	"Pavers Star"	"6.50"	"8.2"	"Handicap"	"7"	"8"	"ONeill, Ger"	"Wilson, N"	"5f "	"6"	"4"	"13"	"18"
"15:05:00"	"2016-09-25"	"Musselburgh"	"One Boy (IRE)"	"4.50"	"6.6"	"Handicap"	"1"	"9"	"Mulrennan, Paul"	"Midgley, P T"	"5f "	"5"	"10"	"3"	"19"
"15:05:00"	"2016-09-25"	"Musselburgh"	"Vimy Ridge"	"3.50"	"5.3"	"Handicap"	"2"	"9"	"Gibbons, Graham"	"Bailey, A"	"5f "	"5"	"9"	"5"	"21"
"15:05:00"	"2016-09-25"	"Musselburgh"	"Rock Canyon (IRE)"	"25.00"	"39.99"	"Handicap"	"4"	"9"	"Chaloner, G"	"Perratt, Miss L A"	"5f "	"5"	"1"	"5"	"9"
"15:05:00"	"2016-09-25"	"Musselburgh"	"Savannah Beau"	"5.00"	"7.2"	"Handicap"	"5"	"9"	"James, S H"	"Fife, Mrs Marjorie"	"5f "	"5"	"4"	"6"	"18"
"18:50:00"	"2016-09-24"	"Hamilton"	"Mystical King"	"16.00"	"20.89"	"Handicap"	"1"	"9"	"Haynes, Joey"	"Perratt, Miss L A"	"5f "	"6"	"5"	"6"	"10"
"18:50:00"	"2016-09-24"	"Hamilton"	"Tinsill"	"1.50"	"2.83"	"Handicap"	"2"	"9"	"Edmunds, Lewis"	"Tinkler, N"	"5f "	"6"	"3"	"10"	"18"
"18:50:00"	"2016-09-24"	"Hamilton"	"Rock Canyon (IRE)"	"9.00"	"11.92"	"Handicap"	"5"	"9"	"McDonald, P J"	"Perratt, Miss L A"	"5f "	"6"	"5"	"4"	"10"
"18:50:00"	"2016-09-24"	"Hamilton"	"Cheeni"	"25.00"	"35.98"	"Handicap"	"8"	"9"	"Sullivan, James P"	"Goldie, J S"	"5f "	"6"	"5"	"8"	"10"
"18:50:00"	"2016-09-24"	"Hamilton"	"Bannock Town"	"125.00"	"741.88"	"Handicap"	"9"	"9"	"Teasdale, Shirley"	"Perratt, Miss L A"	"5f "	"6"	"9"	"19"	"19"
"17:05:00"	"2016-09-24"	"Haydock"	"Sir Billy Wright (IRE)"	"9.00"	"12.16"	"Handicap"	"3"	"15"	"Lee, Clifford"	"Evans, P D"	"6f "	"3"	"8"	"9"	"24"
"17:05:00"	"2016-09-24"	"Haydock"	"Englishman"	"14.00"	"18.75"	"Handicap"	"4"	"15"	"Kingscote, Richard"	"Bradley, J M"	"6f "	"3"	"8"	"24"	"24"
"17:05:00"	"2016-09-24"	"Haydock"	"Duke Cosimo"	"5.50"	"6.7"	"Handicap"	"8"	"15"	"Doyle, Joe"	"Herrington,M "	"6f "	"3"	"8"	"4"	"24"
"17:05:00"	"2016-09-24"	"Haydock"	"Avon Breeze"	"33.00"	"44"	"Handicap"	"11"	"15"	"Butterfield, Mr J"	"Whitaker, R M"	"6f "	"3"	"7"	"18"	"25"
"16:40:00"	"2016-09-24"	"Hamilton"	"Honeysuckle Lil (IRE)"	"9.00"	"10.5"	"Handicap"	"1"	"9"	"Richardson, Rachel"	"Easterby, T D"	"6f "	"3"	"9"	"4"	"13"
"16:40:00"	"2016-09-24"	"Hamilton"	"Courier"	"9.00"	"11.44"	"Handicap"	"2"	"9"	"Fitzpatrick, Rob J"	"Fife, Mrs Marjorie"	"6f "	"3"	"8"	"10"	"24"
"16:40:00"	"2016-09-24"	"Hamilton"	"Posh Bounty"	"9.00"	"13.5"	"Handicap"	"5"	"9"	"Mooney, Sean"	"Tuite, Joseph"	"6f "	"3"	"4"	"1"	"6"
"16:25:00"	"2016-09-24"	"Ripon"	"Desert Ace (IRE)"	"12.00"	"16.79"	"Handicap"	"1"	"18"	"Ffrench, Royston"	"Jardine, I"	"5f "	"4"	"8"	"17"	"21"
"16:25:00"	"2016-09-24"	"Ripon"	"Rural Celebration"	"11.00"	"13.5"	"Handicap"	"4"	"18"	"Whelan, R P"	"OMeara, D"	"5f "	"4"	"8"	"7"	"21"
"16:25:00"	"2016-09-24"	"Ripon"	"Love Island"	"10.00"	"13.11"	"Handicap"	"6"	"18"	"Chaloner, G"	"Whitaker, R M"	"5f "	"4"	"9"	"3"	"9"
"16:25:00"	"2016-09-24"	"Ripon"	"Lexis Hero (IRE)"	"40.00"	"70"	"Handicap"	"9"	"18"	"Dennis, Phil"	"Fahey, R A"	"5f "	"4"	"8"	"17"	"24"
"16:25:00"	"2016-09-24"	"Ripon"	"Flickas Boy"	"40.00"	"65.31"	"Handicap"	"10"	"18"	"Birkett, Shelley"	"Coyle, Tony"	"5f "	"4"	"10"	"8"	"10"
"16:05:00"	"2016-09-24"	"Hamilton"	"Reflation"	"5.00"	"6.58"	"Handicap"	"6"	"8"	"Beasley, Connor"	"Dods, M"	"6f "	"5"	"5"	"1"	"9"
"15:35:00"	"2016-09-22"	"Curragh"	"Botanical Lady (IRE)"	"6.00"	"8.8"	"Handicap"	"3"	"27"	"Lordan, W M"	"Rogers, H"	"6f "	"0"	"10"	"3"	"14"
"15:35:00"	"2016-09-22"	"Curragh"	"Enter The Red (IRE)"	"5.50"	"6.86"	"Handicap"	"5"	"27"	"Roche, L F"	"Howard, Aidan Anthony"	"6f "	"0"	"10"	"2"	"14"
"15:35:00"	"2016-09-22"	"Curragh"	"Apache Gold (IRE)"	"16.00"	"18.06"	"Handicap"	"6"	"27"	"OBrien, Donnacha"	"Walsh, John J"	"6f "	"0"	"10"	"6"	"14"
"15:35:00"	"2016-09-22"	"Curragh"	"Double Fast (IRE)"	"14.00"	"20"	"Handicap"	"7"	"27"	"Cleary, R P"	"Cleary, Thomas"	"6f "	"0"	"4"	"2"	"16"
"15:35:00"	"2016-09-22"	"Curragh"	"Eye Glass (IRE)"	"33.00"	"98.5"	"Handicap"	"12"	"27"	"Leonard, Killian"	"McCourt, T G"	"6f "	"0"	"4"	"15"	"16"
"15:35:00"	"2016-09-22"	"Curragh"	"Like A Prayer"	"16.00"	"20"	"Handicap"	"21"	"27"	"Hamilton, Michelle"	"Donnelly, Garvan"	"6f "	"0"	"9"	"6"	"10"
"15:35:00"	"2016-09-22"	"Curragh"	"Big Bad Tyson (IRE)"	"50.00"	"395.06"	"Handicap"	"22"	"27"	"Kenny, Karen"	"Costello, F"	"6f "	"0"	"10"	"11"	"14"
"15:35:00"	"2016-09-22"	"Curragh"	"Maluhia (IRE)"	"33.00"	"127"	"Handicap"	"25"	"27"	"Cahalan, Chloe"	"Cotter, Kieran P"	"6f "	"0"	"9"	"8"	"9"
"18:05:00"	"2016-09-21"	"Redcar"	"Caeser The Gaeser (IRE)"	"3.00"	"4.82"	"Handicap"	"1"	"20"	"Sousa, Silvestre De"	"Tinkler, N"	"6f "	"6"	"8"	"2"	"16"
"18:05:00"	"2016-09-21"	"Redcar"	"Teetotal (IRE)"	"14.00"	"19.03"	"Handicap"	"2"	"20"	"Edmunds, Lewis"	"Tinkler, N"	"6f "	"6"	"6"	"10"	"10"
"18:05:00"	"2016-09-21"	"Redcar"	"Cool Strutter (IRE)"	"9.00"	"11.91"	"Handicap"	"6"	"20"	"Tutty, Gemma"	"Tutty, Mrs K J"	"6f "	"6"	"8"	"5"	"16"
"18:05:00"	"2016-09-21"	"Redcar"	"Disclosure (OLD)"	"25.00"	"55.84"	"Handicap"	"12"	"20"	"Hart, Jason"	"Eyre, J L"	"6f "	"6"	"4"	"13"	"14"
"18:05:00"	"2016-09-21"	"Redcar"	"Windforpower (IRE)"	"50.00"	"144.75"	"Handicap"	"14"	"20"	"Swift, Mr Dale"	"Waggott, Miss Tracy"	"6f "	"6"	"8"	"13"	"16"
"17:25:00"	"2016-09-21"	"Goodwood"	"Noble Asset"	"6.50"	"8.65"	"Handicap"	"3"	"10"	"Greatrex, Edward"	"Bradley, J M"	"5f "	"5"	"9"	"5"	"9"
"17:05:00"	"2016-09-21"	"Redcar"	"Spryt (IRE)"	"9.00"	"13"	"Seller"	"4"	"9"	"Tudhope, Daniel"	"Osborne, J A"	"1m "	"5"	"8"	"7"	"10"
"16:55:00"	"2016-09-21"	"Goodwood"	"Kinglami"	"12.00"	"17.3"	"Handicap"	"6"	"8"	"Sweeney, Fergus"	"Oshea, J G M"	"6f "	"4"	"9"	"3"	"7"
"15:20:00"	"2016-09-21"	"Redcar"	"Rubys Day"	"33.00"	"62.82"	"Handicap"	"12"	"18"	"Eaves, Tom"	"Brown, D H"	"5f "	"5"	"7"	"8"	"9"
"18:25:00"	"2016-09-20"	"Ffos Las"	"Bapak Bangsawan"	"25.00"	"40.3"	"Handicap"	"7"	"7"	"Stokell, Ann"	"Stokell, Miss A"	"5f "	"4"	"9"	"4"	"6"
"15:10:00"	"2016-09-20"	"Beverley"	"Red Pike (IRE)"	"9.00"	"13.18"	"Non-Handicap"	"6"	"9"	"Beasley, Connor"	"Smart, B"	"5f "	"3"	"10"	"16"	"20"
"15:10:00"	"2016-09-20"	"Beverley"	"Son Of Africa"	"12.00"	"15.28"	"Non-Handicap"	"7"	"9"	"Bentley, Harry"	"Candy, H"	"5f "	"3"	"10"	"15"	"20"
"17:00:00"	"2016-09-19"	"Leicester"	"Champagne Bob"	"4.50"	"5.82"	"Handicap"	"5"	"9"	"Bryan, Joshua"	"Price, R J"	"7f "	"6"	"8"	"3"	"6"
"17:00:00"	"2016-09-19"	"Leicester"	"Firgrove Bridge (IRE)"	"8.50"	"12.8"	"Handicap"	"6"	"9"	"Muir, Paula"	"Hollinshead, Steph"	"7f "	"6"	"8"	"4"	"11"
"15:20:00"	"2016-09-19"	"Hamilton"	"JacobS Pillow"	"2.50"	"3.83"	"Handicap"	"2"	"9"	"Tudhope, Daniel"	"Bastiman, Rebecca"	"6f "	"6"	"6"	"8"	"16"
"15:20:00"	"2016-09-19"	"Hamilton"	"Amber Crystal"	"18.00"	"22.81"	"Handicap"	"7"	"9"	"Sullivan, James P"	"Perratt, Miss L A"	"6f "	"6"	"9"	"9"	"10"
"14:50:00"	"2016-09-19"	"Hamilton"	"Rock Canyon (IRE)"	"7.00"	"8.38"	"Handicap"	"4"	"10"	"Evans, Nathan"	"Perratt, Miss L A"	"6f "	"6"	"4"	"12"	"19"
"14:50:00"	"2016-09-19"	"Hamilton"	"Cheeni"	"22.00"	"23.87"	"Handicap"	"8"	"10"	"Doyle, Joe"	"Goldie, J S"	"6f "	"6"	"9"	"13"	"14"
"16:25:00"	"2016-09-17"	"Newmarket (Rowley)"	"Souville"	"16.00"	"22.29"	"Handicap"	"11"	"12"	"Clarke, Samuel"	"Wall, C F"	"6f "	"4"	"7"	"6"	"7"
"14:40:00"	"2016-09-17"	"Newmarket (Rowley)"	"Evening Attire"	"12.00"	"16.44"	"Handicap"	"2"	"9"	"Lane, Martin"	"Stone, W B"	"7f "	"4"	"9"	"6"	"13"
"15:05:00"	"2016-09-16"	"Ayr"	"Ill Be Good"	"6.50"	"8"	"Handicap"	"13"	"21"	"Swift, Mr Dale"	"Ellison, B"	"5f "	"4"	"6"	"1"	"10"
"17:20:00"	"2016-09-15"	"Ayr"	"Bunce (IRE)"	"14.00"	"17.9"	"Handicap"	"4"	"19"	"Sullivan, James P"	"Perratt, Miss L A"	"5f "	"5"	"5"	"3"	"14"
"17:20:00"	"2016-09-15"	"Ayr"	"Rock Canyon (IRE)"	"28.00"	"61.45"	"Handicap"	"12"	"19"	"Eaves, Tom"	"Perratt, Miss L A"	"5f "	"5"	"5"	"8"	"10"
"16:05:00"	"2016-09-14"	"Beverley"	"Musharrif"	"1.88"	"3.06"	"Handicap"	"1"	"10"	"Tudhope, Daniel"	"Carroll, D"	"5f "	"5"	"7"	"3"	"13"
"16:05:00"	"2016-09-14"	"Beverley"	"Jaarih (IRE)"	"6.50"	"7.9"	"Handicap"	"10"	"10"	"Mulrennan, Paul"	"Dore, C R"	"5f "	"5"	"5"	"2"	"10"
"14:50:00"	"2016-09-14"	"Yarmouth"	"Monarch Maid"	"4.00"	"5.5"	"Handicap"	"3"	"8"	"Stanford, Lulu"	"Hiatt, P W"	"6f "	"5"	"6"	"5"	"10"
"14:05:00"	"2016-09-14"	"Sandown"	"Billyoakes (IRE)"	"4.50"	"6.79"	"Handicap"	"4"	"7"	"Beschizza,Adam "	"Wallis, Charlie"	"5f "	"5"	"5"	"5"	"10"
"17:45:00"	"2016-09-13"	"Carlisle"	"Kenny The Captain (IRE)"	"4.00"	"6.26"	"Handicap"	"1"	"12"	"Richardson, Rachel"	"Easterby, T D"	"6f "	"5"	"7"	"1"	"11"
"17:45:00"	"2016-09-13"	"Carlisle"	"Aprovado (IRE)"	"11.00"	"13.5"	"Handicap"	"4"	"12"	"Beasley, Connor"	"Dods, M"	"6f "	"5"	"7"	"1"	"10"
"16:30:00"	"2016-09-13"	"Thirsk"	"Horsforth"	"25.00"	"40.47"	"Handicap"	"11"	"16"	"Shepherd, Callum"	"Guest, R C"	"6f "	"6"	"3"	"14"	"14"
"16:30:00"	"2016-09-13"	"Thirsk"	"Gypsy Major"	"7.00"	"10.89"	"Handicap"	"12"	"16"	"Edmunds, Lewis"	"Moss, Garry"	"6f "	"6"	"3"	"6"	"10"
"15:40:00"	"2016-09-13"	"Chepstow"	"Cincuenta Pasos (IRE)"	"3.00"	"4.42"	"Handicap"	"1"	"8"	"ONeill, Dane"	"Tuite, Joseph"	"7f "	"4"	"3"	"2"	"6"
"15:40:00"	"2016-09-13"	"Chepstow"	"Peak Storm"	"9.00"	"15.91"	"Handicap"	"2"	"8"	"Mckee, Ciaran"	"Oshea, J G M"	"7f "	"4"	"3"	"4"	"6"
"15:30:00"	"2016-09-13"	"Thirsk"	"Money Team (IRE)"	"12.00"	"14.65"	"Handicap"	"6"	"12"	"Beschizza,Adam "	"Barron, T D"	"6f "	"3"	"10"	"1"	"8"
"16:40:00"	"2016-09-10"	"Lingfield"	"Hes No Saint"	"1.88"	"3.33"	"Handicap"	"1"	"6"	"Crowley, Jim"	"OMeara, D"	"7f "	"4"	"8"	"4"	"11"
"16:15:00"	"2016-09-10"	"Musselburgh"	"Bunce (IRE)"	"20.00"	"32"	"Handicap"	"3"	"14"	"McDonald, P J"	"Perratt, Miss L A"	"5f "	"6"	"8"	"6"	"6"
"16:15:00"	"2016-09-10"	"Musselburgh"	"See Vermont"	"6.00"	"9.35"	"Handicap"	"4"	"14"	"Edmunds, Lewis"	"Bastiman, Rebecca"	"5f "	"6"	"8"	"2"	"10"
"16:15:00"	"2016-09-10"	"Musselburgh"	"Thornaby Princess"	"7.50"	"9.6"	"Handicap"	"5"	"14"	"Hardie, Cameron"	"Teague, C J"	"5f "	"6"	"8"	"1"	"10"
"16:15:00"	"2016-09-10"	"Musselburgh"	"Sea Of Green"	"11.00"	"14.22"	"Handicap"	"8"	"14"	"McHugh, B"	"Goldie, J S"	"5f "	"6"	"8"	"4"	"10"
"16:15:00"	"2016-09-10"	"Musselburgh"	"Lorimers Lot (IRE)"	"16.00"	"19.77"	"Handicap"	"11"	"14"	"Gibbons, Graham"	"Walford, Mark"	"5f "	"6"	"8"	"8"	"10"
"16:15:00"	"2016-09-10"	"Musselburgh"	"Cheeni"	"66.00"	"178.79"	"Handicap"	"13"	"14"	"Fentiman, Duran"	"Goldie, J S"	"5f "	"6"	"8"	"10"	"10"
"14:20:00"	"2016-09-09"	"Sandown"	"Silverrica (IRE)"	"6.00"	"8.3"	"Handicap"	"7"	"10"	"Cox, Georgia"	"Saunders, M S"	"5f "	"5"	"9"	"1"	"8"
"18:00:00"	"2016-09-08"	"Doncaster"	"Shipyard (USA)"	"4.00"	"5.69"	"Handicap"	"6"	"20"	"Queally, T P"	"Appleby, M"	"6f "	"3"	"9"	"4"	"13"
"18:00:00"	"2016-09-08"	"Doncaster"	"Invincible Ridge (IRE)"	"50.00"	"243.91"	"Handicap"	"9"	"20"	"Farley, Neil"	"Alston, E J"	"6f "	"3"	"6"	"11"	"15"
"18:00:00"	"2016-09-08"	"Doncaster"	"Pomme De Terre (IRE)"	"33.00"	"96.8"	"Handicap"	"17"	"20"	"Eaves, Tom"	"Dods, M"	"6f "	"3"	"6"	"7"	"16"
"18:00:00"	"2016-09-08"	"Doncaster"	"Highland Acclaim (IRE)"	"12.00"	"14"	"Handicap"	"18"	"20"	"Nolan, D"	"OMeara, D"	"6f "	"3"	"9"	"1"	"11"
"16:35:00"	"2016-09-08"	"Chepstow"	"Vincentti (IRE)"	"8.00"	"11.26"	"Handicap"	"1"	"10"	"Kelly, Shane"	"Harris, R A"	"6f "	"4"	"10"	"6"	"10"
"16:35:00"	"2016-09-08"	"Chepstow"	"Satchville Flyer"	"4.50"	"6.34"	"Handicap"	"4"	"10"	"Beech, Aled J"	"Evans, P D"	"6f "	"4"	"10"	"2"	"14"
"16:35:00"	"2016-09-08"	"Chepstow"	"Gold Hunter (IRE)"	"4.00"	"5.5"	"Handicap"	"7"	"10"	"Walsh, E J"	"Flook, S"	"6f "	"4"	"10"	"4"	"10"
"16:35:00"	"2016-09-08"	"Chepstow"	"Bonjour Steve"	"16.00"	"20.72"	"Handicap"	"9"	"10"	"Godwin, Mitch"	"Price, R J"	"6f "	"4"	"10"	"5"	"10"
"16:00:00"	"2016-09-08"	"Chepstow"	"Barista (IRE)"	"20.00"	"25.37"	"Handicap"	"5"	"7"	"Drowne, Steve"	"Forsey, B"	"1m "	"5"	"10"	"7"	"15"
"17:15:00"	"2016-09-07"	"Doncaster"	"Thorntoun Lady (USA)"	"14.00"	"22.1"	"Handicap"	"13"	"13"	"Quinn, Jimmy"	"Goldie, J S"	"5f "	"4"	"5"	"7"	"15"
"15:35:00"	"2016-09-07"	"Doncaster"	"Chiswick Bey (IRE)"	"10.00"	"14.92"	"Non-Handicap"	"10"	"14"	"Gibson, Dale"	"Fahey, R A"	"1m "	"5"	"7"	"5"	"12"
"17:20:00"	"2016-09-06"	"Redcar"	"Nonno Giulio (IRE)"	"7.00"	"8.02"	"Handicap"	"1"	"11"	"Buckell, Georgean"	"Loughnane, David"	"7f "	"5"	"8"	"4"	"10"
"16:00:00"	"2016-09-06"	"Leicester"	"Majestic Moon (IRE)"	"25.00"	"40.91"	"Handicap"	"4"	"8"	"Murphy, Michael J M"	"Gallagher, J"	"7f "	"3"	"10"	"16"	"17"
"15:50:00"	"2016-09-06"	"Redcar"	"Pumaflor (IRE)"	"6.00"	"7.6"	"Handicap"	"3"	"14"	"Beasley, Connor"	"Whitaker, R M"	"1m "	"4"	"10"	"2"	"14"
"15:50:00"	"2016-09-06"	"Redcar"	"Shamaheart (IRE)"	"9.00"	"11.75"	"Handicap"	"4"	"14"	"Allan, David"	"Harker, G A"	"1m "	"4"	"10"	"6"	"12"
"15:50:00"	"2016-09-06"	"Redcar"	"Ingleby Angel (IRE)"	"25.00"	"36"	"Handicap"	"6"	"14"	"Ffrench, Royston"	"Teague, C J"	"1m "	"4"	"10"	"8"	"14"
"15:50:00"	"2016-09-06"	"Redcar"	"Altharoos (IRE)"	"11.00"	"15.77"	"Handicap"	"7"	"14"	"Costello, Dougie"	"Hall, Miss S E"	"1m "	"4"	"10"	"5"	"14"
"15:50:00"	"2016-09-06"	"Redcar"	"Qaffaal (USA)"	"25.00"	"32"	"Handicap"	"12"	"14"	"Hardie, Cameron"	"Easterby, M W"	"1m "	"4"	"10"	"6"	"14"
"15:20:00"	"2016-09-06"	"Redcar"	"Aprovado (IRE)"	"8.00"	"9.97"	"Handicap"	"1"	"10"	"Beasley, Connor"	"Dods, M"	"6f "	"5"	"8"	"7"	"9"
"15:20:00"	"2016-09-06"	"Redcar"	"Mitchum"	"8.00"	"10.76"	"Handicap"	"8"	"10"	"Allan, David"	"Barr, R E"	"6f "	"5"	"10"	"4"	"9"
"14:50:00"	"2016-09-06"	"Redcar"	"Kenny The Captain (IRE)"	"4.50"	"6.34"	"Handicap"	"1"	"11"	"Richardson, Rachel"	"Easterby, T D"	"6f "	"5"	"3"	"4"	"8"
"14:50:00"	"2016-09-06"	"Redcar"	"Fyrecracker (IRE)"	"12.00"	"14.68"	"Handicap"	"6"	"11"	"Stott, Kevin"	"Tuer, Grant"	"6f "	"5"	"10"	"9"	"9"
"14:50:00"	"2016-09-06"	"Redcar"	"Questo"	"50.00"	"94.26"	"Handicap"	"9"	"11"	"Ffrench, Royston"	"Waggott, Miss Tracy"	"6f "	"5"	"8"	"8"	"10"
"14:30:00"	"2016-09-06"	"Leicester"	"Hay Chewed (IRE)"	"3.00"	"4.4"	"Non-Handicap"	"1"	"7"	"Sousa, Silvestre De"	"Allen, C N"	"5f "	"3"	"8"	"4"	"10"
"14:30:00"	"2016-09-06"	"Leicester"	"Major Pusey"	"28.00"	"42"	"Non-Handicap"	"6"	"7"	"Murphy, Michael J M"	"Gallagher, J"	"5f "	"3"	"10"	"8"	"9"
"14:30:00"	"2016-09-06"	"Leicester"	"Huntsmans Close"	"8.00"	"10.48"	"Non-Handicap"	"UR"	"7"	"Beschizza,Adam "	"Cowell, R M H"	"5f "	"3"	"8"	"5"	"10"
"17:20:00"	"2016-09-05"	"Windsor"	"Archie Stevens"	"11.00"	"15.44"	"Handicap"	"7"	"10"	"Beech, Aled J"	"Evans, P D"	"5f "	"4"	"5"	"2"	"8"
"18:05:00"	"2016-09-03"	"Thirsk"	"Inexes"	"5.00"	"6.89"	"Handicap"	"3"	"7"	"James, S H"	"Fife, Mrs Marjorie"	"6f "	"4"	"9"	"3"	"10"
"18:05:00"	"2016-09-03"	"Thirsk"	"More Beau (USA)"	"2.75"	"4.3"	"Handicap"	"5"	"7"	"McHugh, B"	"Nicholls, D"	"6f "	"4"	"5"	"3"	"9"
"17:20:00"	"2016-09-03"	"Ascot"	"Sandfrankskipsgo"	"25.00"	"44"	"Handicap"	"4"	"12"	"Durcan, Ted"	"Crate, Peter"	"5f "	"3"	"5"	"8"	"10"
"15:25:00"	"2016-09-03"	"Thirsk"	"Magical Effect (IRE)"	"2.00"	"2.9"	"Handicap"	"2"	"8"	"Sullivan, James P"	"Carr, Mrs R A"	"6f "	"4"	"8"	"3"	"16"
"15:25:00"	"2016-09-03"	"Thirsk"	"Signore Piccolo"	"4.00"	"6.67"	"Handicap"	"3"	"8"	"Nolan, D"	"OMeara, D"	"6f "	"4"	"8"	"3"	"10"
"15:25:00"	"2016-09-03"	"Thirsk"	"Kenny The Captain (IRE)"	"4.00"	"5.3"	"Handicap"	"4"	"8"	"Richardson, Rachel"	"Easterby, T D"	"6f "	"4"	"5"	"2"	"10"
"15:25:00"	"2016-09-03"	"Thirsk"	"Mississippi"	"8.00"	"11.73"	"Handicap"	"5"	"8"	"Mulrennan, Paul"	"Midgley, P T"	"6f "	"4"	"8"	"5"	"6"
"15:25:00"	"2016-09-03"	"Thirsk"	"Kommander Kirkup"	"22.00"	"29.32"	"Handicap"	"6"	"8"	"Beasley, Connor"	"Davies, J J"	"6f "	"4"	"8"	"12"	"16"
"15:20:00"	"2016-09-03"	"Navan"	"Oor Jock (IRE)"	"11.00"	"18.12"	"Handicap"	"4"	"17"	"McDonogh, D P"	"McGuinness, Adrian"	"6f "	"0"	"7"	"4"	"14"
"15:20:00"	"2016-09-03"	"Navan"	"I Will Excel (IRE)"	"10.00"	"13.57"	"Handicap"	"9"	"17"	"Kelly, S B"	"OCallaghan, M D"	"6f "	"0"	"10"	"1"	"8"
"19:50:00"	"2016-09-02"	"Musselburgh"	"Thornaby Princess"	"5.50"	"8"	"Handicap"	"1"	"10"	"Ffrench, Royston"	"Teague, C J"	"5f "	"6"	"8"	"3"	"8"
"19:50:00"	"2016-09-02"	"Musselburgh"	"See Vermont"	"8.00"	"12.2"	"Handicap"	"2"	"10"	"Scott, Rowan"	"Bastiman, Rebecca"	"5f "	"6"	"8"	"1"	"8"
"19:50:00"	"2016-09-02"	"Musselburgh"	"Sea Of Green"	"4.50"	"6.55"	"Handicap"	"4"	"10"	"McHugh, B"	"Goldie, J S"	"5f "	"6"	"8"	"2"	"8"
"19:50:00"	"2016-09-02"	"Musselburgh"	"Mystical King"	"20.00"	"24.64"	"Handicap"	"6"	"10"	"Eaves, Tom"	"Perratt, Miss L A"	"5f "	"6"	"3"	"3"	"5"
"19:50:00"	"2016-09-02"	"Musselburgh"	"Windforpower (IRE)"	"5.00"	"6.6"	"Handicap"	"7"	"10"	"Fanning, Joe"	"Waggott, Miss Tracy"	"5f "	"6"	"9"	"2"	"10"
"17:20:00"	"2016-09-02"	"Musselburgh"	"Master Bond"	"2.50"	"3.41"	"Handicap"	"4"	"6"	"Doyle, Josh"	"OMeara, D"	"5f "	"5"	"4"	"1"	"9"
"17:20:00"	"2016-09-02"	"Musselburgh"	"Bunce (IRE)"	"18.00"	"22.98"	"Handicap"	"6"	"6"	"Fanning, Joe"	"Perratt, Miss L A"	"5f "	"5"	"9"	"8"	"10"
"16:55:00"	"2016-09-02"	"Ascot"	"Jacbequick"	"16.00"	"24"	"Non-Handicap"	"2"	"9"	"Crowley, Jim"	"OMeara, D"	"1m "	"3"	"8"	"6"	"8"
"15:55:00"	"2016-09-02"	"Haydock"	"Pearl Acclaim (IRE)"	"14.00"	"16.86"	"Handicap"	"5"	"15"	"Quinn, Paul"	"Nicholls, D"	"5f "	"4"	"9"	"4"	"10"
"15:55:00"	"2016-09-02"	"Haydock"	"Thorntoun Lady (USA)"	"33.00"	"55.45"	"Handicap"	"7"	"15"	"Doyle, Joe"	"Goldie, J S"	"5f "	"4"	"9"	"10"	"10"
"15:55:00"	"2016-09-02"	"Haydock"	"Apricot Sky"	"4.50"	"5.97"	"Handicap"	"8"	"15"	"Hesketh, Miss A"	"Nicholls, D"	"5f "	"4"	"3"	"2"	"13"
"15:55:00"	"2016-09-02"	"Haydock"	"Red Stripes (USA)"	"50.00"	"158.95"	"Handicap"	"10"	"15"	"Uys, Jordan"	"Williamson, Mrs L"	"5f "	"4"	"9"	"5"	"8"
"15:20:00"	"2016-09-02"	"Haydock"	"Tiger Jim"	"6.50"	"8.8"	"Handicap"	"4"	"16"	"Doyle, Joe"	"Goldie, J S"	"6f "	"4"	"7"	"2"	"16"
"14:35:00"	"2016-09-02"	"Ascot"	"Boy In The Bar"	"4.00"	"5.28"	"Handicap"	"1"	"14"	"Doyle, James"	"Williams, Ian"	"6f "	"4"	"10"	"1"	"12"
"14:35:00"	"2016-09-02"	"Ascot"	"Harwoods Volante (IRE)"	"4.50"	"6.2"	"Handicap"	"2"	"14"	"Crowley, Jim"	"OMeara, D"	"6f "	"4"	"8"	"2"	"8"
"14:35:00"	"2016-09-02"	"Ascot"	"Etienne Gerard"	"10.00"	"14.2"	"Handicap"	"7"	"14"	"Edmunds, Lewis"	"Tinkler, N"	"6f "	"4"	"8"	"1"	"15"
"14:35:00"	"2016-09-02"	"Ascot"	"Koptoon"	"14.00"	"16.11"	"Handicap"	"8"	"14"	"Berry, F M"	"Hughes, Jo"	"6f "	"4"	"7"	"4"	"6"
"17:10:00"	"2016-09-01"	"Salisbury"	"Knight Of The Air"	"6.50"	"8.82"	"Handicap"	"8"	"10"	"Uys, Jordan"	"Channon, M R"	"1m "	"5"	"3"	"1"	"14"
"16:45:00"	"2016-08-31"	"Carlisle"	"Slim Chance (IRE)"	"5.00"	"6.4"	"Handicap"	"5"	"12"	"Scott, Rowan"	"West, S G"	"5f "	"6"	"1"	"2"	"7"
"18:45:00"	"2016-08-30"	"Ripon"	"Shipyard (USA)"	"7.00"	"9.52"	"Handicap"	"4"	"13"	"Queally, T P"	"Appleby, M"	"5f "	"3"	"10"	"2"	"12"
"18:45:00"	"2016-08-30"	"Ripon"	"Adams Ale"	"9.00"	"12.14"	"Handicap"	"6"	"13"	"Richardson, Rachel"	"Walford, Mark"	"5f "	"3"	"6"	"6"	"10"
"17:40:00"	"2016-08-30"	"Hamilton"	"Pushkin Museum (IRE)"	"5.00"	"6.55"	"Handicap"	"6"	"7"	"Ennis, Mr M"	"Fahey, R A"	"6f "	"6"	"8"	"4"	"10"
"14:50:00"	"2016-08-30"	"Hamilton"	"Mystical King"	"40.00"	"179.8"	"Maiden"	"3"	"5"	"Doyle, Joe"	"Perratt, Miss L A"	"6f "	"5"	"4"	"4"	"7"
"14:50:00"	"2016-08-30"	"Hamilton"	"Bannock Town"	"150.00"	"1000"	"Maiden"	"4"	"5"	"Mullen, Andrew"	"Perratt, Miss L A"	"6f "	"5"	"4"	"7"	"7"
"14:35:00"	"2016-08-29"	"Chepstow"	"Sir Billy Wright (IRE)"	"4.50"	"5.84"	"Handicap"	"2"	"10"	"ONeill, Dane"	"Evans, P D"	"6f "	"4"	"3"	"2"	"11"
"14:35:00"	"2016-08-29"	"Chepstow"	"Vincentti (IRE)"	"6.50"	"10.59"	"Handicap"	"6"	"10"	"Downing, George"	"Harris, R A"	"6f "	"4"	"5"	"2"	"8"
"14:00:00"	"2016-08-29"	"Chepstow"	"Wild Flower (IRE)"	"5.00"	"7.8"	"Handicap"	"2"	"15"	"ONeill, K T"	"Fox, J C"	"7f "	"6"	"7"	"2"	"10"
"13:30:00"	"2016-08-29"	"Chepstow"	"Knight Of The Air"	"6.00"	"9.6"	"Handicap"	"1"	"14"	"Murphy, Oisin"	"Channon, M R"	"7f "	"6"	"9"	"2"	"7"
"13:30:00"	"2016-08-29"	"Chepstow"	"Satchville Flyer"	"7.00"	"8.31"	"Handicap"	"2"	"14"	"Beech, Aled J"	"Evans, P D"	"7f "	"6"	"3"	"1"	"8"
"13:30:00"	"2016-08-29"	"Chepstow"	"Ignight"	"66.00"	"168.54"	"Handicap"	"12"	"14"	"Quinn, Jimmy"	"Salaman, M"	"7f "	"6"	"10"	"8"	"11"
"17:40:00"	"2016-08-28"	"Yarmouth"	"U S Navy Seal (USA)"	"25.00"	"43.31"	"Handicap"	"8"	"8"	"Queally, T P"	"Jenkins, J R"	"7f "	"5"	"9"	"6"	"8"
"17:35:00"	"2016-08-28"	"Curragh"	"Peacehaven (IRE)"	"5.50"	"7.6"	"Handicap"	"3"	"13"	"Heffernan, J A"	"Murtagh, J P"	"6f "	"0"	"8"	"5"	"26"
"17:35:00"	"2016-08-28"	"Curragh"	"Not A Whisper (IRE) (OLD)"	"12.00"	"15"	"Handicap"	"8"	"13"	"Lordan, W M"	"Howard, Aidan Anthony"	"6f "	"0"	"7"	"5"	"10"
"17:35:00"	"2016-08-28"	"Curragh"	"New Identity (IRE)"	"25.00"	"60"	"Handicap"	"12"	"13"	"McCullagh, N G"	"Martin, W J"	"6f "	"0"	"8"	"20"	"26"
"17:30:00"	"2016-08-28"	"Goodwood"	"Babyfact"	"2.00"	"3.39"	"Handicap"	"1"	"10"	"Crowley, Jim"	"Saunders, M S"	"5f "	"5"	"9"	"1"	"10"
"17:30:00"	"2016-08-28"	"Goodwood"	"Ask The Guru"	"8.00"	"10.5"	"Handicap"	"8"	"10"	"Fox, Kieren"	"Attwater, M J"	"5f "	"5"	"9"	"3"	"10"
"17:30:00"	"2016-08-28"	"Goodwood"	"Keep It Dark"	"8.00"	"9.92"	"Handicap"	"9"	"10"	"Greatrex, Edward"	"Knight, W J"	"5f "	"5"	"9"	"7"	"10"
"19:50:00"	"2016-08-27"	"Redcar"	"Indego Blues"	"8.50"	"12.02"	"Handicap"	"10"	"14"	"Mooney, Danielle"	"Nicholls, D"	"6f "	"6"	"3"	"4"	"10"
"18:50:00"	"2016-08-27"	"Redcar"	"Shearian"	"33.00"	"59.05"	"Handicap"	"7"	"17"	"Noble, Cameron"	"Waggott, Miss Tracy"	"7f "	"6"	"5"	"13"	"15"
"18:50:00"	"2016-08-27"	"Redcar"	"Caeser The Gaeser (IRE)"	"8.00"	"11.71"	"Handicap"	"8"	"17"	"Edmunds, Lewis"	"Tinkler, N"	"7f "	"6"	"10"	"1"	"12"
"18:50:00"	"2016-08-27"	"Redcar"	"Saltarello (IRE)"	"12.00"	"17"	"Handicap"	"9"	"17"	"Hardie, Cameron"	"Fife, Mrs Marjorie"	"7f "	"6"	"5"	"8"	"15"
"18:50:00"	"2016-08-27"	"Redcar"	"No Refund (IRE)"	"11.00"	"14"	"Handicap"	"13"	"17"	"Curtis, B A"	"Loughnane, David"	"7f "	"6"	"9"	"11"	"12"
"15:45:00"	"2016-08-27"	"Beverley"	"One Boy (IRE)"	"7.00"	"9.47"	"Handicap"	"4"	"11"	"Nolan, D"	"Fahey, R A"	"5f "	"5"	"3"	"3"	"10"
"15:45:00"	"2016-08-27"	"Beverley"	"Long Awaited (IRE)"	"28.00"	"48"	"Handicap"	"9"	"11"	"Mulrennan, Paul"	"Dore, C R"	"5f "	"5"	"8"	"10"	"10"
"15:15:00"	"2016-08-27"	"Navan"	"Oor Jock (IRE)"	"5.50"	"7.2"	"Handicap"	"4"	"14"	"McCullagh, N G"	"McGuinness, Adrian"	"5f "	"0"	"3"	"3"	"13"
"15:15:00"	"2016-08-27"	"Navan"	"Battleroftheboyne (IRE)"	"7.00"	"8.6"	"Handicap"	"11"	"14"	"McDonogh, D P"	"OConnell, Eamon"	"5f "	"0"	"7"	"9"	"26"
"15:15:00"	"2016-08-27"	"Navan"	"Zylan (IRE)"	"8.00"	"13.36"	"Handicap"	"13"	"14"	"Smullen, P J"	"Marnane, David"	"5f "	"0"	"7"	"21"	"26"
"20:00:00"	"2016-08-26"	"Hamilton"	"Rock Canyon (IRE)"	"3.33"	"4.46"	"Handicap"	"5"	"7"	"Lee, Clifford"	"Perratt, Miss L A"	"5f "	"6"	"8"	"2"	"11"
"20:00:00"	"2016-08-26"	"Hamilton"	"Amber Crystal"	"7.00"	"9.4"	"Handicap"	"6"	"7"	"Eaves, Tom"	"Perratt, Miss L A"	"5f "	"6"	"1"	"4"	"8"
"17:40:00"	"2016-08-26"	"Ffos Las"	"Molly Jones"	"10.00"	"21"	"Handicap"	"6"	"8"	"ONeill, Dane"	"Salaman, M"	"5f "	"6"	"6"	"11"	"12"
"17:30:00"	"2016-08-26"	"Newmarket (July)"	"Vimy Ridge"	"12.00"	"17"	"Handicap"	"3"	"6"	"Walsh, E J"	"Bailey, A"	"6f "	"4"	"5"	"9"	"12"
"17:30:00"	"2016-08-26"	"Newmarket (July)"	"Mississippi"	"5.50"	"7.99"	"Handicap"	"5"	"6"	"Hanagan, Paul"	"Midgley, P T"	"6f "	"4"	"10"	"9"	"9"
"16:20:00"	"2016-08-26"	"Newmarket (July)"	"Outrath (IRE)"	"33.00"	"62.01"	"Maiden"	"4"	"6"	"Murphy, Timmy"	"Best, Jim"	"1m "	"5"	"9"	"4"	"9"
"16:20:00"	"2016-08-26"	"Newmarket (July)"	"Borus Brook (IRE)"	"66.00"	"212.07"	"Maiden"	"6"	"6"	"Quinn, Jimmy"	"Best, Jim"	"1m "	"5"	"4"	"4"	"4"
"17:05:00"	"2016-08-25"	"Musselburgh"	"Amber Crystal"	"12.00"	"14.87"	"Handicap"	"4"	"8"	"Eaves, Tom"	"Perratt, Miss L A"	"5f "	"6"	"7"	"5"	"11"
"16:45:00"	"2016-08-25"	"Leicester"	"Bunker Hill Lass"	"33.00"	"55"	"Handicap"	"9"	"15"	"Mullen, Andrew"	"Appleby, M"	"6f "	"5"	"9"	"10"	"12"
"16:45:00"	"2016-08-25"	"Leicester"	"Generalyse"	"8.00"	"9.24"	"Handicap"	"12"	"15"	"Bryan, Joshua"	"Murphy, Anabel K"	"6f "	"5"	"10"	"5"	"14"
"16:45:00"	"2016-08-25"	"Leicester"	"Balliol"	"16.00"	"21.49"	"Handicap"	"14"	"15"	"Kirby, Adam"	"Harris, R A"	"6f "	"5"	"8"	"7"	"7"
"18:00:00"	"2016-08-24"	"Bellewstown"	"Oor Jock (IRE)"	"5.00"	"6.8"	"Handicap"	"3"	"13"	"Keane, C T"	"McGuinness, Adrian"	"5f "	"0"	"8"	"9"	"16"
"18:00:00"	"2016-08-24"	"Bellewstown"	"Clear Focus (IRE)"	"14.00"	"17.81"	"Handicap"	"10"	"13"	"Cleary, R P"	"McCourt, T G"	"5f "	"0"	"8"	"2"	"16"
"17:30:00"	"2016-08-24"	"Bellewstown"	"I Will Excel (IRE)"	"1.75"	"2.91"	"Maiden"	"1"	"8"	"Kelly, S B"	"OCallaghan, M D"	"5f "	"0"	"4"	"6"	"26"
"16:55:00"	"2016-08-24"	"Catterick"	"Cruise Tothelimit (IRE)"	"6.00"	"8.2"	"Handicap"	"3"	"8"	"McNamara, Adam"	"Morris, Patrick"	"5f "	"5"	"7"	"3"	"12"
"15:40:00"	"2016-08-24"	"Lingfield"	"Vincentti (IRE)"	"4.50"	"6.09"	"Handicap"	"2"	"8"	"Murphy, Oisin"	"Harris, R A"	"6f "	"4"	"3"	"3"	"4"
"17:05:00"	"2016-08-23"	"Yarmouth"	"Mops Angel"	"8.00"	"10"	"Handicap"	"5"	"8"	"Sanderson, Benjamin"	"Appleby, M"	"1m "	"6"	"4"	"3"	"10"
"16:30:00"	"2016-08-23"	"Yarmouth"	"Intrude"	"14.00"	"16.08"	"Handicap"	"2"	"5"	"Bentley, Harry"	"Williams, S C"	"7f "	"4"	"7"	"9"	"9"
"15:15:00"	"2016-08-22"	"Carlisle"	"JacobS Pillow"	"3.50"	"5.49"	"Handicap"	"2"	"10"	"Tudhope, Daniel"	"Bastiman, Rebecca"	"6f "	"5"	"10"	"6"	"13"
"16:30:00"	"2016-08-20"	"Curragh"	"Lake George (IRE)"	"6.50"	"9.4"	"Handicap"	"3"	"26"	"Redmond, D M"	"Barrett, James M"	"6f "	"0"	"4"	"1"	"16"
"16:30:00"	"2016-08-20"	"Curragh"	"Not A Bad Oul Day (IRE)"	"20.00"	"36"	"Handicap"	"15"	"26"	"Lee, W J"	"Love, Mrs D A"	"6f "	"0"	"10"	"7"	"16"
"16:30:00"	"2016-08-20"	"Curragh"	"Burren View Lady (IRE)"	"25.00"	"55"	"Handicap"	"16"	"26"	"OBrien, Donnacha"	"Hogan, Denis Gerard"	"6f "	"0"	"9"	"11"	"13"
"16:15:00"	"2016-08-20"	"Sandown"	"Son Of Africa"	"16.00"	"20.62"	"Handicap"	"1"	"12"	"Bentley, Harry"	"Candy, H"	"5f "	"3"	"7"	"18"	"20"
"16:15:00"	"2016-08-20"	"Sandown"	"Shipyard (USA)"	"11.00"	"12.2"	"Handicap"	"2"	"12"	"Queally, T P"	"Appleby, M"	"5f "	"3"	"7"	"6"	"20"
"16:15:00"	"2016-08-20"	"Sandown"	"Soie Dleau"	"6.00"	"7.4"	"Handicap"	"5"	"12"	"Fanning, Joe"	"Stubbs, Kristin"	"5f "	"3"	"7"	"5"	"15"
"16:15:00"	"2016-08-20"	"Sandown"	"Gamesome (FR)"	"6.00"	"7.13"	"Handicap"	"8"	"12"	"Harley, M"	"Midgley, P T"	"5f "	"3"	"7"	"3"	"15"
"17:30:00"	"2016-08-19"	"Salisbury"	"Nona Blu"	"1.10"	"2.24"	"Handicap"	"2"	"5"	"ONeill, Ms Lisa"	"Wigham, M"	"1m "	"5"	"8"	"2"	"13"
"14:55:00"	"2016-08-19"	"Sandown"	"Babyfact"	"6.00"	"8"	"Handicap"	"1"	"10"	"Crowley, Jim"	"Saunders, M S"	"5f "	"5"	"8"	"2"	"11"
"20:10:00"	"2016-08-18"	"Hamilton"	"Salvatore Fury (IRE)"	"2.75"	"4.48"	"Handicap"	"1"	"11"	"Gibbons, Graham"	"Dalgleish, Keith"	"5f "	"5"	"6"	"1"	"13"
"20:10:00"	"2016-08-18"	"Hamilton"	"Rock Canyon (IRE)"	"25.00"	"37.59"	"Handicap"	"2"	"11"	"Doyle, Josh"	"Perratt, Miss L A"	"5f "	"5"	"10"	"6"	"10"
"20:10:00"	"2016-08-18"	"Hamilton"	"Amber Crystal"	"40.00"	"75"	"Handicap"	"5"	"11"	"Hardie, Cameron"	"Perratt, Miss L A"	"5f "	"5"	"10"	"8"	"10"
"20:10:00"	"2016-08-18"	"Hamilton"	"Tinsill"	"9.00"	"11"	"Handicap"	"7"	"11"	"Mullen, Andrew"	"Tinkler, N"	"5f "	"5"	"7"	"5"	"11"
"16:40:00"	"2016-08-17"	"Chepstow"	"Bonjour Steve"	"3.33"	"5.02"	"Handicap"	"3"	"7"	"Marquand, Tom"	"Price, R J"	"5f "	"5"	"9"	"1"	"5"
"14:10:00"	"2016-08-17"	"Carlisle"	"Poolstock"	"9.00"	"12.5"	"Handicap"	"7"	"12"	"Dods, Miss S E"	"Dods, M"	"6f "	"6"	"2"	"13"	"14"
"14:10:00"	"2016-08-17"	"Carlisle"	"Dark Castle"	"50.00"	"75"	"Handicap"	"8"	"12"	"Wright, Mr Joe"	"Hammond, Micky"	"6f "	"6"	"8"	"9"	"12"
"14:10:00"	"2016-08-17"	"Carlisle"	"Reflation"	"18.00"	"24.37"	"Handicap"	"9"	"12"	"Dods, Miss C A"	"Dods, M"	"6f "	"6"	"2"	"8"	"14"
"18:40:00"	"2016-08-16"	"Leicester"	"Classic Pursuit"	"7.00"	"8.5"	"Handicap"	"6"	"9"	"Gordon, Josephine"	"Furtado, Ivan"	"6f "	"4"	"7"	"3"	"7"
"18:40:00"	"2016-08-16"	"Leicester"	"Explain"	"10.00"	"11.5"	"Handicap"	"7"	"9"	"Sullivan, James P"	"Carr, Mrs R A"	"6f "	"4"	"10"	"3"	"8"
"17:45:00"	"2016-08-15"	"Thirsk"	"Teetotal (IRE)"	"8.00"	"11.5"	"Handicap"	"1"	"14"	"Margarson, Miss K"	"Tinkler, N"	"6f "	"6"	"6"	"3"	"12"
"17:45:00"	"2016-08-15"	"Thirsk"	"Gaelic Wizard (IRE)"	"8.00"	"10.65"	"Handicap"	"2"	"14"	"Sayer, Miss E C"	"Tutty, Mrs K J"	"6f "	"6"	"6"	"7"	"13"
"17:45:00"	"2016-08-15"	"Thirsk"	"Generalyse"	"12.00"	"16.42"	"Handicap"	"5"	"14"	"Bartley, Mrs C"	"Murphy, Anabel K"	"6f "	"6"	"7"	"4"	"8"
"17:45:00"	"2016-08-15"	"Thirsk"	"Amis Reunis"	"25.00"	"27.4"	"Handicap"	"6"	"14"	"Sharpe, Miss R"	"Teague, C J"	"6f "	"6"	"6"	"6"	"12"
"17:45:00"	"2016-08-15"	"Thirsk"	"Very First Blade"	"33.00"	"60.84"	"Handicap"	"9"	"14"	"Mullineaux, Miss M"	"Mullineaux, M"	"6f "	"6"	"8"	"5"	"6"
"17:45:00"	"2016-08-15"	"Thirsk"	"A J Cook (IRE)"	"8.00"	"10.5"	"Handicap"	"10"	"14"	"Waugh, Amie"	"Barr, R E"	"6f "	"6"	"6"	"4"	"12"
"17:45:00"	"2016-08-15"	"Thirsk"	"Poolstock"	"7.50"	"9.6"	"Handicap"	"13"	"14"	"Dods, Miss S E"	"Dods, M"	"6f "	"6"	"6"	"1"	"12"
"15:45:00"	"2016-08-15"	"Thirsk"	"Fredricka"	"8.00"	"10.5"	"Handicap"	"9"	"12"	"Gibbons, Graham"	"Barron, T D"	"5f "	"4"	"9"	"5"	"10"
"15:45:00"	"2016-08-15"	"Thirsk"	"Savannah Beau"	"12.00"	"15.71"	"Handicap"	"10"	"12"	"James, S H"	"Fife, Mrs Marjorie"	"5f "	"4"	"5"	"7"	"10"
"15:45:00"	"2016-08-15"	"Thirsk"	"Soul Brother (IRE)"	"14.00"	"18"	"Handicap"	"11"	"12"	"Allan, David"	"Easterby, T D"	"5f "	"4"	"9"	"9"	"10"
"18:35:00"	"2016-08-13"	"Lingfield"	"Gratzie"	"16.00"	"20"	"Handicap"	"6"	"7"	"Hennessy, Killian"	"Channon, M R"	"7.5f "	"3"	"7"	"10"	"13"
"18:35:00"	"2016-08-13"	"Lingfield"	"Bint Dandy (IRE)"	"3.50"	"5.3"	"Handicap"	"7"	"7"	"Sousa, Silvestre De"	"Dwyer, C A"	"7.5f "	"3"	"6"	"2"	"7"
"16:55:00"	"2016-08-13"	"Lingfield"	"Sarmadee (IRE)"	"3.50"	"5.3"	"Handicap"	"2"	"7"	"Hennessy, Killian"	"Channon, M R"	"7.5f "	"5"	"8"	"1"	"7"
"16:55:00"	"2016-08-13"	"Lingfield"	"Limerick Lord (IRE)"	"3.00"	"4.9"	"Handicap"	"3"	"7"	"Doran, Liam"	"Feilden, Miss J"	"7.5f "	"5"	"9"	"3"	"7"
"16:55:00"	"2016-08-13"	"Lingfield"	"Cascading Stars (IRE)"	"11.00"	"13.59"	"Handicap"	"6"	"7"	"Eley, T"	"Loughnane, Daniel Mark"	"7.5f "	"5"	"9"	"12"	"14"
"14:45:00"	"2016-08-13"	"Newmarket (July)"	"Champagne Bob"	"9.00"	"11.08"	"Handicap"	"2"	"10"	"Greatrex, Edward"	"Price, R J"	"6f "	"4"	"9"	"5"	"12"
"14:45:00"	"2016-08-13"	"Newmarket (July)"	"Honcho (IRE)"	"12.00"	"14.35"	"Handicap"	"4"	"10"	"Gordon, Josephine"	"Ryan, J"	"6f "	"4"	"10"	"7"	"7"
"20:15:00"	"2016-08-12"	"Newmarket (July)"	"Dutch Law"	"2.25"	"3.34"	"Handicap"	"3"	"6"	"Bennett, Charlie"	"Morrison, H"	"1m "	"3"	"6"	"1"	"10"
"19:50:00"	"2016-08-12"	"Catterick"	"Salvatore Fury (IRE)"	"3.50"	"5.12"	"Handicap"	"1"	"13"	"Gibbons, Graham"	"Dalgleish, Keith"	"5f "	"6"	"2"	"4"	"10"
"19:50:00"	"2016-08-12"	"Catterick"	"Compton River"	"5.00"	"6.8"	"Handicap"	"2"	"13"	"Mulrennan, Paul"	"Smart, B"	"5f "	"6"	"10"	"1"	"12"
"19:50:00"	"2016-08-12"	"Catterick"	"Ypres"	"18.00"	"21"	"Handicap"	"3"	"13"	"Norton, Francis"	"Ward, Jason"	"5f "	"6"	"8"	"11"	"12"
"19:50:00"	"2016-08-12"	"Catterick"	"Innocently (IRE)"	"4.00"	"5.79"	"Handicap"	"4"	"13"	"Doyle, Josh"	"OMeara, D"	"5f "	"6"	"6"	"2"	"8"
"19:50:00"	"2016-08-12"	"Catterick"	"Pavers Star"	"8.50"	"11"	"Handicap"	"7"	"13"	"McHugh, B"	"Wilson, N"	"5f "	"6"	"4"	"4"	"10"
"19:50:00"	"2016-08-12"	"Catterick"	"Windforpower (IRE)"	"28.00"	"38"	"Handicap"	"8"	"13"	"Hart, Jason"	"Waggott, Miss Tracy"	"5f "	"6"	"10"	"9"	"12"
"18:00:00"	"2016-08-12"	"Newmarket (July)"	"Cosmic Chatter"	"5.50"	"7.37"	"Handicap"	"2"	"7"	"Sullivan, James P"	"Carr, Mrs R A"	"6f "	"4"	"6"	"3"	"10"
"14:40:00"	"2016-08-12"	"Nottingham"	"Zebelini (IRE)"	"4.50"	"6.31"	"Handicap"	"4"	"10"	"Dodsworth, Robert"	"Pears, Ollie"	"5f "	"6"	"10"	"2"	"12"
"14:40:00"	"2016-08-12"	"Nottingham"	"Go Charlie"	"12.00"	"16.5"	"Handicap"	"10"	"10"	"Souza, Lemos de"	"Williamson, Mrs L"	"5f "	"6"	"7"	"8"	"8"
"19:35:00"	"2016-08-11"	"Yarmouth"	"Anastazia"	"1.25"	"2.33"	"Handicap"	"4"	"5"	"Egan, David"	"DArcy, P W"	"7f "	"5"	"7"	"1"	"7"
"18:35:00"	"2016-08-11"	"Yarmouth"	"Give Us A Belle (IRE)"	"16.00"	"20"	"Handicap"	"2"	"9"	"Walsh, R P"	"Dunnett, Mrs C A"	"5f "	"6"	"9"	"7"	"7"
"18:35:00"	"2016-08-11"	"Yarmouth"	"Lizzys Dream"	"8.00"	"10.4"	"Handicap"	"5"	"9"	"Morris, Luke"	"Bastiman, Rebecca"	"5f "	"6"	"9"	"8"	"12"
"18:35:00"	"2016-08-11"	"Yarmouth"	"Vivre La Reve"	"6.50"	"8.2"	"Handicap"	"7"	"9"	"Hornby, Rob"	"Unett, J W"	"5f "	"6"	"7"	"3"	"11"
"18:30:00"	"2016-08-11"	"Leopardstown"	"My Good Brother (IRE)"	"16.00"	"26"	"Handicap"	"4"	"13"	"Keane, C T"	"McCourt, T G"	"6f "	"0"	"10"	"6"	"12"
"18:30:00"	"2016-08-11"	"Leopardstown"	"Cappadocia (IRE)"	"10.00"	"14.33"	"Handicap"	"5"	"13"	"Lee, W J"	"Feane, John James"	"6f "	"0"	"9"	"2"	"13"
"18:30:00"	"2016-08-11"	"Leopardstown"	"Falcao (IRE)"	"5.00"	"6.6"	"Handicap"	"10"	"13"	"Orr, Oisin"	"Lynam, Edward"	"6f "	"0"	"10"	"3"	"10"
"18:30:00"	"2016-08-11"	"Leopardstown"	"Burren View Lady (IRE)"	"20.00"	"40"	"Handicap"	"11"	"13"	"Heffernan, J A"	"Hogan, Denis Gerard"	"6f "	"0"	"10"	"4"	"12"
"18:00:00"	"2016-08-11"	"Leopardstown"	"Captain Power (IRE)"	"1.75"	"2.88"	"Handicap"	"1"	"7"	"Downey, R P"	"Lynam, Edward"	"6f "	"0"	"10"	"2"	"10"
"18:00:00"	"2016-08-11"	"Leopardstown"	"Ostatnia (IRE)"	"4.00"	"5.62"	"Handicap"	"4"	"7"	"Lee, W J"	"McCreery, W"	"6f "	"0"	"6"	"1"	"11"
"18:00:00"	"2016-08-11"	"Leopardstown"	"Deeds Not Words (IRE)"	"8.00"	"10.5"	"Handicap"	"6"	"7"	"Hayes, C D"	"Levins, J F"	"6f "	"0"	"4"	"11"	"13"
"16:40:00"	"2016-08-11"	"Salisbury"	"Babyfact"	"2.25"	"3.47"	"Handicap"	"2"	"11"	"Crowley, Jim"	"Saunders, M S"	"6f "	"5"	"8"	"2"	"6"
"15:20:00"	"2016-08-11"	"Beverley"	"Etienne Gerard"	"8.00"	"9.99"	"Handicap"	"2"	"11"	"Hesketh, Miss A"	"Tinkler, N"	"5f "	"5"	"7"	"7"	"12"
"15:20:00"	"2016-08-11"	"Beverley"	"Tinsill"	"12.00"	"18.19"	"Handicap"	"5"	"11"	"Mooney, Danielle"	"Tinkler, N"	"5f "	"5"	"10"	"7"	"15"
"15:20:00"	"2016-08-11"	"Beverley"	"Burtonwood"	"2.50"	"3.95"	"Handicap"	"7"	"11"	"Gordon, Josephine"	"Camacho, Miss J A"	"5f "	"5"	"8"	"3"	"12"
"14:40:00"	"2016-08-11"	"Salisbury"	"Nona Blu"	"5.00"	"6.6"	"Handicap"	"2"	"13"	"Kirby, Adam"	"Wigham, M"	"1m "	"6"	"7"	"2"	"8"
"14:40:00"	"2016-08-11"	"Salisbury"	"Gavarnie Encore"	"25.00"	"29.79"	"Handicap"	"5"	"13"	"ONeill, K T"	"Blanshard, M"	"1m "	"6"	"7"	"5"	"9"
"14:40:00"	"2016-08-11"	"Salisbury"	"Miss Buckaroo (IRE)"	"50.00"	"106.97"	"Handicap"	"7"	"13"	"Marquand, Tom"	"Hedger, P R"	"1m "	"6"	"7"	"6"	"8"
"17:00:00"	"2016-08-10"	"Beverley"	"Salvatore Fury (IRE)"	"3.50"	"4.36"	"Handicap"	"4"	"10"	"Fanning, Joe"	"Dalgleish, Keith"	"5f "	"5"	"6"	"2"	"12"
"16:50:00"	"2016-08-10"	"Salisbury"	"Wahaab (IRE)"	"2.25"	"3.16"	"Handicap"	"4"	"6"	"Currie, Nicola"	"Hughes, Richard"	"7f "	"5"	"2"	"3"	"8"
"14:50:00"	"2016-08-10"	"Salisbury"	"Silverrica (IRE)"	"9.00"	"9.25"	"Handicap"	"8"	"9"	"Cox, Georgia"	"Saunders, M S"	"5f "	"4"	"10"	"6"	"8"
"20:30:00"	"2016-08-09"	"Nottingham"	"Loumarin (IRE)"	"6.00"	"7.57"	"Handicap"	"5"	"10"	"Mullen, Andrew"	"Appleby, M"	"6f "	"6"	"7"	"6"	"12"
"20:00:00"	"2016-08-09"	"Nottingham"	"Classic Pursuit"	"3.00"	"4.61"	"Handicap"	"3"	"7"	"Da Silva, Raul"	"Furtado, Ivan"	"5f "	"5"	"5"	"1"	"12"
"19:30:00"	"2016-08-09"	"Nottingham"	"Strath Burn"	"2.50"	"3.31"	"Non-Handicap"	"3"	"8"	"Murphy, Oisin"	"Cowell, R M H"	"5f "	"3"	"10"	"3"	"5"
"18:15:00"	"2016-08-09"	"Lingfield"	"Dear Bruin (IRE)"	"16.00"	"22.65"	"Handicap"	"1"	"9"	"Twiston-Davies, Mr W"	"Drinkwater, David W"	"6f "	"5"	"7"	"8"	"9"
"17:35:00"	"2016-08-09"	"Thirsk"	"Spoken Words"	"14.00"	"14.14"	"Handicap"	"2"	"12"	"Mathers, Patrick"	"Riches, John"	"6f "	"6"	"8"	"11"	"15"
"17:35:00"	"2016-08-09"	"Thirsk"	"A J Cook (IRE)"	"5.50"	"7.45"	"Handicap"	"4"	"12"	"Richardson, Rachel"	"Barr, R E"	"6f "	"6"	"8"	"1"	"15"
"17:00:00"	"2016-08-09"	"Thirsk"	"Gaelic Wizard (IRE)"	"10.00"	"12.43"	"Handicap"	"7"	"13"	"Tutty, Gemma"	"Tutty, Mrs K J"	"6f "	"6"	"8"	"9"	"15"
"15:45:00"	"2016-08-09"	"Chepstow"	"Gold Hunter (IRE)"	"3.00"	"4.4"	"Handicap"	"1"	"6"	"Marquand, Tom"	"Flook, S"	"6f "	"4"	"9"	"4"	"9"
"15:45:00"	"2016-08-09"	"Chepstow"	"Midnight Rider (IRE)"	"3.50"	"5.12"	"Handicap"	"4"	"6"	"Tylicki, Frederik"	"Millman, B R"	"6f "	"4"	"9"	"4"	"5"
"15:30:00"	"2016-08-09"	"Thirsk"	"Adams Ale"	"6.00"	"7.6"	"Handicap"	"5"	"13"	"Garritty, Jack"	"Walford, Mark"	"5f "	"4"	"10"	"6"	"13"
"15:15:00"	"2016-08-09"	"Chepstow"	"Prim And Proper"	"8.00"	"10.13"	"Handicap"	"1"	"7"	"Muscutt, D"	"Flint, J L"	"1m "	"6"	"10"	"6"	"6"
"18:50:00"	"2016-08-08"	"Windsor"	"Sams R Man"	"100.00"	"407.43"	"Maiden"	"5"	"6"	"Downing, George"	"Jewell, Mrs L C"	"5f "	"4"	"7"	"14"	"14"
"16:00:00"	"2016-08-08"	"Ayr"	"Bunce (IRE)"	"9.00"	"11.69"	"Handicap"	"1"	"10"	"McDonald, P J"	"Perratt, Miss L A"	"5f "	"6"	"10"	"4"	"8"
"16:00:00"	"2016-08-08"	"Ayr"	"Blue Sonic"	"4.00"	"5.48"	"Handicap"	"3"	"10"	"Tudhope, Daniel"	"Perratt, Miss L A"	"5f "	"6"	"2"	"4"	"9"
"16:00:00"	"2016-08-08"	"Ayr"	"Pavers Star"	"11.00"	"13.51"	"Handicap"	"4"	"10"	"Mathers, Patrick"	"Wilson, N"	"5f "	"6"	"6"	"4"	"12"
"16:00:00"	"2016-08-08"	"Ayr"	"Goninodaethat"	"8.50"	"9.34"	"Handicap"	"5"	"10"	"Doyle, Joe"	"Goldie, J S"	"5f "	"6"	"2"	"6"	"9"
"16:00:00"	"2016-08-08"	"Ayr"	"Strategic Heights (IRE)"	"4.50"	"6.2"	"Handicap"	"6"	"10"	"Nolan, D"	"Feane, John James"	"5f "	"6"	"7"	"8"	"12"
"15:30:00"	"2016-08-08"	"Ayr"	"Rock Canyon (IRE)"	"11.00"	"19.5"	"Handicap"	"6"	"10"	"Eaves, Tom"	"Perratt, Miss L A"	"6f "	"5"	"2"	"2"	"9"
"20:20:00"	"2016-08-06"	"Lingfield"	"One Big Surprise"	"2.75"	"4.07"	"Handicap"	"3"	"9"	"Kelly, Shane"	"Hughes, Richard"	"6f "	"5"	"9"	"3"	"6"
"19:40:00"	"2016-08-06"	"Ayr"	"Classy Anne"	"7.50"	"9.98"	"Handicap"	"2"	"10"	"Doyle, Joe"	"Goldie, J S"	"5f "	"4"	"8"	"7"	"11"
"19:40:00"	"2016-08-06"	"Ayr"	"Desert Ace (IRE)"	"9.00"	"10.44"	"Handicap"	"7"	"10"	"Teasdale, Shirley"	"Jardine, I"	"5f "	"4"	"8"	"9"	"11"
"19:40:00"	"2016-08-06"	"Ayr"	"Economic Crisis (IRE)"	"12.00"	"16.19"	"Handicap"	"8"	"10"	"Mulrennan, Paul"	"Riches, John"	"5f "	"4"	"8"	"10"	"11"
"19:10:00"	"2016-08-06"	"Ayr"	"Rock Canyon (IRE)"	"25.00"	"38"	"Handicap"	"2"	"9"	"Doyle, Josh"	"Perratt, Miss L A"	"6f "	"6"	"5"	"10"	"11"
"19:10:00"	"2016-08-06"	"Ayr"	"Raise A Billion"	"5.00"	"7"	"Handicap"	"5"	"9"	"Chaloner, G"	"Riches, John"	"6f "	"6"	"7"	"4"	"9"
"17:15:00"	"2016-08-06"	"Haydock"	"Lydiate Lady"	"5.50"	"8.4"	"Handicap"	"4"	"8"	"Queally, T P"	"Green, Paul"	"5f "	"5"	"1"	"6"	"8"
"17:05:00"	"2016-08-06"	"Redcar"	"Highland Acclaim (IRE)"	"4.50"	"6.02"	"Handicap"	"2"	"10"	"Nolan, D"	"OMeara, D"	"6f "	"4"	"7"	"3"	"13"
"17:05:00"	"2016-08-06"	"Redcar"	"Cosmic Chatter"	"3.50"	"5.45"	"Handicap"	"3"	"10"	"Stott, Kevin"	"Carr, Mrs R A"	"6f "	"4"	"7"	"1"	"13"
"17:05:00"	"2016-08-06"	"Redcar"	"Meshardal (GER)"	"4.00"	"5.57"	"Handicap"	"7"	"10"	"Sullivan, James P"	"Carr, Mrs R A"	"6f "	"4"	"7"	"5"	"12"
"16:45:00"	"2016-08-06"	"Haydock"	"Barkston Ash"	"8.00"	"9.3"	"Handicap"	"8"	"8"	"Makin, Phillip"	"Alston, E J"	"6f "	"4"	"7"	"4"	"12"
"16:00:00"	"2016-08-06"	"Redcar"	"Hard To Handel"	"5.50"	"5.47"	"Handicap"	"7"	"12"	"Birkett, Shelley"	"OMeara, D"	"1m "	"4"	"7"	"2"	"14"
"16:00:00"	"2016-08-06"	"Redcar"	"Ingleby Angel (IRE)"	"10.00"	"14.07"	"Handicap"	"8"	"12"	"Eaves, Tom"	"Teague, C J"	"1m "	"4"	"7"	"8"	"14"
"16:00:00"	"2016-08-06"	"Redcar"	"Abushamah (IRE)"	"8.50"	"9.99"	"Handicap"	"11"	"12"	"Sullivan, James P"	"Carr, Mrs R A"	"1m "	"4"	"7"	"6"	"14"
"15:25:00"	"2016-08-06"	"Redcar"	"Shamaheart (IRE)"	"5.50"	"7.98"	"Handicap"	"1"	"11"	"Allan, David"	"Harker, G A"	"7f "	"4"	"9"	"1"	"7"
"15:25:00"	"2016-08-06"	"Redcar"	"Harwoods Volante (IRE)"	"9.00"	"10.85"	"Handicap"	"4"	"11"	"James, S H"	"OMeara, D"	"7f "	"4"	"7"	"7"	"13"
"15:25:00"	"2016-08-06"	"Redcar"	"Buccaneers Vault (IRE)"	"12.00"	"13.92"	"Handicap"	"7"	"11"	"Beasley, Connor"	"Dods, M"	"7f "	"4"	"8"	"1"	"8"
"14:50:00"	"2016-08-06"	"Redcar"	"The Cheese Gang"	"100.00"	"400"	"Maiden"	"9"	"11"	"Beasley, Connor"	"Corbett, Mrs Susan"	"7f "	"5"	"10"	"7"	"8"
"19:55:00"	"2016-08-05"	"Haydock"	"Busy Bimbo (IRE)"	"7.00"	"10.05"	"Handicap"	"4"	"8"	"Eaves, Tom"	"Riches, John"	"5f "	"5"	"7"	"2"	"8"
"19:55:00"	"2016-08-05"	"Haydock"	"Rubys Day"	"5.50"	"6.97"	"Handicap"	"5"	"8"	"McNamara, Adam"	"Brown, D H"	"5f "	"5"	"8"	"5"	"7"
"17:25:00"	"2016-08-05"	"Tipperary"	"Tylery Wonder (IRE)"	"8.00"	"11.16"	"Handicap"	"4"	"11"	"Roche, L F"	"McCreery, W"	"5f "	"0"	"4"	"7"	"10"
"17:10:00"	"2016-08-04"	"Yarmouth"	"Limerick Lord (IRE)"	"2.13"	"3.52"	"Handicap"	"3"	"7"	"Doran, Liam"	"Feilden, Miss J"	"7f "	"5"	"5"	"2"	"6"
"15:20:00"	"2016-08-04"	"Haydock"	"Etienne Gerard"	"7.50"	"9.27"	"Handicap"	"7"	"12"	"Richardson, Rachel"	"Tinkler, N"	"6f "	"5"	"8"	"3"	"7"
"19:50:00"	"2016-08-03"	"Yarmouth"	"Racing Angel (IRE)"	"4.50"	"6.19"	"Handicap"	"8"	"8"	"Cosgrave, Pat"	"Quinn, M"	"5f "	"4"	"8"	"2"	"7"
"19:20:00"	"2016-08-03"	"Yarmouth"	"Captain Bob (IRE)"	"2.25"	"3.2"	"Handicap"	"4"	"7"	"Sousa, Silvestre De"	"Cowell, R M H"	"6f "	"5"	"8"	"4"	"7"
"19:20:00"	"2016-08-03"	"Yarmouth"	"Honcho (IRE)"	"12.00"	"13.46"	"Handicap"	"7"	"7"	"Donohoe, Stephen"	"Ryan, J"	"6f "	"5"	"8"	"8"	"9"
"18:20:00"	"2016-08-03"	"Yarmouth"	"Thecornishbarron (IRE)"	"7.50"	"8.83"	"Handicap"	"4"	"8"	"Steward, Louis"	"Ryan, J"	"1m "	"4"	"6"	"4"	"7"
"18:25:00"	"2016-08-02"	"Cork"	"Clear Focus (IRE)"	"11.00"	"15.43"	"Handicap"	"11"	"13"	"Leonard, Killian"	"McCourt, T G"	"6f "	"0"	"10"	"4"	"16"
"16:30:00"	"2016-08-02"	"Salisbury"	"Prince Of Cardamom (IRE)"	"1.50"	"2.56"	"Handicap"	"4"	"9"	"Bennett, Charlie"	"Geake, J A"	"1m "	"6"	"3"	"1"	"6"
"16:00:00"	"2016-08-02"	"Salisbury"	"Top Pocket"	"5.00"	"7.6"	"Handicap"	"7"	"10"	"Twiston-Davies, Mr W"	"Madgwick, M"	"1m "	"6"	"6"	"4"	"6"
"19:30:00"	"2016-08-01"	"Windsor"	"Musical Comedy"	"16.00"	"19.88"	"Handicap"	"4"	"11"	"Crowley, Jim"	"Murphy, Mike"	"6f "	"3"	"10"	"11"	"15"
"19:15:00"	"2016-08-01"	"Carlisle"	"Courier"	"4.00"	"6.46"	"Handicap"	"1"	"11"	"Smith, Becky"	"Fife, Mrs Marjorie"	"6f "	"5"	"10"	"2"	"7"
"19:15:00"	"2016-08-01"	"Carlisle"	"Percys Gal"	"9.00"	"11.42"	"Handicap"	"4"	"11"	"Tutty, Gemma"	"Tutty, Mrs K J"	"6f "	"5"	"10"	"5"	"7"
"19:15:00"	"2016-08-01"	"Carlisle"	"Saltarello (IRE)"	"12.00"	"15"	"Handicap"	"5"	"11"	"Doyle, Hollie"	"Fife, Mrs Marjorie"	"6f "	"5"	"5"	"9"	"12"
"18:45:00"	"2016-08-01"	"Carlisle"	"A J Cook (IRE)"	"10.00"	"13.88"	"Handicap"	"1"	"15"	"Richardson, Rachel"	"Barr, R E"	"5f "	"6"	"5"	"3"	"12"
"18:45:00"	"2016-08-01"	"Carlisle"	"Hit The Lights (IRE)"	"6.50"	"7.66"	"Handicap"	"2"	"15"	"Mooney, Danielle"	"Nicholls, D"	"5f "	"6"	"10"	"14"	"19"
"18:45:00"	"2016-08-01"	"Carlisle"	"Slim Chance (IRE)"	"8.50"	"13"	"Handicap"	"5"	"15"	"Doyle, Hollie"	"West, S G"	"5f "	"6"	"9"	"2"	"14"
"18:45:00"	"2016-08-01"	"Carlisle"	"Penny Royale"	"4.50"	"6"	"Handicap"	"6"	"15"	"Easterby, Miss E"	"Easterby, T D"	"5f "	"6"	"10"	"1"	"6"
"18:45:00"	"2016-08-01"	"Carlisle"	"Tinsill"	"6.00"	"8.99"	"Handicap"	"7"	"15"	"Birkett, Shelley"	"Tinkler, N"	"5f "	"6"	"10"	"2"	"6"
"18:45:00"	"2016-08-01"	"Carlisle"	"Gaelic Wizard (IRE)"	"12.00"	"15.48"	"Handicap"	"9"	"15"	"Tutty, Gemma"	"Tutty, Mrs K J"	"5f "	"6"	"10"	"4"	"6"
"18:45:00"	"2016-08-01"	"Carlisle"	"Knockamany Bends (IRE)"	"20.00"	"38"	"Handicap"	"13"	"15"	"Turner, Hayley"	"Wainwright, J S"	"5f "	"6"	"8"	"8"	"9"
"15:55:00"	"2016-08-01"	"Naas"	"Regal Power"	"33.00"	"42"	"Handicap"	"11"	"12"	"Moriarty, K P"	"Callaghan, Marcus"	"5f "	"0"	"9"	"6"	"16"
"14:30:00"	"2016-07-31"	"Chepstow"	"Sarangoo"	"5.00"	"6.4"	"Handicap"	"3"	"9"	"Gordon, Josephine"	"Saunders, M S"	"7f "	"4"	"10"	"3"	"8"
"19:45:00"	"2016-07-30"	"Hamilton"	"Signore Piccolo"	"10.00"	"12.32"	"Handicap"	"2"	"12"	"Nolan, D"	"OMeara, D"	"6f "	"4"	"8"	"8"	"19"
"17:25:00"	"2016-07-30"	"Lingfield"	"Nifty Kier"	"12.00"	"20.01"	"Handicap"	"5"	"6"	"Wood, George"	"McEntee, P S"	"7.5f "	"6"	"10"	"1"	"8"
"17:20:00"	"2016-07-30"	"Thirsk"	"Cosmic Chatter"	"12.00"	"15.01"	"Handicap"	"1"	"13"	"Stott, Kevin"	"Carr, Mrs R A"	"6f "	"4"	"9"	"4"	"6"
"17:20:00"	"2016-07-30"	"Thirsk"	"Harwoods Volante (IRE)"	"20.00"	"26"	"Handicap"	"7"	"13"	"Doyle, Josh"	"OMeara, D"	"6f "	"4"	"7"	"11"	"18"
"16:40:00"	"2016-07-30"	"Doncaster"	"Pipers Note"	"12.00"	"21.52"	"Non-Handicap"	"4"	"5"	"Garritty, Jack"	"Whitaker, R M"	"6f "	"3"	"7"	"10"	"16"
"20:55:00"	"2016-07-29"	"Musselburgh"	"Thornaby Princess"	"8.00"	"9.48"	"Handicap"	"1"	"8"	"Ffrench, Royston"	"Teague, C J"	"5f "	"6"	"10"	"4"	"10"
"20:55:00"	"2016-07-29"	"Musselburgh"	"Bunce (IRE)"	"7.50"	"9.68"	"Handicap"	"4"	"8"	"Lee, G"	"Perratt, Miss L A"	"5f "	"6"	"10"	"10"	"11"
"20:35:00"	"2016-07-29"	"Newmarket (July)"	"Gulland Rock"	"25.00"	"47.86"	"Handicap"	"7"	"10"	"Quinn, Jimmy"	"Carson, Anthony"	"1m "	"4"	"6"	"9"	"11"
"20:05:00"	"2016-07-29"	"Newmarket (July)"	"Briac (FR)"	"33.00"	"181.97"	"Maiden"	"7"	"8"	"Egan, John"	"Best, Jim"	"1m "	"5"	"6"	"7"	"9"
"19:35:00"	"2016-07-29"	"Newmarket (July)"	"Steal The Scene (IRE)"	"7.50"	"12"	"Handicap"	"4"	"8"	"Marquand, Tom"	"Hannon (Jnr), Richard"	"7f "	"4"	"10"	"3"	"8"
"19:20:00"	"2016-07-29"	"Musselburgh"	"Classy Anne"	"20.00"	"24"	"Handicap"	"7"	"11"	"Doyle, Joe"	"Goldie, J S"	"5f "	"3"	"6"	"6"	"11"
"19:20:00"	"2016-07-29"	"Musselburgh"	"Desert Ace (IRE)"	"6.00"	"8.8"	"Handicap"	"9"	"11"	"Nolan, D"	"Jardine, I"	"5f "	"3"	"9"	"2"	"13"
"19:20:00"	"2016-07-29"	"Musselburgh"	"Economic Crisis (IRE)"	"9.00"	"9.3"	"Handicap"	"10"	"11"	"Evans, Nathan"	"Riches, John"	"5f "	"3"	"10"	"1"	"11"
"19:20:00"	"2016-07-29"	"Musselburgh"	"Pearl Acclaim (IRE)"	"12.00"	"15.55"	"Handicap"	"11"	"11"	"Quinn, Paul"	"Nicholls, D"	"5f "	"3"	"9"	"3"	"13"
"17:15:00"	"2016-07-29"	"Thirsk"	"Fyrecracker (IRE)"	"2.00"	"3.37"	"Handicap"	"5"	"11"	"Lee, Clifford"	"Tuer, Grant"	"6f "	"5"	"7"	"3"	"19"
"17:15:00"	"2016-07-29"	"Thirsk"	"Teetotal (IRE)"	"8.00"	"8.9"	"Handicap"	"6"	"11"	"Mooney, Danielle"	"Tinkler, N"	"6f "	"5"	"2"	"6"	"13"
"17:15:00"	"2016-07-29"	"Thirsk"	"Tavener"	"5.50"	"7.2"	"Handicap"	"7"	"11"	"Vaughan, Patrick"	"OMeara, D"	"6f "	"5"	"2"	"9"	"13"
"15:30:00"	"2016-07-29"	"Thirsk"	"Magical Effect (IRE)"	"0.62"	"1.65"	"Maiden"	"1"	"5"	"Sullivan, James P"	"Carr, Mrs R A"	"5f "	"5"	"10"	"2"	"10"
"17:10:00"	"2016-07-28"	"Nottingham"	"Oriental Relation (IRE)"	"2.50"	"3.75"	"Handicap"	"4"	"7"	"McNamara, Adam"	"Given, J G"	"5f "	"5"	"9"	"1"	"8"
"17:10:00"	"2016-07-28"	"Nottingham"	"Rubys Day"	"5.50"	"7.42"	"Handicap"	"5"	"7"	"Mulrennan, Paul"	"Brown, D H"	"5f "	"5"	"9"	"4"	"8"
"17:50:00"	"2016-07-27"	"Redcar"	"Galilee Chapel (IRE)"	"5.00"	"7.42"	"Handicap"	"3"	"14"	"Beaumont, Mr Gary"	"Whillans, A C"	"1m "	"6"	"2"	"2"	"6"
"17:50:00"	"2016-07-27"	"Redcar"	"Intensified (IRE)"	"7.50"	"9.18"	"Handicap"	"4"	"14"	"Bullock, Miss Emily"	"Carr, Mrs R A"	"1m "	"6"	"9"	"7"	"15"
"17:50:00"	"2016-07-27"	"Redcar"	"War Girl (USA)"	"16.00"	"29.35"	"Handicap"	"10"	"14"	"Greenwood, Mr T"	"Barron, T D"	"1m "	"6"	"10"	"7"	"13"
"17:15:00"	"2016-07-27"	"Redcar"	"Caeser The Gaeser (IRE)"	"7.50"	"8.91"	"Handicap"	"2"	"12"	"Edmunds, Lewis"	"Tinkler, N"	"6f "	"6"	"7"	"3"	"11"
"17:15:00"	"2016-07-27"	"Redcar"	"Cool Strutter (IRE)"	"14.00"	"16.81"	"Handicap"	"6"	"12"	"Tutty, Gemma"	"Tutty, Mrs K J"	"6f "	"6"	"9"	"9"	"13"
"17:15:00"	"2016-07-27"	"Redcar"	"Amis Reunis"	"40.00"	"61.42"	"Handicap"	"7"	"12"	"Eaves, Tom"	"Teague, C J"	"6f "	"6"	"7"	"6"	"9"
"17:15:00"	"2016-07-27"	"Redcar"	"Jessie Allan (IRE)"	"66.00"	"403.29"	"Handicap"	"12"	"12"	"Doyle, Joe"	"Goldie, J S"	"6f "	"6"	"8"	"8"	"8"
"16:40:00"	"2016-07-27"	"Redcar"	"Sea Of Green"	"25.00"	"42"	"Handicap"	"7"	"13"	"Doyle, Joe"	"Goldie, J S"	"6f "	"6"	"4"	"10"	"14"
"16:40:00"	"2016-07-27"	"Redcar"	"Tavener"	"4.00"	"5.66"	"Handicap"	"9"	"13"	"Nolan, D"	"OMeara, D"	"6f "	"6"	"5"	"3"	"6"
"17:10:00"	"2016-07-26"	"Yarmouth"	"Outrage"	"3.00"	"4.2"	"Handicap"	"1"	"7"	"ONeill, Dane"	"Kubler, Daniel"	"5f "	"5"	"7"	"2"	"8"
"15:30:00"	"2016-07-26"	"Yarmouth"	"Yeeoow (IRE)"	"4.50"	"6.29"	"Handicap"	"5"	"9"	"Lee, Clifford"	"Burke, K R"	"6f "	"3"	"2"	"4"	"9"
"15:30:00"	"2016-07-26"	"Yarmouth"	"Showtime Star"	"50.00"	"60"	"Handicap"	"6"	"9"	"Egan, David"	"Kelleway, Miss Gay"	"6f "	"3"	"10"	"3"	"9"
"15:20:00"	"2016-07-26"	"Beverley"	"Burtonwood"	"14.00"	"19.67"	"Handicap"	"3"	"7"	"Schofield, Kieran"	"Camacho, Miss J A"	"5f "	"5"	"8"	"8"	"12"
"15:20:00"	"2016-07-26"	"Beverley"	"Innocently (IRE)"	"10.00"	"14.58"	"Handicap"	"6"	"7"	"Vaughan, Patrick"	"OMeara, D"	"5f "	"5"	"8"	"6"	"12"
"15:20:00"	"2016-07-26"	"Beverley"	"Oriental Splendour (IRE)"	"2.25"	"3.3"	"Handicap"	"7"	"7"	"Sullivan, James P"	"Carr, Mrs R A"	"5f "	"5"	"8"	"2"	"12"
"19:00:00"	"2016-07-25"	"Windsor"	"Spiraea"	"14.00"	"22"	"Handicap"	"7"	"8"	"Marquand, Tom"	"Reid, Andrew"	"6f "	"4"	"9"	"8"	"14"
"20:10:00"	"2016-07-23"	"Lingfield"	"Gulland Rock"	"4.00"	"6.17"	"Handicap"	"9"	"11"	"Wood, George"	"Carson, Anthony"	"7f "	"6"	"9"	"2"	"15"
"18:20:00"	"2016-07-23"	"Salisbury"	"Hurricane Alert"	"66.00"	"151.34"	"Handicap"	"4"	"8"	"Walsh, E J"	"Lloyd-Beavis, Miss N"	"5f "	"6"	"10"	"8"	"13"
"18:20:00"	"2016-07-23"	"Salisbury"	"Rubheira"	"100.00"	"279.78"	"Handicap"	"7"	"8"	"Godwin, Mitch"	"Burgoyne, P"	"5f "	"6"	"10"	"9"	"13"
"17:15:00"	"2016-07-23"	"Salisbury"	"Wordismybond"	"1.75"	"2.29"	"Handicap"	"3"	"6"	"Perrett, Mr J E"	"Hughes, Richard"	"1m "	"5"	"1"	"3"	"7"
"17:15:00"	"2016-07-23"	"Salisbury"	"Jazri"	"20.00"	"22.91"	"Handicap"	"5"	"6"	"Jones, Mr J C"	"Bradley, J M"	"1m "	"5"	"9"	"6"	"6"
"17:00:00"	"2016-07-23"	"Ascot"	"Robero"	"2.50"	"4.1"	"Handicap"	"8"	"18"	"Brotherton, Miss S"	"Ellison, B"	"7f "	"3"	"8"	"1"	"10"
"17:00:00"	"2016-07-23"	"Ascot"	"Jammy Guest (IRE)"	"20.00"	"35.6"	"Handicap"	"13"	"18"	"Margarson, Miss K"	"Margarson, G G"	"7f "	"3"	"4"	"5"	"8"
"20:45:00"	"2016-07-22"	"Newmarket (July)"	"Plucky Dip"	"4.00"	"5.5"	"Handicap"	"3"	"5"	"Dettori, L"	"Ryan, J"	"7f "	"4"	"6"	"8"	"8"
"19:50:00"	"2016-07-22"	"Chepstow"	"Head Space (IRE)"	"2.50"	"3.54"	"Handicap"	"2"	"6"	"Bryan, Joshua"	"Barr, Brian"	"5f "	"5"	"7"	"4"	"9"
"19:50:00"	"2016-07-22"	"Chepstow"	"Quantum Dot (IRE)"	"1.10"	"2.13"	"Handicap"	"3"	"6"	"Fahy, J P"	"De Giles, Ed"	"5f "	"5"	"8"	"1"	"14"
"19:20:00"	"2016-07-22"	"Chepstow"	"Wordismybond"	"3.00"	"3.99"	"Handicap"	"3"	"7"	"Cummins, Stephen"	"Hughes, Richard"	"1m "	"5"	"8"	"1"	"9"
"19:10:00"	"2016-07-22"	"Newmarket (July)"	"Trulee Scrumptious"	"6.00"	"7.04"	"Handicap"	"1"	"10"	"Quinn, Jimmy"	"Charalambous, P"	"1m "	"5"	"7"	"2"	"7"
"18:30:00"	"2016-07-22"	"York"	"Fyrecracker (IRE)"	"14.00"	"16.21"	"Handicap"	"3"	"19"	"Eaves, Tom"	"Tuer, Grant"	"6f "	"4"	"7"	"4"	"7"
"18:30:00"	"2016-07-22"	"York"	"Hit The Lights (IRE)"	"33.00"	"87.65"	"Handicap"	"14"	"19"	"Mooney, Danielle"	"Nicholls, D"	"6f "	"4"	"8"	"7"	"11"
"17:15:00"	"2016-07-22"	"Thirsk"	"Tinsill"	"4.50"	"6.36"	"Handicap"	"2"	"6"	"Egan, David"	"Tinkler, N"	"5f "	"6"	"8"	"2"	"7"
"17:15:00"	"2016-07-22"	"Thirsk"	"Gaelic Wizard (IRE)"	"5.00"	"6.6"	"Handicap"	"4"	"6"	"Muir, Paula"	"Tutty, Mrs K J"	"5f "	"6"	"8"	"4"	"7"
"16:15:00"	"2016-07-22"	"Thirsk"	"Courier"	"2.00"	"3.24"	"Handicap"	"2"	"7"	"Butterfield, Mr J"	"Fife, Mrs Marjorie"	"6f "	"5"	"10"	"2"	"12"
"20:45:00"	"2016-07-21"	"Newbury"	"Firgrove Bridge (IRE)"	"40.00"	"52.7"	"Handicap"	"4"	"7"	"Gordon, Josephine"	"Hollinshead, Steph"	"7f "	"5"	"10"	"8"	"13"
"17:50:00"	"2016-07-21"	"Doncaster"	"Disclosure (OLD)"	"6.00"	"7.01"	"Handicap"	"10"	"12"	"Allan, David"	"Eyre, J L"	"6f "	"5"	"7"	"4"	"11"
"17:25:00"	"2016-07-21"	"Yarmouth"	"Generalyse"	"2.00"	"3.34"	"Handicap"	"2"	"8"	"Bryan, Joshua"	"Murphy, Anabel K"	"6f "	"6"	"7"	"1"	"11"
"20:40:00"	"2016-07-20"	"Sandown"	"Long Awaited (IRE)"	"8.00"	"9.62"	"Handicap"	"4"	"7"	"Gordon, Josephine"	"Dore, C R"	"5f "	"4"	"5"	"6"	"8"
"18:50:00"	"2016-07-20"	"Naas"	"My Good Brother (IRE)"	"16.00"	"25.21"	"Handicap"	"8"	"17"	"Keane, C T"	"McCourt, T G"	"6f "	"0"	"8"	"10"	"13"
"18:50:00"	"2016-07-20"	"Naas"	"Your Pal Tal"	"8.00"	"10"	"Handicap"	"13"	"17"	"OConnor, Donagh"	"Levins, J F"	"6f "	"0"	"4"	"19"	"19"
"17:40:00"	"2016-07-20"	"Leicester"	"Mendacious Harpy (IRE)"	"2.50"	"3.63"	"Handicap"	"4"	"11"	"Glass, Amelia"	"Baker, George"	"7f "	"6"	"6"	"3"	"14"
"17:40:00"	"2016-07-20"	"Leicester"	"Natalia"	"10.00"	"13.85"	"Handicap"	"6"	"11"	"Voikhansky, Dr M"	"Hollinshead, Sarah"	"7f "	"6"	"7"	"7"	"13"
"17:40:00"	"2016-07-20"	"Leicester"	"Shavaughn"	"33.00"	"55"	"Handicap"	"PU"	"11"	"King, Mr James"	"Dunn, Mrs Alex"	"7f "	"6"	"10"	"PU"	"8"
"17:00:00"	"2016-07-20"	"Catterick"	"Desert Ace (IRE)"	"9.00"	"13.5"	"Handicap"	"2"	"13"	"Dennis, Phil"	"Jardine, I"	"5f "	"4"	"3"	"9"	"14"
"18:40:00"	"2016-07-19"	"Nottingham"	"Oriental Relation (IRE)"	"6.00"	"8.03"	"Handicap"	"1"	"8"	"Eaves, Tom"	"Given, J G"	"5f "	"5"	"8"	"8"	"10"
"18:40:00"	"2016-07-19"	"Nottingham"	"Rubys Day"	"7.00"	"8.59"	"Handicap"	"4"	"8"	"Donoghue, Tom"	"Brown, D H"	"5f "	"5"	"5"	"6"	"11"
"17:15:00"	"2016-07-19"	"Musselburgh"	"Lizzys Dream"	"2.50"	"4.32"	"Handicap"	"5"	"10"	"Mulrennan, Paul"	"Bastiman, Rebecca"	"5f "	"6"	"5"	"3"	"14"
"16:30:00"	"2016-07-19"	"Ffos Las"	"Go Amber Go"	"1.00"	"2.15"	"Handicap"	"1"	"9"	"Tylicki, Frederik"	"Millman, B R"	"5f "	"6"	"5"	"2"	"14"
"16:30:00"	"2016-07-19"	"Ffos Las"	"Indian Tim"	"50.00"	"75.23"	"Handicap"	"4"	"9"	"Greatrex, Edward"	"Bradley, J M"	"5f "	"6"	"5"	"14"	"14"
"15:15:00"	"2016-07-19"	"Musselburgh"	"Economic Crisis (IRE)"	"16.00"	"19.34"	"Handicap"	"1"	"11"	"Evans, Nathan"	"Riches, John"	"5f "	"4"	"10"	"6"	"6"
"15:15:00"	"2016-07-19"	"Musselburgh"	"Rock Canyon (IRE)"	"66.00"	"118.97"	"Handicap"	"11"	"11"	"Chaloner, G"	"Perratt, Miss L A"	"5f "	"4"	"8"	"7"	"8"
"19:50:00"	"2016-07-18"	"Windsor"	"Foxtrot Knight"	"2.50"	"3.71"	"Handicap"	"5"	"10"	"Crowley, Jim"	"Carr, Mrs R A"	"5f "	"3"	"7"	"2"	"10"
"16:45:00"	"2016-07-17"	"Redcar"	"Free Zone"	"4.00"	"6"	"Handicap"	"6"	"14"	"Doyle, Josh"	"OMeara, D"	"6f "	"4"	"8"	"1"	"6"
"16:45:00"	"2016-07-17"	"Redcar"	"Desert Ace (IRE)"	"9.00"	"11.07"	"Handicap"	"9"	"14"	"Dennis, Phil"	"Jardine, I"	"6f "	"4"	"10"	"3"	"8"
"16:45:00"	"2016-07-17"	"Redcar"	"Funding Deficit (IRE)"	"28.00"	"46.31"	"Handicap"	"13"	"14"	"Murphy, Oisin"	"Goldie, J S"	"6f "	"4"	"8"	"8"	"8"
"20:50:00"	"2016-07-16"	"Lingfield"	"Satchville Flyer"	"6.00"	"8.51"	"Handicap"	"9"	"9"	"MacKenzie, Ellie"	"Evans, P D"	"6f "	"6"	"2"	"3"	"11"
"20:20:00"	"2016-07-16"	"Lingfield"	"Whaleweigh Station"	"5.00"	"6.77"	"Handicap"	"5"	"12"	"Wood, George"	"Jenkins, J R"	"7f "	"6"	"3"	"13"	"13"
"17:20:00"	"2016-07-16"	"Ripon"	"Little Belter (IRE)"	"11.00"	"21.45"	"Handicap Maiden"	"12"	"12"	"Haynes, Joey"	"Dalgleish, Keith"	"6f "	"5"	"8"	"6"	"8"
"16:55:00"	"2016-07-16"	"Newmarket (July)"	"Dutch Law"	"2.75"	"3.9"	"Handicap"	"1"	"8"	"Murphy, Oisin"	"Morrison, H"	"7f "	"3"	"7"	"2"	"8"
"16:55:00"	"2016-07-16"	"Newmarket (July)"	"Surewecan"	"14.00"	"17.87"	"Handicap"	"3"	"8"	"Fanning, Joe"	"Johnston, M"	"7f "	"3"	"8"	"6"	"11"
"16:55:00"	"2016-07-16"	"Newmarket (July)"	"Valley of Fire"	"7.00"	"9"	"Handicap"	"4"	"8"	"Cosgrave, Pat"	"Haggas, W J"	"7f "	"3"	"8"	"7"	"18"
"16:55:00"	"2016-07-16"	"Newmarket (July)"	"Athletic"	"9.00"	"11.2"	"Handicap"	"5"	"8"	"Marquand, Tom"	"Reid, Andrew"	"7f "	"3"	"8"	"10"	"11"
"16:55:00"	"2016-07-16"	"Newmarket (July)"	"Plucky Dip"	"7.00"	"8.88"	"Handicap"	"8"	"8"	"Kirby, Adam"	"Ryan, J"	"7f "	"3"	"8"	"4"	"10"
"20:55:00"	"2016-07-15"	"Newmarket (July)"	"Gold Hunter (IRE)"	"6.00"	"8.4"	"Handicap"	"5"	"10"	"Bryan, Joshua"	"Flook, S"	"7f "	"5"	"1"	"2"	"8"
"17:15:00"	"2016-07-15"	"Newbury"	"Pettochside"	"5.00"	"6.6"	"Handicap"	"2"	"9"	"Godwin, Mitch"	"Bridger, J / Cook, R"	"6f "	"5"	"8"	"3"	"9"
"15:50:00"	"2016-07-15"	"Haydock"	"Top Boy"	"6.00"	"8.15"	"Handicap"	"4"	"8"	"Hamilton, Tony"	"Shaw, D"	"5f "	"4"	"8"	"3"	"9"
"15:30:00"	"2016-07-15"	"Nottingham"	"Yeeoow (IRE)"	"7.50"	"10.5"	"Handicap"	"10"	"11"	"Haynes, Joey"	"Burke, K R"	"6f "	"3"	"7"	"8"	"18"
"20:10:00"	"2016-07-14"	"Doncaster"	"Fuwairt (IRE)"	"8.00"	"10.5"	"Handicap"	"6"	"16"	"James, S H"	"Loughnane, David"	"7f "	"3"	"10"	"6"	"10"
"20:10:00"	"2016-07-14"	"Doncaster"	"Fendale"	"8.00"	"10.29"	"Handicap"	"10"	"16"	"Mulrennan, Paul"	"Dods, M"	"7f "	"3"	"9"	"6"	"13"
"17:00:00"	"2016-07-14"	"Leicester"	"Generalyse"	"7.00"	"10.69"	"Handicap"	"1"	"11"	"Bryan, Joshua"	"Murphy, Anabel K"	"6f "	"6"	"9"	"6"	"13"
"17:00:00"	"2016-07-14"	"Leicester"	"Satchville Flyer"	"4.50"	"5.75"	"Handicap"	"3"	"11"	"Beech, Aled J"	"Evans, P D"	"6f "	"6"	"6"	"3"	"7"
"16:50:00"	"2016-07-14"	"Chepstow"	"Go Amber Go"	"2.75"	"3.95"	"Handicap"	"2"	"14"	"Tate, Ryan"	"Millman, B R"	"5f "	"6"	"8"	"1"	"17"
"16:50:00"	"2016-07-14"	"Chepstow"	"Virile (IRE)"	"4.50"	"6.6"	"Handicap"	"5"	"14"	"Kelly, Shane"	"Kirk, S"	"5f "	"6"	"8"	"4"	"13"
"16:50:00"	"2016-07-14"	"Chepstow"	"Go Charlie"	"14.00"	"20"	"Handicap"	"7"	"14"	"Souza, Lemos de"	"Williamson, Mrs L"	"5f "	"6"	"8"	"5"	"17"
"16:50:00"	"2016-07-14"	"Chepstow"	"Burauq"	"25.00"	"36.5"	"Handicap"	"9"	"14"	"ONeill, K T"	"Bradley, J M"	"5f "	"6"	"8"	"7"	"13"
"16:15:00"	"2016-07-14"	"Chepstow"	"Monarch Maid"	"16.00"	"20.05"	"Handicap"	"2"	"13"	"Carson, William"	"Hiatt, P W"	"6f "	"4"	"9"	"9"	"13"
"16:15:00"	"2016-07-14"	"Chepstow"	"Gilmer (IRE)"	"4.50"	"6.01"	"Handicap"	"3"	"13"	"Garbutt, Noel"	"Young, Mrs L J"	"6f "	"4"	"6"	"1"	"7"
"16:15:00"	"2016-07-14"	"Chepstow"	"Air Of York (IRE)"	"20.00"	"28.99"	"Handicap"	"5"	"13"	"Godwin, Mitch"	"Evans, P D"	"6f "	"4"	"3"	"9"	"9"
"15:45:00"	"2016-07-14"	"Chepstow"	"Mendacious Harpy (IRE)"	"5.00"	"7.32"	"Handicap"	"3"	"14"	"Drowne, Steve"	"Baker, George"	"7f "	"6"	"8"	"3"	"13"
"15:45:00"	"2016-07-14"	"Chepstow"	"Fossa"	"8.00"	"9.84"	"Handicap"	"6"	"14"	"Clark, Ryan"	"Brisbourne, W M"	"7f "	"6"	"9"	"3"	"12"
"15:45:00"	"2016-07-14"	"Chepstow"	"Top Cop"	"12.00"	"13"	"Handicap"	"9"	"14"	"Probert, David"	"Harris, R A"	"7f "	"6"	"8"	"12"	"13"
"15:45:00"	"2016-07-14"	"Chepstow"	"Ocean Bentley (IRE)"	"14.00"	"17.5"	"Handicap"	"10"	"14"	"Crowley, Jim"	"Carroll, A W"	"7f "	"6"	"8"	"5"	"6"
"15:15:00"	"2016-07-14"	"Chepstow"	"Gulland Rock"	"5.00"	"8.2"	"Handicap"	"2"	"15"	"Carson, Luke"	"Carson, Anthony"	"7f "	"6"	"9"	"1"	"11"
"15:15:00"	"2016-07-14"	"Chepstow"	"Bold Grove"	"8.00"	"9.71"	"Handicap"	"6"	"15"	"Alison, Nathan"	"Bevan, E G"	"7f "	"6"	"6"	"5"	"11"
"15:15:00"	"2016-07-14"	"Chepstow"	"Tax Reform (IRE)"	"25.00"	"36.77"	"Handicap"	"8"	"15"	"Walsh, E J"	"Lloyd-Beavis, Miss N"	"7f "	"6"	"9"	"7"	"14"
"15:15:00"	"2016-07-14"	"Chepstow"	"Dandys Perier (IRE)"	"8.00"	"13"	"Handicap"	"11"	"15"	"Probert, David"	"Harris, R A"	"7f "	"6"	"9"	"9"	"12"
"14:30:00"	"2016-07-14"	"Hamilton"	"Classic Flyer"	"2.25"	"3.35"	"Handicap"	"1"	"7"	"Tudhope, Daniel"	"OMeara, D"	"5f "	"6"	"2"	"2"	"9"
"14:30:00"	"2016-07-14"	"Hamilton"	"Tinsill"	"2.25"	"3.21"	"Handicap"	"2"	"7"	"Fanning, Joe"	"Tinkler, N"	"5f "	"6"	"2"	"2"	"10"
"14:30:00"	"2016-07-14"	"Hamilton"	"Slim Chance (IRE)"	"4.50"	"6"	"Handicap"	"3"	"7"	"Hart, Jason"	"West, S G"	"5f "	"6"	"2"	"4"	"10"
"19:50:00"	"2016-07-13"	"Yarmouth"	"Multi Quest"	"20.00"	"38"	"Handicap"	"3"	"13"	"Powell, Ryan"	"Long, J E"	"6f "	"6"	"7"	"11"	"13"
"15:35:00"	"2016-07-13"	"Lingfield"	"Babyfact"	"2.75"	"4"	"Handicap"	"2"	"13"	"Baker, George"	"Saunders, M S"	"5f "	"6"	"4"	"5"	"11"
"15:35:00"	"2016-07-13"	"Lingfield"	"Hurricane Alert"	"50.00"	"283.98"	"Handicap"	"8"	"13"	"Crouch, Hector"	"Lloyd-Beavis, Miss N"	"5f "	"6"	"8"	"13"	"13"
"15:00:00"	"2016-07-13"	"Lingfield"	"The Warrior (IRE)"	"12.00"	"17"	"Non-Handicap"	"4"	"7"	"Crowley, Jim"	"Perrett, Mrs A J"	"7.5f "	"3"	"5"	"8"	"12"
"14:50:00"	"2016-07-12"	"Beverley"	"Studio Star"	"20.00"	"27.22"	"Handicap"	"6"	"10"	"Hardie, Cameron"	"Storey, W"	"5f "	"6"	"8"	"4"	"9"
"18:00:00"	"2016-07-11"	"Windsor"	"Blistering Dancer (IRE)"	"4.50"	"4.74"	"Handicap"	"5"	"13"	"Nicholls, Miss M"	"Carroll, A W"	"6f "	"6"	"5"	"2"	"13"
"16:00:00"	"2016-07-11"	"Ayr"	"Reflation"	"2.50"	"3.72"	"Handicap"	"3"	"7"	"Dennis, Phil"	"Dods, M"	"5f "	"6"	"8"	"2"	"9"
"16:00:00"	"2016-07-11"	"Ayr"	"Mystical King"	"33.00"	"55"	"Handicap"	"6"	"7"	"Doyle, Joe"	"Perratt, Miss L A"	"5f "	"6"	"8"	"8"	"9"
"16:00:00"	"2016-07-11"	"Ayr"	"Sunrise Dance"	"25.00"	"34"	"Handicap"	"7"	"7"	"Dodsworth, Robert"	"Johnson, Kenny"	"5f "	"6"	"7"	"5"	"8"
"15:30:00"	"2016-07-11"	"Ayr"	"Goninodaethat"	"9.00"	"11.76"	"Handicap"	"2"	"8"	"Doyle, Joe"	"Goldie, J S"	"6f "	"5"	"7"	"2"	"9"
"15:30:00"	"2016-07-11"	"Ayr"	"Kenny The Captain (IRE)"	"11.00"	"13.35"	"Handicap"	"8"	"8"	"Fentiman, Duran"	"Easterby, T D"	"6f "	"5"	"9"	"12"	"12"
"19:30:00"	"2016-07-09"	"Salisbury"	"Mister Musicmaster"	"28.00"	"50.53"	"Handicap"	"11"	"11"	"Drowne, Steve"	"Hodges, R J"	"1m "	"4"	"10"	"5"	"7"
"19:15:00"	"2016-07-09"	"Hamilton"	"Free Zone"	"2.75"	"4.33"	"Handicap"	"1"	"6"	"Doyle, Josh"	"OMeara, D"	"6f "	"5"	"7"	"1"	"9"
"19:15:00"	"2016-07-09"	"Hamilton"	"Inexes"	"2.25"	"3.36"	"Handicap"	"2"	"6"	"James, S H"	"Fife, Mrs Marjorie"	"6f "	"5"	"6"	"1"	"10"
"19:15:00"	"2016-07-09"	"Hamilton"	"Keenes Pointe"	"3.50"	"4.7"	"Handicap"	"5"	"6"	"Beasley, Connor"	"Stubbs, Kristin"	"6f "	"5"	"6"	"4"	"10"
"18:30:00"	"2016-07-09"	"Salisbury"	"Sarmadee (IRE)"	"14.00"	"18"	"Handicap"	"8"	"11"	"Pilley, Mr P"	"Channon, M R"	"6f "	"5"	"7"	"6"	"9"
"21:05:00"	"2016-07-08"	"Chepstow"	"Bold Grove"	"25.00"	"60.64"	"Handicap"	"5"	"11"	"Walsh, R P"	"Bevan, E G"	"1m "	"5"	"10"	"10"	"14"
"21:05:00"	"2016-07-08"	"Chepstow"	"Approaching Star (FR)"	"14.00"	"22"	"Handicap"	"6"	"11"	"Garbutt, Noel"	"Burchell, D"	"1m "	"5"	"10"	"2"	"10"
"20:35:00"	"2016-07-08"	"Chepstow"	"Imperial Link"	"9.00"	"11.65"	"Handicap"	"3"	"7"	"Greatrex, Edward"	"Oshea, J G M"	"1m "	"5"	"6"	"1"	"10"
"20:05:00"	"2016-07-08"	"Chepstow"	"Midnight Rider (IRE)"	"10.00"	"12.46"	"Handicap"	"3"	"10"	"Mills, Miss Alice"	"Millman, B R"	"7f "	"4"	"9"	"4"	"6"
"20:05:00"	"2016-07-08"	"Chepstow"	"Peak Storm"	"12.00"	"16"	"Handicap"	"4"	"10"	"Murphy, Timmy"	"Oshea, J G M"	"7f "	"4"	"9"	"4"	"7"
"19:10:00"	"2016-07-08"	"Navan"	"Mr Bounty"	"5.00"	"5.97"	"Handicap"	"3"	"13"	"Roche, L F"	"OCallaghan, M D"	"5f "	"0"	"5"	"5"	"10"
"19:10:00"	"2016-07-08"	"Navan"	"Catwilldo (IRE)"	"4.50"	"6.19"	"Handicap"	"4"	"13"	"Leonard, Killian"	"Donnelly, Garvan"	"5f "	"0"	"8"	"2"	"12"
"19:05:00"	"2016-07-08"	"Chepstow"	"Satchville Flyer"	"1.63"	"2.72"	"Handicap"	"3"	"7"	"Shepherd, Callum"	"Evans, P D"	"5f "	"5"	"10"	"1"	"14"
"19:05:00"	"2016-07-08"	"Chepstow"	"Quickaswecan"	"3.00"	"4.36"	"Handicap"	"4"	"7"	"Greatrex, Edward"	"Bradley, J M"	"5f "	"5"	"8"	"1"	"8"
"16:40:00"	"2016-07-08"	"Ascot"	"Handsome Dude"	"25.00"	"38"	"Handicap"	"10"	"18"	"Hornby, Rob"	"Barron, T D"	"6f "	"3"	"3"	"10"	"13"
"16:25:00"	"2016-07-08"	"Musselburgh"	"Classy Anne"	"5.50"	"6.91"	"Handicap"	"1"	"11"	"Doyle, Joe"	"Goldie, J S"	"5f "	"4"	"4"	"2"	"8"
"16:25:00"	"2016-07-08"	"Musselburgh"	"Imperial Legend (IRE)"	"16.00"	"18.67"	"Handicap"	"6"	"11"	"Quinn, Paul"	"Nicholls, D"	"5f "	"4"	"6"	"7"	"12"
"16:25:00"	"2016-07-08"	"Musselburgh"	"Honcho (IRE)"	"22.00"	"32"	"Handicap"	"9"	"11"	"Fisher, Jonathan"	"Ryan, J"	"5f "	"4"	"6"	"5"	"9"
"14:10:00"	"2016-07-08"	"Musselburgh"	"Culloden"	"4.00"	"5.6"	"Handicap"	"1"	"8"	"Bennett, Charlie"	"Harris, S A"	"5f "	"6"	"7"	"7"	"14"
"14:10:00"	"2016-07-08"	"Musselburgh"	"Thornaby Princess"	"12.00"	"15.21"	"Handicap"	"2"	"8"	"Hesketh, Miss A"	"Teague, C J"	"5f "	"6"	"9"	"6"	"9"
"14:10:00"	"2016-07-08"	"Musselburgh"	"Little Belter (IRE)"	"2.50"	"3.7"	"Handicap"	"6"	"8"	"Makin, Phillip"	"Dalgleish, Keith"	"5f "	"6"	"10"	"4"	"9"
"14:10:00"	"2016-07-08"	"Musselburgh"	"Its Time For Bed"	"80.00"	"337.89"	"Handicap"	"7"	"8"	"Fentiman, Duran"	"Perratt, Miss L A"	"5f "	"6"	"10"	"9"	"9"
"21:10:00"	"2016-07-07"	"Newbury"	"Live Dangerously"	"25.00"	"41.6"	"Handicap"	"9"	"11"	"Carson, William"	"Bridger, J / Cook, R"	"7f "	"5"	"7"	"9"	"9"
"18:05:00"	"2016-07-07"	"Newmarket (July)"	"Rosies Premiere (IRE)"	"8.00"	"9.6"	"Handicap"	"7"	"9"	"Duern, J"	"Ivory, D K"	"5f "	"3"	"10"	"5"	"9"
"16:30:00"	"2016-07-07"	"Doncaster"	"Bajan Rebel"	"4.00"	"5.4"	"Handicap"	"5"	"8"	"Evans, Nathan"	"Easterby, M W"	"7f "	"5"	"10"	"3"	"9"
"16:30:00"	"2016-07-07"	"Doncaster"	"Dear Bruin (IRE)"	"33.00"	"47.03"	"Handicap"	"8"	"8"	"Bradley, Paddy"	"Drinkwater, David W"	"7f "	"5"	"7"	"10"	"10"
"15:00:00"	"2016-07-07"	"Carlisle"	"Appleberry (IRE)"	"5.50"	"7.51"	"Handicap"	"6"	"6"	"McNamara, Adam"	"Appleby, M"	"6f "	"4"	"10"	"3"	"9"
"14:20:00"	"2016-07-07"	"Doncaster"	"Flash City (ITY)"	"3.50"	"4.81"	"Handicap"	"1"	"9"	"Sullivan, James P"	"Carr, Mrs R A"	"5f "	"5"	"10"	"2"	"8"
"14:20:00"	"2016-07-07"	"Doncaster"	"Groundworker (IRE)"	"4.00"	"4.76"	"Handicap"	"4"	"9"	"Mulrennan, Paul"	"Midgley, P T"	"5f "	"5"	"10"	"3"	"13"
"19:35:00"	"2016-07-04"	"Windsor"	"Musical Comedy"	"14.00"	"16.79"	"Handicap"	"8"	"11"	"Doyle, James"	"Murphy, Mike"	"5f "	"3"	"9"	"13"	"14"
"19:35:00"	"2016-07-04"	"Windsor"	"Major Pusey"	"5.00"	"7.4"	"Handicap"	"9"	"11"	"Lane, Martin"	"Gallagher, J"	"5f "	"3"	"10"	"1"	"6"
"19:35:00"	"2016-07-04"	"Windsor"	"Sir Billy Wright (IRE)"	"3.50"	"5.41"	"Handicap"	"10"	"11"	"Kirby, Adam"	"Evans, P D"	"5f "	"3"	"9"	"3"	"14"
"18:05:00"	"2016-07-04"	"Windsor"	"Aussie Ruler (IRE)"	"8.00"	"10.75"	"Handicap"	"4"	"13"	"Gordon, Josephine"	"Loughnane, Daniel Mark"	"6f "	"6"	"10"	"8"	"13"
"18:05:00"	"2016-07-04"	"Windsor"	"Arizona Snow"	"33.00"	"52.02"	"Handicap"	"8"	"13"	"Nason, Jordan"	"Harris, R A"	"6f "	"6"	"6"	"10"	"12"
"18:05:00"	"2016-07-04"	"Windsor"	"Potternello (IRE)"	"2.50"	"4.26"	"Handicap"	"9"	"13"	"Hennessy, Killian"	"Channon, M R"	"6f "	"6"	"2"	"2"	"8"
"16:25:00"	"2016-07-04"	"Ayr"	"My Name Is Rio (IRE)"	"2.75"	"4.1"	"Handicap"	"4"	"8"	"Beasley, Connor"	"Dods, M"	"5f "	"3"	"2"	"1"	"12"
"16:25:00"	"2016-07-04"	"Ayr"	"Ritas Boy (IRE)"	"10.00"	"12.81"	"Handicap"	"5"	"8"	"Costello, Dougie"	"Burke, K R"	"5f "	"3"	"9"	"8"	"12"
"16:25:00"	"2016-07-04"	"Ayr"	"Blue Sonic"	"20.00"	"21.83"	"Handicap"	"8"	"8"	"Hardie, Cameron"	"Perratt, Miss L A"	"5f "	"3"	"1"	"5"	"10"
"14:15:00"	"2016-07-04"	"Ayr"	"Danish Duke (IRE)"	"1.20"	"2.15"	"Handicap"	"1"	"8"	"Sullivan, James P"	"Carr, Mrs R A"	"6f "	"6"	"5"	"1"	"10"
"14:15:00"	"2016-07-04"	"Ayr"	"Indego Blues"	"3.33"	"4.89"	"Handicap"	"7"	"8"	"Quinn, Paul"	"Nicholls, D"	"6f "	"6"	"5"	"3"	"10"
"17:40:00"	"2016-07-03"	"Ayr"	"Perfect Words (IRE)"	"4.50"	"6.68"	"Handicap"	"1"	"9"	"Smith, Becky"	"Fife, Mrs Marjorie"	"5f "	"6"	"4"	"3"	"6"
"17:40:00"	"2016-07-03"	"Ayr"	"Mystical King"	"25.00"	"32.25"	"Handicap"	"8"	"9"	"Mason, Joanna"	"Perratt, Miss L A"	"5f "	"6"	"5"	"8"	"9"
"15:35:00"	"2016-07-03"	"Naas"	"I Will Excel (IRE)"	"5.00"	"6.63"	"Handicap"	"2"	"10"	"Breslin, Andrew"	"OCallaghan, M D"	"6f "	"0"	"9"	"8"	"17"
"15:35:00"	"2016-07-03"	"Naas"	"Battleroftheboyne (IRE)"	"6.50"	"7.72"	"Handicap"	"4"	"10"	"Madden, Tom"	"OConnell, Eamon"	"6f "	"0"	"9"	"9"	"17"
"20:45:00"	"2016-07-02"	"Nottingham"	"Ambitious Icarus"	"8.00"	"10.41"	"Handicap"	"4"	"9"	"Ffrench, Royston"	"Guest, R C"	"6f "	"5"	"5"	"4"	"13"
"20:45:00"	"2016-07-02"	"Nottingham"	"Honcho (IRE)"	"8.00"	"11.47"	"Handicap"	"5"	"9"	"Brock, Danny"	"Ryan, J"	"6f "	"5"	"7"	"3"	"11"
"20:45:00"	"2016-07-02"	"Nottingham"	"Sarmadee (IRE)"	"5.00"	"7.4"	"Handicap"	"6"	"9"	"Baker, George"	"Channon, M R"	"6f "	"5"	"9"	"7"	"13"
"19:05:00"	"2016-07-02"	"Carlisle"	"Native Falls (IRE)"	"7.00"	"9.21"	"Handicap"	"3"	"6"	"Holland, Darryll"	"Swinbank, G A"	"5f "	"5"	"9"	"6"	"8"
"18:05:00"	"2016-07-02"	"Carlisle"	"Llewellyn"	"10.00"	"12.15"	"Handicap"	"8"	"9"	"Dennis, Phil"	"Carroll, D"	"6f "	"5"	"9"	"2"	"8"
"17:50:00"	"2016-07-02"	"Beverley"	"Muhtadim (IRE)"	"50.00"	"222.54"	"Maiden"	"3"	"6"	"Robinson, Ben"	"Smith, C"	"5f "	"5"	"7"	"7"	"7"
"16:35:00"	"2016-07-02"	"Haydock"	"Barkston Ash"	"10.00"	"10.07"	"Handicap"	"5"	"12"	"Mathers, Patrick"	"Alston, E J"	"6f "	"4"	"4"	"5"	"9"
"16:35:00"	"2016-07-02"	"Haydock"	"Fantasy Justifier (IRE)"	"8.00"	"8.14"	"Handicap"	"6"	"12"	"Baker, George"	"Harris, R A"	"6f "	"4"	"3"	"3"	"6"
"16:35:00"	"2016-07-02"	"Haydock"	"Evanescent (IRE)"	"20.00"	"32.01"	"Handicap"	"9"	"12"	"Gibbons, Graham"	"Carroll, A W"	"6f "	"4"	"7"	"11"	"12"
"16:35:00"	"2016-07-02"	"Haydock"	"Kenny The Captain (IRE)"	"8.00"	"10.5"	"Handicap"	"12"	"12"	"Fentiman, Duran"	"Easterby, T D"	"6f "	"4"	"8"	"3"	"13"
"16:25:00"	"2016-07-02"	"Leicester"	"Potternello (IRE)"	"3.00"	"3.95"	"Handicap"	"2"	"8"	"Egan, John"	"Channon, M R"	"6f "	"5"	"7"	"2"	"11"
"15:35:00"	"2016-07-02"	"Beverley"	"Apricot Sky"	"8.00"	"13.11"	"Handicap"	"5"	"12"	"Mooney, Danielle"	"Nicholls, D"	"5f "	"4"	"9"	"8"	"8"
"15:35:00"	"2016-07-02"	"Beverley"	"Imperial Legend (IRE)"	"7.00"	"11"	"Handicap"	"7"	"12"	"Norton, Francis"	"Nicholls, D"	"5f "	"4"	"9"	"2"	"8"
"14:40:00"	"2016-07-02"	"Leicester"	"Boots And Spurs"	"5.00"	"6.6"	"Handicap"	"2"	"10"	"Gordon, Josephine"	"Dixon, Scott"	"7f "	"3"	"7"	"1"	"16"
"14:40:00"	"2016-07-02"	"Leicester"	"Cincuenta Pasos (IRE)"	"3.50"	"5.71"	"Handicap"	"6"	"10"	"Queally, T P"	"Tuite, Joseph"	"7f "	"3"	"9"	"2"	"10"
"14:40:00"	"2016-07-02"	"Leicester"	"Jay Kay"	"10.00"	"14.27"	"Handicap"	"8"	"10"	"Haynes, Joey"	"Burke, K R"	"7f "	"3"	"9"	"5"	"10"
"20:45:00"	"2016-07-01"	"Beverley"	"Poppy In The Wind"	"7.50"	"10.79"	"Handicap"	"1"	"14"	"Swift, Mr Dale"	"Brown, A D"	"5f "	"6"	"10"	"2"	"15"
"20:45:00"	"2016-07-01"	"Beverley"	"Slim Chance (IRE)"	"12.00"	"16.6"	"Handicap"	"3"	"14"	"Hart, Jason"	"West, S G"	"5f "	"6"	"3"	"5"	"9"
"20:45:00"	"2016-07-01"	"Beverley"	"Tinsill"	"9.00"	"12.84"	"Handicap"	"6"	"14"	"Eaves, Tom"	"Tinkler, N"	"5f "	"6"	"10"	"3"	"15"
"20:45:00"	"2016-07-01"	"Beverley"	"Under Approval"	"25.00"	"35.63"	"Handicap"	"14"	"14"	"Tutty, Gemma"	"Tutty, Mrs K J"	"5f "	"6"	"8"	"4"	"12"
"18:30:00"	"2016-07-01"	"Haydock"	"Hit The Lights (IRE)"	"4.50"	"5.9"	"Handicap"	"2"	"5"	"Mooney, Danielle"	"Nicholls, D"	"5f "	"5"	"4"	"10"	"13"
"16:40:00"	"2016-07-01"	"Doncaster"	"Yourartisonfire"	"1.88"	"2.96"	"Claimer"	"1"	"8"	"Vaughan, Jordan"	"Burke, K R"	"1m "	"5"	"9"	"6"	"16"
"15:35:00"	"2016-07-01"	"Doncaster"	"Misu Mac"	"25.00"	"36.55"	"Handicap"	"6"	"7"	"Butterfield, Mr J"	"Bycroft, N"	"5f "	"4"	"7"	"13"	"13"
"20:05:00"	"2016-06-30"	"Newbury"	"Ginzan"	"12.00"	"16.04"	"Handicap"	"3"	"8"	"Sweeney, Fergus"	"Saunders, M S"	"6f "	"4"	"9"	"3"	"6"
"17:55:00"	"2016-06-30"	"Newbury"	"Quickaswecan"	"4.50"	"6.25"	"Handicap"	"1"	"8"	"Greatrex, Edward"	"Bradley, J M"	"5f "	"5"	"7"	"2"	"6"
"17:55:00"	"2016-06-30"	"Newbury"	"Pharoh Jake"	"5.00"	"6.6"	"Handicap"	"3"	"8"	"Jones, Mr A T"	"Bridger, J / Cook, R"	"5f "	"5"	"7"	"1"	"6"
"17:55:00"	"2016-06-30"	"Newbury"	"Angel Way (IRE)"	"4.50"	"6.6"	"Handicap"	"6"	"8"	"Ingram, Rhiain B"	"Gallagher, J"	"5f "	"5"	"8"	"3"	"6"
"15:50:00"	"2016-06-30"	"Yarmouth"	"Frangarry (IRE)"	"6.50"	"7.81"	"Handicap"	"2"	"12"	"Holland, Darryll"	"Bailey, A"	"5f "	"6"	"2"	"8"	"12"
"18:40:00"	"2016-06-28"	"Chepstow"	"Diamond Vine (IRE)"	"33.00"	"41.19"	"Handicap"	"6"	"14"	"Harley, M"	"Harris, R A"	"6f "	"6"	"7"	"8"	"10"
"18:40:00"	"2016-06-28"	"Chepstow"	"Bold Grove"	"11.00"	"14.38"	"Handicap"	"10"	"14"	"Hitchcott, Sam"	"Bevan, E G"	"6f "	"6"	"5"	"8"	"13"
"18:40:00"	"2016-06-28"	"Chepstow"	"Wahaab (IRE)"	"1.63"	"2.59"	"Handicap"	"11"	"14"	"Dobbs, Pat"	"Hughes, Richard"	"6f "	"6"	"7"	"2"	"10"
"17:00:00"	"2016-06-28"	"Hamilton"	"Chookies Lass"	"6.00"	"8.08"	"Handicap"	"2"	"9"	"Hart, Jason"	"Dalgleish, Keith"	"5f "	"6"	"5"	"5"	"10"
"17:00:00"	"2016-06-28"	"Hamilton"	"Little Belter (IRE)"	"5.50"	"6.64"	"Handicap"	"4"	"9"	"Fanning, Joe"	"Dalgleish, Keith"	"5f "	"6"	"7"	"7"	"15"
"16:00:00"	"2016-06-28"	"Hamilton"	"Cosmic Chatter"	"5.50"	"6.54"	"Handicap"	"3"	"9"	"Sullivan, James P"	"Carr, Mrs R A"	"6f "	"4"	"5"	"2"	"10"
"18:25:00"	"2016-06-27"	"Windsor"	"Robert The Painter (IRE)"	"2.25"	"3.26"	"Seller"	"4"	"6"	"Fox, Kieren"	"Carter, Lee"	"6f "	"6"	"9"	"8"	"10"
"20:25:00"	"2016-06-25"	"Doncaster"	"Fuwairt (IRE)"	"7.00"	"8.42"	"Handicap"	"3"	"16"	"James, S H"	"Loughnane, David"	"7f "	"4"	"7"	"2"	"12"
"20:25:00"	"2016-06-25"	"Doncaster"	"Fray"	"25.00"	"50"	"Handicap"	"4"	"16"	"Mulrennan, Paul"	"Goldie, J S"	"7f "	"4"	"7"	"8"	"9"
"20:25:00"	"2016-06-25"	"Doncaster"	"Beardwood"	"5.50"	"7.8"	"Handicap"	"6"	"16"	"Curtis, B A"	"Ellison, B"	"7f "	"4"	"7"	"3"	"12"
"20:25:00"	"2016-06-25"	"Doncaster"	"Classic Seniority"	"10.00"	"15.01"	"Handicap"	"8"	"16"	"Butterfield, Mr J"	"Fife, Mrs Marjorie"	"7f "	"4"	"8"	"1"	"9"
"20:25:00"	"2016-06-25"	"Doncaster"	"Zacynthus (IRE)"	"33.00"	"120.05"	"Handicap"	"9"	"16"	"Gray, S A"	"Balding, J"	"7f "	"4"	"7"	"10"	"12"
"20:25:00"	"2016-06-25"	"Doncaster"	"Showboating (IRE)"	"33.00"	"54.64"	"Handicap"	"13"	"16"	"Edmunds, Lewis"	"Balding, J"	"7f "	"4"	"7"	"10"	"13"
"20:25:00"	"2016-06-25"	"Doncaster"	"Taysh (USA)"	"12.00"	"17"	"Handicap"	"14"	"16"	"Rawlinson, Ali"	"Appleby, M"	"7f "	"4"	"7"	"4"	"12"
"17:35:00"	"2016-06-25"	"Newmarket (July)"	"Ghinia (IRE)"	"3.50"	"5.02"	"Handicap"	"4"	"5"	"Nicholls, Miss M"	"Sly, Mrs P"	"1m "	"3"	"6"	"5"	"7"
"17:30:00"	"2016-06-25"	"Windsor"	"Potternello (IRE)"	"7.00"	"9"	"Handicap"	"2"	"11"	"Hennessy, Killian"	"Channon, M R"	"6f "	"5"	"5"	"6"	"10"
"17:30:00"	"2016-06-25"	"Windsor"	"Wattaboutsteve"	"6.00"	"8.81"	"Handicap"	"8"	"11"	"Ingram, Rhiain B"	"Smith, R J"	"6f "	"5"	"9"	"2"	"9"
"18:30:00"	"2016-06-24"	"Curragh"	"Rattling Jewel"	"12.00"	"16.87"	"Handicap"	"1"	"17"	"Lordan, W M"	"McKenna, Miss Nicole"	"6f "	"0"	"6"	"4"	"9"
"18:30:00"	"2016-06-24"	"Curragh"	"I Will Excel (IRE)"	"6.50"	"7.28"	"Handicap"	"8"	"17"	"Leonard, Killian"	"OCallaghan, M D"	"6f "	"0"	"2"	"4"	"11"
"18:30:00"	"2016-06-24"	"Curragh"	"Battleroftheboyne (IRE)"	"16.00"	"31.63"	"Handicap"	"9"	"17"	"Madden, Tom"	"OConnell, Eamon"	"6f "	"0"	"6"	"5"	"9"
"18:30:00"	"2016-06-24"	"Curragh"	"Kimbay (IRE)"	"16.00"	"36"	"Handicap"	"13"	"17"	"Cleary, R P"	"Lawlor, Noel"	"6f "	"0"	"7"	"5"	"8"
"17:00:00"	"2016-06-24"	"Yarmouth"	"Theydon Thunder"	"0.73"	"1.77"	"Handicap"	"1"	"11"	"Wood, George"	"Charalambous, P"	"1m "	"6"	"7"	"1"	"11"
"17:00:00"	"2016-06-24"	"Yarmouth"	"Teds Brother (IRE)"	"8.00"	"10.4"	"Handicap"	"7"	"11"	"Spencer, Jamie"	"Guest, R C"	"1m "	"6"	"9"	"7"	"14"
"15:55:00"	"2016-06-24"	"Yarmouth"	"Brazos (IRE)"	"2.75"	"3.92"	"Handicap"	"4"	"6"	"Spencer, Jamie"	"Tate, James"	"7f "	"3"	"7"	"6"	"14"
"21:10:00"	"2016-06-23"	"Hamilton"	"Percys Gal"	"20.00"	"20.92"	"Handicap"	"6"	"10"	"Tutty, Gemma"	"Tutty, Mrs K J"	"6f "	"5"	"10"	"9"	"12"
"21:10:00"	"2016-06-23"	"Hamilton"	"Royal Connoisseur (IRE)"	"3.00"	"5.1"	"Handicap"	"8"	"10"	"McNamara, Adam"	"Fahey, R A"	"6f "	"5"	"8"	"1"	"9"
"21:10:00"	"2016-06-23"	"Hamilton"	"Lothair (IRE)"	"9.00"	"11.18"	"Handicap"	"10"	"10"	"Fanning, Joe"	"Swinbank, G A"	"6f "	"5"	"10"	"5"	"9"
"20:40:00"	"2016-06-23"	"Hamilton"	"Native Falls (IRE)"	"40.00"	"79.06"	"Handicap"	"6"	"8"	"Farley, Neil"	"Swinbank, G A"	"5f "	"4"	"9"	"10"	"10"
"20:40:00"	"2016-06-23"	"Hamilton"	"Apricot Sky"	"2.00"	"3.14"	"Handicap"	"8"	"8"	"Fanning, Joe"	"Nicholls, D"	"5f "	"4"	"7"	"1"	"9"
"20:20:00"	"2016-06-23"	"Newbury"	"Pharoh Jake"	"5.00"	"7.11"	"Handicap"	"1"	"6"	"Twiston-Davies, Mr W"	"Bridger, J / Cook, R"	"5f "	"5"	"7"	"5"	"8"
"20:20:00"	"2016-06-23"	"Newbury"	"Quickaswecan"	"11.00"	"15"	"Handicap"	"2"	"6"	"Murphy, Oisin"	"Bradley, J M"	"5f "	"5"	"9"	"6"	"7"
"20:20:00"	"2016-06-23"	"Newbury"	"Dusty Blue"	"3.00"	"4.5"	"Handicap"	"5"	"6"	"Downing, George"	"Carroll, A W"	"5f "	"5"	"7"	"1"	"8"
"19:00:00"	"2016-06-23"	"Hamilton"	"Spring Bird"	"18.00"	"20.91"	"Handicap Seller"	"10"	"12"	"Farley, Neil"	"Swinbank, G A"	"5f "	"6"	"10"	"12"	"12"
"17:20:00"	"2016-06-23"	"Newmarket (July)"	"Guishan"	"8.00"	"8.72"	"Handicap"	"1"	"7"	"Clark, Tim"	"Appleby, M"	"6f "	"4"	"5"	"1"	"8"
"16:25:00"	"2016-06-23"	"Nottingham"	"Sir Domino (FR)"	"4.00"	"5.64"	"Handicap"	"5"	"8"	"Stott, Kevin"	"Ryan, K A"	"6f "	"4"	"8"	"2"	"8"
"18:30:00"	"2016-06-22"	"Naas"	"Apache Gold (IRE)"	"14.00"	"23.4"	"Handicap"	"10"	"19"	"Whelan, R P"	"Walsh, John J"	"6f "	"0"	"10"	"2"	"13"
"18:30:00"	"2016-06-22"	"Naas"	"Fairy Foxglove (IRE)"	"6.50"	"8.24"	"Handicap"	"15"	"19"	"Cleary, R P"	"Murphy, P J F"	"6f "	"0"	"4"	"2"	"14"
"14:40:00"	"2016-06-22"	"Salisbury"	"New Rich"	"3.00"	"4.89"	"Handicap"	"2"	"6"	"Fahy, J P"	"Houghton, Eve Johnson"	"5f "	"4"	"8"	"2"	"7"
"18:40:00"	"2016-06-21"	"Leicester"	"Ambitious Icarus"	"2.50"	"3.8"	"Handicap"	"4"	"7"	"Mason, Joanna"	"Guest, R C"	"5f "	"5"	"8"	"5"	"9"
"17:30:00"	"2016-06-21"	"Beverley"	"Anieres Boy"	"8.00"	"12.5"	"Handicap"	"15"	"15"	"Hesketh, Miss A"	"Easterby, M W"	"5f "	"6"	"7"	"9"	"14"
"20:50:00"	"2016-06-20"	"Windsor"	"Quality Art (USA)"	"12.00"	"15.71"	"Handicap"	"5"	"10"	"Hornby, Rob"	"Hodgson, Simon"	"5f "	"6"	"4"	"3"	"8"
"19:35:00"	"2016-06-18"	"Haydock"	"Beau Mistral (IRE)"	"7.00"	"8.98"	"Handicap"	"5"	"8"	"Walsh, R P"	"Carroll, A W"	"5f "	"4"	"5"	"6"	"9"
"17:25:00"	"2016-06-18"	"Ayr"	"Faintly (USA)"	"16.00"	"18.96"	"Handicap"	"9"	"9"	"Mulrennan, Paul"	"Carr, Mrs R A"	"6f "	"4"	"7"	"17"	"19"
"17:20:00"	"2016-06-18"	"Newmarket (July)"	"Misterioso (IRE)"	"14.00"	"16.1"	"Handicap"	"3"	"13"	"Lane, Martin"	"Osborne, J A"	"6f "	"4"	"8"	"4"	"7"
"17:20:00"	"2016-06-18"	"Newmarket (July)"	"Captain Bob (IRE)"	"8.00"	"11.76"	"Handicap"	"5"	"13"	"Quinn, Jimmy"	"Cowell, R M H"	"6f "	"4"	"7"	"5"	"12"
"16:50:00"	"2016-06-18"	"Ayr"	"Lexington Place"	"4.00"	"4.95"	"Handicap"	"1"	"7"	"Sullivan, James P"	"Carr, Mrs R A"	"5f "	"3"	"9"	"2"	"8"
"16:50:00"	"2016-06-18"	"Ayr"	"Classy Anne"	"9.00"	"13.16"	"Handicap"	"6"	"7"	"Chaloner, G"	"Goldie, J S"	"5f "	"3"	"7"	"6"	"15"
"15:15:00"	"2016-06-18"	"Redcar"	"Nuno Tristan (USA)"	"7.00"	"9.56"	"Handicap"	"1"	"12"	"Hamilton, Tony"	"Fahey, R A"	"7f "	"3"	"8"	"6"	"18"
"15:15:00"	"2016-06-18"	"Redcar"	"Fuwairt (IRE)"	"10.00"	"11.84"	"Handicap"	"2"	"12"	"Egan, John"	"Loughnane, David"	"7f "	"3"	"8"	"4"	"18"
"15:15:00"	"2016-06-18"	"Redcar"	"Nonno Giulio (IRE)"	"16.00"	"20.96"	"Handicap"	"5"	"12"	"McDonald, P J"	"Loughnane, David"	"7f "	"3"	"10"	"7"	"10"
"14:50:00"	"2016-06-18"	"Down Royal"	"Little Sweetheart (IRE)"	"4.00"	"5.61"	"Handicap"	"3"	"9"	"Grant, D M"	"Flynn, Patrick J"	"5f "	"0"	"6"	"4"	"5"
"14:50:00"	"2016-06-18"	"Down Royal"	"Rattling Jewel"	"7.00"	"9.83"	"Handicap"	"4"	"9"	"Lordan, W M"	"McKenna, Miss Nicole"	"5f "	"0"	"7"	"6"	"9"
"20:45:00"	"2016-06-17"	"Ayr"	"Intisaab"	"2.50"	"3.49"	"Handicap"	"1"	"8"	"Birkett, Shelley"	"OMeara, D"	"6f "	"3"	"6"	"2"	"19"
"20:00:00"	"2016-06-17"	"Newmarket (July)"	"Dutch Law"	"5.00"	"6.81"	"Handicap"	"2"	"14"	"Twiston-Davies, Mr W"	"Morrison, H"	"7f "	"3"	"8"	"5"	"13"
"18:45:00"	"2016-06-17"	"Goodwood"	"Capolavoro (FR)"	"1.75"	"2.67"	"Handicap"	"3"	"7"	"Crowley, Jim"	"Cowell, R M H"	"6f "	"5"	"3"	"2"	"7"
"17:55:00"	"2016-06-17"	"Redcar"	"Kinloch Pride"	"7.00"	"8.2"	"Handicap Maiden"	"8"	"12"	"McHugh, B"	"Wilson, N"	"5f "	"5"	"9"	"2"	"11"
"17:50:00"	"2016-06-17"	"Newmarket (July)"	"Shining Romeo"	"5.00"	"7.24"	"Handicap"	"7"	"11"	"Vaughan, Patrick"	"Quinn, Denis P"	"1m "	"5"	"10"	"4"	"7"
"17:50:00"	"2016-06-17"	"Newmarket (July)"	"Attain"	"11.00"	"14.5"	"Handicap"	"9"	"11"	"Doran, Liam"	"Feilden, Miss J"	"1m "	"5"	"8"	"6"	"14"
"17:50:00"	"2016-06-17"	"Newmarket (July)"	"Nifty Kier"	"50.00"	"80"	"Handicap"	"10"	"11"	"Dobie, Georgia"	"McEntee, P S"	"1m "	"5"	"9"	"4"	"7"
"17:20:00"	"2016-06-17"	"Redcar"	"Saltarello (IRE)"	"20.00"	"27.37"	"Handicap"	"5"	"13"	"James, S H"	"Fife, Mrs Marjorie"	"1m "	"5"	"9"	"4"	"10"
"17:20:00"	"2016-06-17"	"Redcar"	"Rustique"	"5.50"	"6.98"	"Handicap"	"6"	"13"	"Fresu, A"	"Walker, Ed"	"1m "	"5"	"9"	"1"	"7"
"16:45:00"	"2016-06-17"	"Redcar"	"Playboy Bay"	"66.00"	"161.64"	"Handicap"	"11"	"13"	"Mullen, Andrew"	"Barr, R E"	"1m "	"5"	"9"	"11"	"12"
"14:45:00"	"2016-06-16"	"Ripon"	"Gaelic Wizard (IRE)"	"12.00"	"14.96"	"Claimer"	"3"	"5"	"Tutty, Gemma"	"Tutty, Mrs K J"	"6f "	"5"	"8"	"7"	"12"
"14:45:00"	"2016-06-16"	"Ripon"	"Long Awaited (IRE)"	"2.25"	"3.52"	"Claimer"	"4"	"5"	"Mulrennan, Paul"	"Dore, C R"	"6f "	"5"	"3"	"7"	"9"
"18:30:00"	"2016-06-15"	"Ripon"	"Teetotal (IRE)"	"2.75"	"3.87"	"Handicap"	"RR"	"9"	"Egan, David"	"Tinkler, N"	"6f "	"6"	"9"	"2"	"15"
"19:40:00"	"2016-06-14"	"Beverley"	"Barracuda Boy (IRE)"	"7.00"	"9.48"	"Non-Handicap"	"6"	"7"	"Sousa, Silvestre De"	"Dascombe, Tom"	"5f "	"3"	"10"	"14"	"17"
"18:15:00"	"2016-06-14"	"Thirsk"	"Boxing Shadows"	"10.00"	"13"	"Handicap"	"7"	"14"	"Hamilton, Tony"	"Eyre, J L"	"5f "	"6"	"8"	"3"	"9"
"18:15:00"	"2016-06-14"	"Thirsk"	"Lorimers Lot (IRE)"	"20.00"	"24.19"	"Handicap"	"8"	"14"	"Hart, Jason"	"Walford, Mark"	"5f "	"6"	"10"	"8"	"12"
"18:15:00"	"2016-06-14"	"Thirsk"	"Anieres Boy"	"4.50"	"6.51"	"Handicap"	"9"	"14"	"Evans, Nathan"	"Easterby, M W"	"5f "	"6"	"10"	"11"	"12"
"18:15:00"	"2016-06-14"	"Thirsk"	"Penny Royale"	"6.00"	"8.47"	"Handicap"	"11"	"14"	"Richardson, Rachel"	"Easterby, T D"	"5f "	"6"	"8"	"5"	"15"
"17:10:00"	"2016-06-14"	"Thirsk"	"Bushephalus (IRE)"	"10.00"	"12.7"	"Handicap"	"6"	"7"	"Sousa, Silvestre De"	"Furtado, Ivan"	"6f "	"4"	"5"	"10"	"10"
"19:20:00"	"2016-06-13"	"Windsor"	"Links Drive Lady"	"4.50"	"5.66"	"Handicap"	"1"	"9"	"Duern, J"	"Ivory, D K"	"6f "	"4"	"10"	"5"	"9"
"19:20:00"	"2016-06-13"	"Windsor"	"Long Awaited (IRE)"	"14.00"	"20"	"Handicap"	"7"	"9"	"Keniry, L P"	"Dore, C R"	"6f "	"4"	"8"	"4"	"9"
"19:10:00"	"2016-06-13"	"Nottingham"	"Oriental Splendour (IRE)"	"8.00"	"9.2"	"Handicap"	"2"	"9"	"Sullivan, James P"	"Carr, Mrs R A"	"5f "	"5"	"7"	"2"	"9"
"19:10:00"	"2016-06-13"	"Nottingham"	"Ambitious Icarus"	"5.00"	"6.03"	"Handicap"	"5"	"9"	"Mathers, Patrick"	"Guest, R C"	"5f "	"5"	"7"	"5"	"9"
"19:10:00"	"2016-06-13"	"Nottingham"	"Beau Mistral (IRE)"	"16.00"	"20.06"	"Handicap"	"6"	"9"	"Walsh, R P"	"Carroll, A W"	"5f "	"5"	"9"	"2"	"7"
"15:30:00"	"2016-06-13"	"Carlisle"	"Whipphound"	"16.00"	"19.88"	"Handicap"	"10"	"12"	"Mulrennan, Paul"	"Carr, Mrs R A"	"6f "	"5"	"9"	"10"	"12"
"15:00:00"	"2016-06-13"	"Carlisle"	"Exotic Guest"	"3.33"	"4.57"	"Handicap"	"2"	"9"	"Eaves, Tom"	"Carr, Mrs R A"	"6f "	"5"	"4"	"2"	"15"
"15:30:00"	"2016-06-12"	"Doncaster"	"Highland Acclaim (IRE)"	"14.00"	"18.25"	"Handicap"	"10"	"12"	"Nolan, D"	"OMeara, D"	"6f "	"3"	"9"	"6"	"15"
"20:20:00"	"2016-06-11"	"Lingfield"	"Presto Boy"	"16.00"	"19.76"	"Handicap"	"7"	"13"	"Currie, Nicola"	"Hughes, Richard"	"7f "	"6"	"8"	"9"	"11"
"17:20:00"	"2016-06-11"	"York"	"Intisaab"	"6.50"	"8.8"	"Handicap"	"2"	"19"	"Birkett, Shelley"	"OMeara, D"	"6f "	"4"	"5"	"1"	"7"
"17:20:00"	"2016-06-11"	"York"	"Mappin Time (IRE)"	"20.00"	"30.36"	"Handicap"	"12"	"19"	"Hart, Jason"	"Easterby, T D"	"6f "	"4"	"10"	"7"	"12"
"17:20:00"	"2016-06-11"	"York"	"Meandmyshadow"	"20.00"	"46.55"	"Handicap"	"14"	"19"	"Swift, Mr Dale"	"Brown, A D"	"6f "	"4"	"10"	"2"	"9"
"15:55:00"	"2016-06-11"	"Sandown"	"Major Pusey"	"4.00"	"5.89"	"Handicap"	"2"	"12"	"Murphy, Michael J M"	"Gallagher, J"	"5f "	"4"	"2"	"1"	"8"
"15:55:00"	"2016-06-11"	"Sandown"	"Ask The Guru"	"18.00"	"29.34"	"Handicap"	"6"	"12"	"Quinn, Jimmy"	"Attwater, M J"	"5f "	"4"	"6"	"9"	"9"
"15:10:00"	"2016-06-11"	"Musselburgh"	"Pearl Acclaim (IRE)"	"11.00"	"16.66"	"Handicap"	"4"	"15"	"Quinn, Paul"	"Nicholls, D"	"5f "	"3"	"8"	"5"	"9"
"15:10:00"	"2016-06-11"	"Musselburgh"	"Merhoob (IRE)"	"10.00"	"12.7"	"Handicap"	"11"	"15"	"Ffrench, Royston"	"Ryan, J"	"5f "	"3"	"7"	"5"	"9"
"15:10:00"	"2016-06-11"	"Musselburgh"	"Star Cracker (IRE)"	"20.00"	"24.32"	"Handicap"	"13"	"15"	"Da Silva, Raul"	"Goldie, J S"	"5f "	"3"	"5"	"4"	"7"
"20:35:00"	"2016-06-10"	"Chepstow"	"Jaganory (IRE)"	"5.50"	"7.89"	"Handicap"	"2"	"10"	"Cosgrave, Pat"	"Mason, Christopher"	"6f "	"5"	"7"	"2"	"11"
"20:35:00"	"2016-06-10"	"Chepstow"	"Agerzam"	"14.00"	"17.57"	"Handicap"	"8"	"10"	"Probert, David"	"Harris, R A"	"6f "	"5"	"10"	"10"	"11"
"19:30:00"	"2016-06-10"	"Chepstow"	"Lady Bayside"	"5.00"	"6.8"	"Handicap"	"1"	"7"	"Gordon, Josephine"	"Saunders, M S"	"1m "	"5"	"10"	"4"	"8"
"20:45:00"	"2016-06-09"	"Haydock"	"Lexington Place"	"2.75"	"4.29"	"Handicap"	"2"	"8"	"Sullivan, James P"	"Carr, Mrs R A"	"5f "	"4"	"9"	"2"	"8"
"20:45:00"	"2016-06-09"	"Haydock"	"Margrets Gift"	"16.00"	"21.33"	"Handicap"	"8"	"8"	"Allan, David"	"Easterby, T D"	"5f "	"4"	"8"	"7"	"9"
"16:00:00"	"2016-06-09"	"Nottingham"	"Farang Jai Dee (IRE)"	"50.00"	"89.82"	"Handicap"	"14"	"15"	"Allan, David"	"Carroll, D"	"6f "	"6"	"10"	"6"	"11"
"15:25:00"	"2016-06-09"	"Nottingham"	"Pixeleen"	"5.00"	"6.8"	"Handicap"	"2"	"10"	"Kingscote, Richard"	"Saunders, M S"	"6f "	"3"	"10"	"2"	"15"
"15:25:00"	"2016-06-09"	"Nottingham"	"It Must Be Faith"	"16.00"	"20.64"	"Handicap"	"7"	"10"	"Lane, Martin"	"Appleby, M"	"6f "	"3"	"5"	"7"	"9"
"21:15:00"	"2016-06-08"	"Hamilton"	"Pabusar"	"2.75"	"3.65"	"Handicap"	"3"	"8"	"Nolan, D"	"Hammond, Micky"	"5f "	"6"	"6"	"4"	"8"
"21:15:00"	"2016-06-08"	"Hamilton"	"Its Time For Bed"	"28.00"	"38"	"Handicap"	"7"	"8"	"Sullivan, James P"	"Perratt, Miss L A"	"5f "	"6"	"6"	"10"	"10"
"20:45:00"	"2016-06-08"	"Hamilton"	"Alexandrakollontai (IRE)"	"7.50"	"8.63"	"Handicap"	"4"	"8"	"Beasley, Connor"	"Whillans, A C"	"6f "	"4"	"9"	"1"	"5"
"20:45:00"	"2016-06-08"	"Hamilton"	"Salvatore Fury (IRE)"	"11.00"	"12.41"	"Handicap"	"6"	"8"	"Evans, Nathan"	"Dalgleish, Keith"	"6f "	"4"	"6"	"6"	"8"
"18:15:00"	"2016-06-08"	"Hamilton"	"Giant Spark"	"0.83"	"1.91"	"Handicap"	"2"	"10"	"Walker, Mr S"	"Midgley, P T"	"6f "	"6"	"8"	"1"	"10"
"15:00:00"	"2016-06-08"	"Beverley"	"Windforpower (IRE)"	"8.00"	"10.76"	"Handicap"	"11"	"11"	"Fanning, Joe"	"Waggott, Miss Tracy"	"5f "	"6"	"4"	"5"	"12"
"14:50:00"	"2016-06-08"	"Yarmouth"	"Lolita"	"16.00"	"21.13"	"Handicap"	"8"	"11"	"Gordon, Josephine"	"Jenkins, J R"	"6f "	"5"	"7"	"5"	"9"
"14:30:00"	"2016-06-08"	"Beverley"	"Bounty Pursuit"	"4.00"	"5.39"	"Handicap"	"3"	"12"	"Mullen, Andrew"	"Appleby, M"	"5f "	"6"	"2"	"2"	"9"
"14:30:00"	"2016-06-08"	"Beverley"	"See Vermont"	"5.00"	"5.9"	"Handicap"	"6"	"12"	"Mulrennan, Paul"	"Bastiman, Rebecca"	"5f "	"6"	"6"	"3"	"10"
"17:45:00"	"2016-06-07"	"Salisbury"	"Duke Of North (IRE)"	"4.00"	"3.9"	"Handicap"	"4"	"7"	"Ingram, Rhiain B"	"Boyle, J R"	"6f "	"5"	"7"	"3"	"12"
"16:30:00"	"2016-06-06"	"Ayr"	"Star Cracker (IRE)"	"12.00"	"13.96"	"Handicap"	"4"	"7"	"Hardie, Cameron"	"Goldie, J S"	"6f "	"4"	"4"	"3"	"8"
"19:50:00"	"2016-06-04"	"Lingfield"	"Justice First"	"11.00"	"12.36"	"Handicap"	"2"	"9"	"Burns, Harry"	"Dunlop, E A L"	"6f "	"4"	"10"	"10"	"13"
"19:50:00"	"2016-06-04"	"Lingfield"	"Merhoob (IRE)"	"3.00"	"4.2"	"Handicap"	"5"	"9"	"Kirby, Adam"	"Ryan, J"	"6f "	"4"	"10"	"4"	"10"
"17:25:00"	"2016-06-04"	"Curragh"	"Fainleog (IRE)"	"16.00"	"20.16"	"Handicap"	"4"	"19"	"OShea, A"	"OShea, Mrs A M"	"6f "	"0"	"6"	"7"	"14"
"17:25:00"	"2016-06-04"	"Curragh"	"My Good Brother (IRE)"	"33.00"	"91.44"	"Handicap"	"13"	"19"	"Keane, C T"	"McCourt, T G"	"6f "	"0"	"9"	"8"	"9"
"16:50:00"	"2016-06-04"	"Curragh"	"Changed Times (IRE)"	"12.00"	"18.57"	"Maiden"	"10"	"11"	"Keane, C T"	"Oliver, Andrew"	"6f "	"0"	"7"	"5"	"15"
"20:10:00"	"2016-06-03"	"Doncaster"	"Flash City (ITY)"	"12.00"	"15.5"	"Handicap"	"2"	"9"	"Sullivan, James P"	"Carr, Mrs R A"	"5f "	"4"	"7"	"4"	"9"
"20:10:00"	"2016-06-03"	"Doncaster"	"Majestic Hero (IRE)"	"2.25"	"3.59"	"Handicap"	"3"	"9"	"Spencer, Jamie"	"Harris, R A"	"5f "	"4"	"7"	"2"	"11"
"19:40:00"	"2016-06-03"	"Doncaster"	"Plucky Dip"	"8.00"	"9.59"	"Handicap"	"2"	"15"	"Brock, Danny"	"Ryan, J"	"7f "	"3"	"6"	"1"	"12"
"19:40:00"	"2016-06-03"	"Doncaster"	"Sir Billy Wright (IRE)"	"8.00"	"13.62"	"Handicap"	"3"	"15"	"Prince,Mr P "	"Evans, P D"	"7f "	"3"	"8"	"3"	"12"
"19:40:00"	"2016-06-03"	"Doncaster"	"Highland Acclaim (IRE)"	"22.00"	"30.34"	"Handicap"	"6"	"15"	"Bentley, Harry"	"OMeara, D"	"7f "	"3"	"2"	"12"	"12"
"16:30:00"	"2016-06-02"	"Hamilton"	"Keenes Pointe"	"2.00"	"3.3"	"Handicap"	"2"	"8"	"Fanning, Joe"	"Stubbs, Kristin"	"6f "	"5"	"8"	"2"	"11"
"16:30:00"	"2016-06-02"	"Hamilton"	"Amber Crystal"	"33.00"	"70"	"Handicap"	"7"	"8"	"Chaloner, G"	"Perratt, Miss L A"	"6f "	"5"	"8"	"9"	"9"
"16:30:00"	"2016-06-02"	"Hamilton"	"Takahiro"	"100.00"	"323.88"	"Handicap"	"8"	"8"	"Sullivan, James P"	"Perratt, Miss L A"	"6f "	"5"	"10"	"7"	"9"
"14:30:00"	"2016-06-02"	"Hamilton"	"Roys Legacy"	"12.00"	"17.47"	"Handicap"	"1"	"10"	"Bennett, Charlie"	"Harris, S A"	"5f "	"6"	"10"	"1"	"8"
"14:30:00"	"2016-06-02"	"Hamilton"	"Little Belter (IRE)"	"8.00"	"9.79"	"Handicap"	"2"	"10"	"Greatrex, Edward"	"Dalgleish, Keith"	"5f "	"6"	"10"	"8"	"8"
"14:30:00"	"2016-06-02"	"Hamilton"	"Perfect Words (IRE)"	"12.00"	"15.85"	"Handicap"	"5"	"10"	"Butterfield, Mr J"	"Fife, Mrs Marjorie"	"5f "	"6"	"10"	"5"	"8"
"14:30:00"	"2016-06-02"	"Hamilton"	"Groundworker (IRE)"	"1.88"	"3.05"	"Handicap"	"8"	"10"	"McNamara, Adam"	"Midgley, P T"	"5f "	"6"	"8"	"3"	"9"
"14:30:00"	"2016-06-02"	"Hamilton"	"Under Approval"	"12.00"	"15.22"	"Handicap"	"9"	"10"	"Tutty, Gemma"	"Tutty, Mrs K J"	"5f "	"6"	"5"	"12"	"12"
"14:30:00"	"2016-06-02"	"Hamilton"	"Its Time For Bed"	"100.00"	"395.28"	"Handicap"	"10"	"10"	"Dennis, Phil"	"Perratt, Miss L A"	"5f "	"6"	"10"	"7"	"8"
"14:30:00"	"2016-06-01"	"Nottingham"	"Meandmyshadow"	"10.00"	"12.53"	"Handicap"	"2"	"9"	"Swift, Mr Dale"	"Brown, A D"	"6f "	"5"	"9"	"7"	"12"
"15:20:00"	"2016-05-31"	"Redcar"	"Lawyer (IRE)"	"3.50"	"4.45"	"Handicap"	"4"	"17"	"Gibbons, Graham"	"Barron, T D"	"1m "	"5"	"3"	"2"	"12"
"15:20:00"	"2016-05-31"	"Redcar"	"Newmarket Warrior (IRE)"	"20.00"	"27.63"	"Handicap"	"6"	"17"	"Ffrench, Royston"	"Jardine, I"	"1m "	"5"	"8"	"5"	"5"
"15:20:00"	"2016-05-31"	"Redcar"	"Cliff (IRE)"	"12.00"	"17"	"Handicap"	"8"	"17"	"Hamilton, Tony"	"Tinkler, N"	"1m "	"5"	"10"	"5"	"17"
"15:20:00"	"2016-05-31"	"Redcar"	"First Sargeant"	"33.00"	"63.77"	"Handicap"	"16"	"17"	"Costello, Dougie"	"Mullaney, L A"	"1m "	"5"	"9"	"12"	"13"
"17:35:00"	"2016-05-30"	"Windsor"	"Evanescent (IRE)"	"25.00"	"44"	"Handicap"	"14"	"15"	"Winston, Robert"	"Carroll, A W"	"6f "	"4"	"9"	"7"	"9"
"16:55:00"	"2016-05-30"	"Leicester"	"Alexandrakollontai (IRE)"	"5.50"	"7.44"	"Handicap"	"1"	"5"	"Beasley, Connor"	"Whillans, A C"	"7f "	"4"	"10"	"3"	"8"
"13:45:00"	"2016-05-30"	"Redcar"	"El Duque"	"2.00"	"2.85"	"Seller"	"5"	"11"	"Evans, Nathan"	"Turner, W G M"	"7f "	"6"	"10"	"2"	"12"
"13:45:00"	"2016-05-30"	"Redcar"	"Farang Jai Dee (IRE)"	"33.00"	"51.39"	"Seller"	"6"	"11"	"Egan, John"	"Carroll, D"	"7f "	"6"	"10"	"9"	"12"
"18:20:00"	"2016-05-28"	"Salisbury"	"Gilmer (IRE)"	"12.00"	"17.63"	"Handicap"	"1"	"14"	"Garbutt, Noel"	"Young, Mrs L J"	"6f "	"6"	"7"	"1"	"12"
"18:20:00"	"2016-05-28"	"Salisbury"	"New Rich"	"20.00"	"27.87"	"Handicap"	"5"	"14"	"Fahy, J P"	"Houghton, Eve Johnson"	"6f "	"6"	"10"	"2"	"11"
"18:20:00"	"2016-05-28"	"Salisbury"	"One Big Surprise"	"2.00"	"3.2"	"Handicap"	"7"	"14"	"Kelly, Shane"	"Hughes, Richard"	"6f "	"6"	"9"	"1"	"8"
"14:55:00"	"2016-05-28"	"Catterick"	"Fuel Injection"	"7.50"	"10.1"	"Handicap"	"1"	"12"	"Garritty, Jack"	"Midgley, P T"	"5f "	"6"	"8"	"7"	"14"
"14:55:00"	"2016-05-28"	"Catterick"	"Lorimers Lot (IRE)"	"8.00"	"10"	"Handicap"	"2"	"12"	"Hart, Jason"	"Walford, Mark"	"5f "	"6"	"8"	"6"	"14"
"14:55:00"	"2016-05-28"	"Catterick"	"Sunrise Dance"	"16.00"	"20.46"	"Handicap"	"6"	"12"	"Beasley, Connor"	"Johnson, Kenny"	"5f "	"6"	"8"	"12"	"14"
"14:55:00"	"2016-05-28"	"Catterick"	"Under Approval"	"9.00"	"11.46"	"Handicap"	"12"	"12"	"Robinson, Ben"	"Tutty, Mrs K J"	"5f "	"6"	"8"	"1"	"14"
"14:30:00"	"2016-05-28"	"Navan"	"Miracle Ninetynine (IRE)"	"10.00"	"16.91"	"Maiden"	"10"	"15"	"Carroll, G F"	"Feane, John James"	"6f "	"0"	"10"	"8"	"10"
"15:00:00"	"2016-05-26"	"Haydock"	"Sir Billy Wright (IRE)"	"7.50"	"9.06"	"Handicap"	"3"	"12"	"Prince,Mr P "	"Evans, P D"	"6f "	"4"	"5"	"1"	"9"
"16:00:00"	"2016-05-25"	"Lingfield"	"Popeswood (IRE)"	"20.00"	"27"	"Handicap"	"9"	"10"	"Kingscote, Richard"	"Hodges, R J"	"7f "	"3"	"4"	"9"	"9"
"15:05:00"	"2016-05-25"	"Hamilton"	"Classy Anne"	"1.88"	"2.99"	"Handicap"	"4"	"9"	"Tudhope, Daniel"	"Goldie, J S"	"5f "	"5"	"7"	"2"	"9"
"15:05:00"	"2016-05-25"	"Hamilton"	"Amber Crystal"	"40.00"	"64.71"	"Handicap"	"9"	"9"	"McDonald, P J"	"Perratt, Miss L A"	"5f "	"5"	"7"	"8"	"10"
"14:30:00"	"2016-05-25"	"Hamilton"	"Spoken Words"	"28.00"	"37.29"	"Handicap"	"9"	"11"	"Mathers, Patrick"	"Riches, John"	"6f "	"6"	"7"	"3"	"10"
"14:20:00"	"2016-05-25"	"Lingfield"	"Commanche"	"4.00"	"6.04"	"Handicap"	"7"	"16"	"Sousa, Silvestre De"	"Dwyer, C A"	"6f "	"6"	"9"	"3"	"8"
"14:20:00"	"2016-05-25"	"Lingfield"	"Fossa"	"14.00"	"16.86"	"Handicap"	"12"	"16"	"Clark, Ryan"	"Brisbourne, W M"	"6f "	"6"	"5"	"5"	"11"
"19:45:00"	"2016-05-23"	"Windsor"	"Cool Bahamian (IRE)"	"33.00"	"39.98"	"Handicap"	"7"	"10"	"Fahy, J P"	"Houghton, Eve Johnson"	"6f "	"3"	"3"	"8"	"8"
"19:45:00"	"2016-05-23"	"Windsor"	"Francisco (OLD)"	"3.50"	"5"	"Handicap"	"9"	"10"	"Mahon, Gary"	"Hannon (Jnr), Richard"	"6f "	"3"	"10"	"2"	"13"
"19:35:00"	"2016-05-23"	"Carlisle"	"Final Venture"	"3.50"	"4.57"	"Handicap"	"1"	"12"	"Farley, Neil"	"Swinbank, G A"	"6f "	"4"	"10"	"1"	"6"
"19:35:00"	"2016-05-23"	"Carlisle"	"Manatee Bay"	"4.00"	"4.76"	"Handicap"	"2"	"12"	"Norton, Francis"	"Nicholls, D"	"6f "	"4"	"9"	"7"	"16"
"19:35:00"	"2016-05-23"	"Carlisle"	"Apricot Sky"	"25.00"	"44"	"Handicap"	"3"	"12"	"Mooney, Danielle"	"Nicholls, D"	"6f "	"4"	"9"	"8"	"11"
"19:35:00"	"2016-05-23"	"Carlisle"	"Fyrecracker (IRE)"	"40.00"	"62.85"	"Handicap"	"5"	"12"	"Eaves, Tom"	"Tuer, Grant"	"6f "	"4"	"9"	"14"	"16"
"19:35:00"	"2016-05-23"	"Carlisle"	"Eternitys Gate"	"5.50"	"7.4"	"Handicap"	"9"	"12"	"Tudhope, Daniel"	"OMeara, D"	"6f "	"4"	"9"	"11"	"15"
"19:35:00"	"2016-05-23"	"Carlisle"	"Fuwairt (IRE)"	"8.00"	"10.49"	"Handicap"	"10"	"12"	"Da Silva, Raul"	"Loughnane, David"	"6f "	"4"	"9"	"4"	"15"
"18:00:00"	"2016-05-23"	"Leicester"	"Henryhudsonbridge (USA)"	"33.00"	"37.57"	"Handicap"	"1"	"15"	"Hornby, Rob"	"Bevan, E G"	"7f "	"6"	"3"	"8"	"11"
"18:00:00"	"2016-05-23"	"Leicester"	"Mops Angel"	"5.50"	"7.89"	"Handicap"	"6"	"15"	"Rawlinson, Ali"	"Appleby, M"	"7f "	"6"	"4"	"7"	"8"
"18:00:00"	"2016-05-23"	"Leicester"	"Bold Grove"	"20.00"	"22.73"	"Handicap"	"8"	"15"	"Walsh, E J"	"Bevan, E G"	"7f "	"6"	"3"	"10"	"12"
"17:00:00"	"2016-05-23"	"Leicester"	"Smokethatthunders (IRE)"	"9.00"	"10.69"	"Handicap"	"3"	"8"	"Donohoe, Stephen"	"Unett, J W"	"7f "	"5"	"10"	"8"	"11"
"17:00:00"	"2016-05-23"	"Leicester"	"Ace Master"	"12.00"	"13.88"	"Handicap"	"5"	"8"	"Egan, John"	"Bowring, S R"	"7f "	"5"	"9"	"6"	"15"
"15:20:00"	"2016-05-23"	"Leicester"	"Faintly (USA)"	"1.75"	"2.92"	"Seller"	"1"	"10"	"Downing, George"	"Carroll, A W"	"6f "	"6"	"4"	"3"	"7"
"15:20:00"	"2016-05-23"	"Leicester"	"Johnny B Goode (IRE)"	"2.50"	"3.89"	"Seller"	"2"	"10"	"Hanagan, Paul"	"Fahey, R A"	"6f "	"6"	"3"	"2"	"8"
"15:20:00"	"2016-05-23"	"Leicester"	"Arizona Snow"	"14.00"	"18.49"	"Seller"	"5"	"10"	"Nason, Jordan"	"Harris, R A"	"6f "	"6"	"2"	"3"	"12"
"15:05:00"	"2016-05-23"	"Ayr"	"Blue Sonic"	"33.00"	"50.27"	"Handicap"	"3"	"10"	"Mulrennan, Paul"	"Perratt, Miss L A"	"6f "	"5"	"5"	"7"	"9"
"15:05:00"	"2016-05-23"	"Ayr"	"Jinky"	"14.00"	"17.58"	"Handicap"	"7"	"10"	"Chaloner, G"	"Perratt, Miss L A"	"6f "	"5"	"5"	"5"	"9"
"14:30:00"	"2016-05-23"	"Ayr"	"Mystical King"	"14.00"	"17"	"Handicap"	"6"	"8"	"Sullivan, James P"	"Perratt, Miss L A"	"5f "	"6"	"5"	"5"	"10"
"14:30:00"	"2016-05-23"	"Ayr"	"Its Time For Bed"	"33.00"	"48.39"	"Handicap"	"7"	"8"	"Ffrench, Royston"	"Perratt, Miss L A"	"5f "	"6"	"5"	"9"	"10"
"14:30:00"	"2016-05-23"	"Ayr"	"Little Belter (IRE)"	"2.25"	"3.43"	"Handicap"	"8"	"8"	"Fanning, Joe"	"Dalgleish, Keith"	"5f "	"6"	"10"	"2"	"6"
"16:35:00"	"2016-05-22"	"Nottingham"	"King Crimson"	"3.50"	"4.82"	"Handicap"	"5"	"7"	"Sousa, Silvestre De"	"Channon, M R"	"5f "	"3"	"8"	"2"	"13"
"19:20:00"	"2016-05-21"	"Chepstow"	"Uncle Dermot (IRE)"	"8.00"	"11.6"	"Handicap"	"4"	"9"	"Egan, John"	"Powell, B G"	"7f "	"4"	"3"	"6"	"8"
"19:20:00"	"2016-05-21"	"Chepstow"	"Steal The Scene (IRE)"	"3.50"	"4.9"	"Handicap"	"5"	"9"	"Mahon, Gary"	"Hannon (Jnr), Richard"	"7f "	"4"	"7"	"8"	"15"
"17:10:00"	"2016-05-21"	"Goodwood"	"Pettochside"	"1.75"	"2.96"	"Handicap"	"1"	"11"	"Godwin, Mitch"	"Bridger, J / Cook, R"	"6f "	"4"	"2"	"2"	"10"
"16:45:00"	"2016-05-21"	"Haydock"	"Canyari (IRE)"	"5.00"	"6.78"	"Handicap"	"11"	"13"	"Hanagan, Paul"	"Fahey, R A"	"6f "	"3"	"10"	"8"	"18"
"15:55:00"	"2016-05-21"	"Curragh"	"Russian Soul (IRE)"	"10.00"	"14.57"	"Handicap"	"10"	"12"	"Foley, Shane"	"Halford, M"	"6f "	"0"	"6"	"5"	"8"
"19:40:00"	"2016-05-20"	"Catterick"	"Landing Night (IRE)"	"6.50"	"7.8"	"Handicap"	"1"	"7"	"McDonald, P J"	"Duffield, Mrs A"	"5f "	"4"	"6"	"11"	"11"
"19:40:00"	"2016-05-20"	"Catterick"	"Flickas Boy"	"2.75"	"3.93"	"Handicap"	"5"	"7"	"McNamara, Adam"	"Coyle, Tony"	"5f "	"4"	"5"	"2"	"6"
"19:40:00"	"2016-05-20"	"Catterick"	"Rusty Rocket (IRE)"	"4.50"	"5.78"	"Handicap"	"6"	"7"	"Pilley, Mr P"	"Green, Paul"	"5f "	"4"	"4"	"1"	"10"
"19:05:00"	"2016-05-20"	"Cork"	"Cappadocia (IRE)"	"4.50"	"5.91"	"Handicap"	"4"	"15"	"Halpin, G P"	"Feane, John James"	"6f "	"0"	"7"	"1"	"12"
"19:05:00"	"2016-05-20"	"Cork"	"Oor Jock (IRE)"	"10.00"	"10.75"	"Handicap"	"6"	"15"	"Keane, C T"	"McGuinness, Adrian"	"6f "	"0"	"9"	"UR"	"12"
"19:05:00"	"2016-05-20"	"Cork"	"Archibald Thorburn (IRE)"	"4.50"	"5.75"	"Handicap"	"8"	"15"	"Lee, W J"	"Howard, Aidan Anthony"	"6f "	"0"	"9"	"4"	"12"
"19:05:00"	"2016-05-20"	"Cork"	"Apache Gold (IRE)"	"12.00"	"22.86"	"Handicap"	"13"	"15"	"Hayes, C D"	"Walsh, John J"	"6f "	"0"	"3"	"7"	"15"
"19:05:00"	"2016-05-20"	"Cork"	"Jealika (IRE)"	"20.00"	"44.26"	"Handicap"	"14"	"15"	"Hoban, Connor"	"Fahey, Mark"	"6f "	"0"	"9"	"7"	"12"
"18:05:00"	"2016-05-20"	"Cork"	"Ardhoomey (IRE)"	"1.75"	"2.93"	"Non-Handicap"	"1"	"6"	"Keane, C T"	"Lyons, G M"	"5f "	"0"	"5"	"1"	"8"
"18:05:00"	"2016-05-20"	"Cork"	"Chapter One (IRE)"	"33.00"	"70"	"Non-Handicap"	"6"	"6"	"Smullen, P J"	"Weld, D K"	"5f "	"0"	"10"	"11"	"12"
"15:05:00"	"2016-05-20"	"Carlisle"	"Windforpower (IRE)"	"7.00"	"9"	"Handicap"	"1"	"7"	"Fanning, Joe"	"Waggott, Miss Tracy"	"5f "	"5"	"10"	"4"	"12"
"15:05:00"	"2016-05-20"	"Carlisle"	"Oriental Relation (IRE)"	"4.50"	"5.8"	"Handicap"	"3"	"7"	"Dennis, Phil"	"Given, J G"	"5f "	"5"	"10"	"3"	"12"
"15:05:00"	"2016-05-20"	"Carlisle"	"New Lease Of Life"	"5.00"	"6.18"	"Handicap"	"7"	"7"	"Hart, Jason"	"Dalgleish, Keith"	"5f "	"5"	"7"	"UR"	"9"
"14:00:00"	"2016-05-20"	"Carlisle"	"Chaplin Bay (IRE)"	"1.75"	"2.89"	"Handicap"	"4"	"13"	"Sullivan, James P"	"Carr, Mrs R A"	"6f "	"5"	"7"	"1"	"9"
"17:15:00"	"2016-05-19"	"Lingfield"	"Racing Angel (IRE)"	"5.50"	"6.77"	"Handicap"	"6"	"8"	"Carson, William"	"Quinn, M"	"6f "	"6"	"6"	"2"	"10"
"16:10:00"	"2016-05-19"	"Lingfield"	"Duke Of North (IRE)"	"7.50"	"9.56"	"Handicap"	"3"	"10"	"Ingram, Rhiain B"	"Boyle, J R"	"7.5f "	"5"	"7"	"1"	"11"
"16:10:00"	"2016-05-19"	"Lingfield"	"Anastazia"	"3.50"	"5.1"	"Handicap"	"5"	"10"	"Gordon, Josephine"	"DArcy, P W"	"7.5f "	"5"	"6"	"4"	"11"
"17:55:00"	"2016-05-17"	"Nottingham"	"Classic Pursuit"	"2.50"	"3.68"	"Handicap"	"4"	"10"	"Dwyer, Martin"	"Furtado, Ivan"	"5f "	"5"	"10"	"2"	"8"
"17:55:00"	"2016-05-17"	"Nottingham"	"Tancred (IRE)"	"20.00"	"42.89"	"Handicap"	"8"	"10"	"ONeill, K T"	"Dore, C R"	"5f "	"5"	"10"	"4"	"8"
"17:55:00"	"2016-05-17"	"Nottingham"	"Whipphound"	"8.00"	"12.11"	"Handicap"	"9"	"10"	"Hamilton, Tony"	"Carr, Mrs R A"	"5f "	"5"	"10"	"2"	"16"
"17:55:00"	"2016-05-17"	"Nottingham"	"More Spice (IRE)"	"2.25"	"3.35"	"Handicap"	"10"	"10"	"Spencer, Jamie"	"Cowell, R M H"	"5f "	"5"	"8"	"2"	"6"
"17:05:00"	"2016-05-16"	"Redcar"	"Truly"	"100.00"	"810.29"	"Maiden"	"4"	"11"	"Ffrench, Royston"	"Teague, C J"	"1m "	"6"	"9"	"11"	"15"
"17:05:00"	"2016-05-16"	"Redcar"	"Private Dancer"	"100.00"	"918.01"	"Maiden"	"10"	"11"	"McHugh, B"	"Barr, R E"	"1m "	"6"	"9"	"15"	"15"
"15:25:00"	"2016-05-16"	"Redcar"	"Ay Up Audrey"	"14.00"	"18.9"	"Maiden"	"8"	"9"	"Mulrennan, Paul"	"Bastiman, Rebecca"	"7f "	"5"	"9"	"2"	"8"
"15:25:00"	"2016-05-16"	"Redcar"	"Mini Minstrel"	"200.00"	"1000"	"Maiden"	"9"	"9"	"Ffrench, Royston"	"Teague, C J"	"7f "	"5"	"9"	"12"	"16"
"17:15:00"	"2016-05-15"	"Ripon"	"Pabusar"	"16.00"	"21"	"Handicap"	"6"	"6"	"Steade, Lauren"	"Hammond, Micky"	"5f "	"5"	"8"	"7"	"16"
"20:15:00"	"2016-05-14"	"Doncaster"	"Dandyleekie (IRE)"	"5.00"	"5.17"	"Handicap"	"10"	"15"	"Birkett, Shelley"	"OMeara, D"	"6f "	"4"	"8"	"2"	"16"
"17:40:00"	"2016-05-14"	"Thirsk"	"Flash City (ITY)"	"6.50"	"7.86"	"Handicap"	"9"	"11"	"Sullivan, James P"	"Carr, Mrs R A"	"5f "	"4"	"7"	"3"	"8"
"17:15:00"	"2016-05-14"	"Newmarket (Rowley)"	"Top Boy"	"8.00"	"9.54"	"Handicap"	"7"	"13"	"Lane, Martin"	"Shaw, D"	"5f "	"4"	"10"	"1"	"7"
"16:35:00"	"2016-05-14"	"Thirsk"	"Explain"	"6.50"	"7.8"	"Handicap"	"1"	"16"	"Sullivan, James P"	"Carr, Mrs R A"	"6f "	"3"	"8"	"4"	"16"
"16:35:00"	"2016-05-14"	"Thirsk"	"Growl"	"4.00"	"7.48"	"Handicap"	"4"	"16"	"McNamara, Adam"	"Fahey, R A"	"6f "	"3"	"10"	"4"	"14"
"16:35:00"	"2016-05-14"	"Thirsk"	"Barkston Ash"	"5.50"	"7.25"	"Handicap"	"12"	"16"	"Hart, Jason"	"Alston, E J"	"6f "	"3"	"8"	"3"	"16"
"21:00:00"	"2016-05-13"	"Hamilton"	"Salvatore Fury (IRE)"	"2.50"	"3.35"	"Handicap"	"3"	"6"	"Makin, Phillip"	"Dalgleish, Keith"	"5f "	"5"	"6"	"11"	"21"
"17:45:00"	"2016-05-12"	"Newmarket (Rowley)"	"Molten Lava (IRE)"	"16.00"	"20.6"	"Handicap"	"4"	"13"	"Morris, Luke"	"Cole, P F I"	"1m2f "	"5"	"10"	"2"	"9"
"19:55:00"	"2016-05-10"	"Chepstow"	"Posh Bounty"	"6.00"	"8.19"	"Handicap"	"2"	"13"	"Egan, John"	"Tuite, Joseph"	"6f "	"5"	"8"	"6"	"15"
"17:15:00"	"2016-05-10"	"Tipperary"	"A Few Dollars More (IRE)"	"3.33"	"4.63"	"Handicap"	"3"	"13"	"McDonogh, D P"	"Slattery, Andrew"	"5f "	"0"	"8"	"4"	"16"
"17:15:00"	"2016-05-10"	"Tipperary"	"Sors (IRE)"	"4.00"	"5"	"Handicap"	"4"	"13"	"Smullen, P J"	"Slattery, Andrew"	"5f "	"0"	"8"	"1"	"16"
"17:15:00"	"2016-05-10"	"Tipperary"	"Battleroftheboyne (IRE)"	"6.00"	"8"	"Handicap"	"5"	"13"	"Halpin, G P"	"OConnell, Eamon"	"5f "	"0"	"8"	"3"	"16"
"17:15:00"	"2016-05-10"	"Tipperary"	"Burren View Lady (IRE)"	"50.00"	"200"	"Handicap"	"11"	"13"	"Heffernan, J A"	"Hogan, Denis Gerard"	"5f "	"0"	"9"	"13"	"14"
"16:45:00"	"2016-05-10"	"Tipperary"	"Fainleog (IRE)"	"7.00"	"10.67"	"Maiden"	"1"	"9"	"OShea, A"	"OShea, Mrs A M"	"5f "	"0"	"8"	"2"	"18"
"15:00:00"	"2016-05-10"	"Beverley"	"Windforpower (IRE)"	"4.50"	"7.2"	"Handicap"	"4"	"12"	"Fanning, Joe"	"Waggott, Miss Tracy"	"5f "	"5"	"3"	"3"	"16"
"15:00:00"	"2016-05-10"	"Beverley"	"Majestic Manannan (IRE)"	"25.00"	"38"	"Handicap"	"12"	"12"	"Mullen, Andrew"	"Nicholls, D"	"5f "	"5"	"7"	"7"	"7"
"20:05:00"	"2016-05-07"	"Thirsk"	"Pabusar"	"20.00"	"21.82"	"Handicap"	"7"	"16"	"McDonald, P J"	"Hammond, Micky"	"5f "	"6"	"10"	"7"	"7"
"19:05:00"	"2016-05-07"	"Thirsk"	"Summer Isles"	"10.00"	"12"	"Handicap"	"6"	"8"	"Mulrennan, Paul"	"Midgley, P T"	"5f "	"5"	"7"	"5"	"6"
"17:35:00"	"2016-05-07"	"Thirsk"	"Johnny B Goode (IRE)"	"1.63"	"2.69"	"Seller"	"1"	"8"	"Chaloner, G"	"Fahey, R A"	"6f "	"6"	"6"	"4"	"8"
"17:35:00"	"2016-05-07"	"Thirsk"	"Pennine Warrior"	"2.75"	"3.9"	"Seller"	"5"	"8"	"Curtis, B A"	"Dixon, Scott"	"6f "	"6"	"10"	"10"	"11"
"16:45:00"	"2016-05-07"	"Ascot"	"Normandy Barriere (IRE)"	"4.00"	"7.5"	"Handicap"	"1"	"21"	"Buick, William"	"Tinkler, N"	"6f "	"4"	"10"	"3"	"11"
"16:45:00"	"2016-05-07"	"Ascot"	"Merhoob (IRE)"	"10.00"	"13"	"Handicap"	"3"	"21"	"Kirby, Adam"	"Ryan, J"	"6f "	"4"	"3"	"4"	"9"
"14:40:00"	"2016-05-07"	"Nottingham"	"Shackled N Drawn (USA)"	"4.00"	"5.4"	"Handicap"	"1"	"8"	"Bentley, Harry"	"Hedger, P R"	"5f "	"5"	"9"	"2"	"5"
"14:40:00"	"2016-05-07"	"Nottingham"	"Flash City (ITY)"	"3.50"	"5.28"	"Handicap"	"3"	"8"	"Sullivan, James P"	"Carr, Mrs R A"	"5f "	"5"	"7"	"2"	"12"
"14:40:00"	"2016-05-07"	"Nottingham"	"Coiste BoDhar (IRE)"	"9.00"	"10.69"	"Handicap"	"6"	"8"	"Hambling, Miss N"	"Dixon, Scott"	"5f "	"5"	"10"	"1"	"7"
"20:20:00"	"2016-05-06"	"Nottingham"	"Bionic Indian"	"10.00"	"14.5"	"Handicap"	"11"	"11"	"Gibbons, Graham"	"Easterby, M W"	"6f "	"6"	"9"	"4"	"7"
"19:05:00"	"2016-05-06"	"Ascot"	"Yeeoow (IRE)"	"8.00"	"11.5"	"Handicap"	"6"	"11"	"Haynes, Joey"	"Burke, K R"	"6f "	"3"	"5"	"4"	"16"
"19:05:00"	"2016-05-06"	"Ascot"	"Plucky Dip"	"14.00"	"17.43"	"Handicap"	"8"	"11"	"Doyle, Joe"	"Ryan, J"	"6f "	"3"	"4"	"5"	"13"
"18:55:00"	"2016-05-06"	"Ripon"	"Dandyleekie (IRE)"	"6.50"	"7.96"	"Handicap"	"2"	"16"	"Birkett, Shelley"	"OMeara, D"	"6f "	"4"	"8"	"3"	"8"
"18:55:00"	"2016-05-06"	"Ripon"	"Barkston Ash"	"4.00"	"5.13"	"Handicap"	"3"	"16"	"Hart, Jason"	"Alston, E J"	"6f "	"4"	"5"	"3"	"8"
"18:55:00"	"2016-05-06"	"Ripon"	"Ambitious Icarus"	"28.00"	"47.24"	"Handicap"	"9"	"16"	"Mathers, Patrick"	"Guest, R C"	"6f "	"4"	"5"	"6"	"8"
"20:25:00"	"2016-05-03"	"Catterick"	"Elusivity (IRE)"	"1.75"	"2.85"	"Handicap"	"1"	"7"	"Mulrennan, Paul"	"Dore, C R"	"5f "	"5"	"4"	"2"	"8"
"20:25:00"	"2016-05-03"	"Catterick"	"Henley"	"2.50"	"3.75"	"Handicap"	"2"	"7"	"Fanning, Joe"	"Waggott, Miss Tracy"	"5f "	"5"	"4"	"1"	"5"
"20:25:00"	"2016-05-03"	"Catterick"	"Hit The Lights (IRE)"	"4.50"	"5.59"	"Handicap"	"3"	"7"	"Mooney, Danielle"	"Nicholls, D"	"5f "	"5"	"6"	"4"	"7"
"17:50:00"	"2016-05-02"	"Curragh"	"Fainleog (IRE)"	"66.00"	"212.85"	"Maiden"	"2"	"18"	"OShea, A"	"OShea, Mrs A M"	"6f "	"0"	"10"	"4"	"5"
"14:25:00"	"2016-05-02"	"Curragh"	"Urbestchance (IRE)"	"12.00"	"17.66"	"Handicap"	"16"	"16"	"Lee, W J"	"McCreery, W"	"5f "	"0"	"7"	"12"	"12"
"14:15:00"	"2016-05-02"	"Windsor"	"Lady Kyllar"	"8.00"	"10.82"	"Handicap"	"9"	"13"	"Spencer, Jamie"	"Margarson, G G"	"6f "	"4"	"6"	"3"	"5"
"13:40:00"	"2016-05-02"	"Windsor"	"Posh Bounty"	"6.50"	"8"	"Handicap"	"6"	"15"	"Mooney, Sean"	"Tuite, Joseph"	"6f "	"5"	"10"	"1"	"9"
"17:35:00"	"2016-05-01"	"Salisbury"	"One Big Surprise"	"3.00"	"4.5"	"Handicap"	"2"	"9"	"Bridgwater, Poppy"	"Hughes, Richard"	"7f "	"6"	"4"	"2"	"7"
"17:35:00"	"2016-05-01"	"Salisbury"	"Diamonds A Dancing"	"12.00"	"23.64"	"Handicap"	"4"	"9"	"Hampson, Brodie"	"Oshea, J G M"	"7f "	"6"	"2"	"2"	"10"
"14:10:00"	"2016-05-01"	"Hamilton"	"Barkston Ash"	"1.88"	"2.8"	"Handicap"	"3"	"8"	"Hart, Jason"	"Alston, E J"	"6f "	"4"	"4"	"2"	"11"
"14:10:00"	"2016-05-01"	"Hamilton"	"Ambitious Icarus"	"8.00"	"9.25"	"Handicap"	"6"	"8"	"Beasley, Connor"	"Guest, R C"	"6f "	"4"	"8"	"3"	"14"
"13:40:00"	"2016-05-01"	"Hamilton"	"Mystical King"	"33.00"	"70"	"Handicap"	"5"	"8"	"Sullivan, James P"	"Perratt, Miss L A"	"5f "	"5"	"7"	"7"	"7"
"17:45:00"	"2016-04-30"	"Doncaster"	"Handsome Dude"	"20.00"	"32"	"Handicap"	"6"	"15"	"Fahy, J P"	"Barron, T D"	"6f "	"3"	"7"	"13"	"13"
"17:45:00"	"2016-04-30"	"Doncaster"	"Gran Canaria Queen"	"25.00"	"40.72"	"Handicap"	"12"	"15"	"Richardson, Rachel"	"Easterby, T D"	"6f "	"3"	"7"	"11"	"13"
"17:40:00"	"2016-04-30"	"Thirsk"	"Flash City (ITY)"	"12.00"	"18.81"	"Handicap"	"2"	"12"	"Sullivan, James P"	"Carr, Mrs R A"	"5f "	"4"	"8"	"8"	"11"
"17:40:00"	"2016-04-30"	"Thirsk"	"Pearl Acclaim (IRE)"	"9.00"	"11"	"Handicap"	"3"	"12"	"Norton, Francis"	"Nicholls, D"	"5f "	"4"	"6"	"6"	"11"
"17:40:00"	"2016-04-30"	"Thirsk"	"Stanghow"	"9.00"	"11"	"Handicap"	"6"	"12"	"Makin, Phillip"	"Brittain, Antony"	"5f "	"4"	"8"	"7"	"11"
"17:40:00"	"2016-04-30"	"Thirsk"	"Free Zone"	"9.00"	"12"	"Handicap"	"8"	"12"	"Nolan, D"	"OMeara, D"	"5f "	"4"	"6"	"9"	"11"
"17:40:00"	"2016-04-30"	"Thirsk"	"Ritas Boy (IRE)"	"2.75"	"3.86"	"Handicap"	"10"	"12"	"Curtis, B A"	"Burke, K R"	"5f "	"4"	"6"	"2"	"11"
"15:25:00"	"2016-04-30"	"Goodwood"	"Normal Equilibrium"	"4.50"	"6.53"	"Handicap"	"7"	"9"	"Spencer, Jamie"	"Cowell, R M H"	"5f "	"3"	"10"	"1"	"7"
"15:25:00"	"2016-04-30"	"Goodwood"	"Monumental Man"	"16.00"	"19.59"	"Handicap"	"9"	"9"	"Probert, David"	"Attwater, M J"	"5f "	"3"	"10"	"5"	"7"
"14:45:00"	"2016-04-30"	"Thirsk"	"Orions Bow"	"8.00"	"9.97"	"Handicap"	"8"	"17"	"Ffrench, Royston"	"Nicholls, D"	"6f "	"4"	"7"	"11"	"15"
"14:45:00"	"2016-04-30"	"Thirsk"	"Captain Lars (SAF)"	"14.00"	"21"	"Handicap"	"10"	"17"	"Hamilton, Tony"	"Shaw, D"	"6f "	"4"	"7"	"2"	"14"
"14:45:00"	"2016-04-30"	"Thirsk"	"Apricot Sky"	"50.00"	"106.24"	"Handicap"	"12"	"17"	"Norton, Francis"	"Nicholls, D"	"6f "	"4"	"6"	"11"	"11"
"14:45:00"	"2016-04-30"	"Thirsk"	"Dinneratmidnight"	"4.00"	"6.2"	"Handicap"	"15"	"17"	"Hart, Jason"	"Guest, R C"	"6f "	"4"	"3"	"1"	"11"
"16:10:00"	"2016-04-29"	"Musselburgh"	"Bunce (IRE)"	"7.00"	"9.41"	"Handicap"	"4"	"5"	"McDonald, P J"	"Perratt, Miss L A"	"5f "	"4"	"5"	"6"	"7"
"15:25:00"	"2016-04-29"	"Chepstow"	"Swendab (IRE)"	"12.00"	"17.58"	"Handicap"	"5"	"8"	"Mckee, Ciaran"	"Oshea, J G M"	"5f "	"5"	"4"	"7"	"10"
"15:25:00"	"2016-04-29"	"Chepstow"	"Louis Vee (IRE)"	"12.00"	"17.99"	"Handicap"	"6"	"8"	"Stanford, Lulu"	"Oshea, J G M"	"5f "	"5"	"4"	"6"	"9"
"16:45:00"	"2016-04-28"	"Redcar"	"Moonlight Venture"	"3.50"	"4.77"	"Claimer"	"6"	"6"	"Nolan, D"	"Dore, C R"	"6f "	"6"	"5"	"3"	"15"
"17:10:00"	"2016-04-25"	"Naas"	"Shinyhappyjohn"	"10.00"	"20"	"Handicap"	"2"	"19"	"OBrien, Donnacha"	"Nash, J A"	"6f "	"0"	"10"	"3"	"9"
"17:10:00"	"2016-04-25"	"Naas"	"Lady Maesmor"	"50.00"	"128.54"	"Handicap"	"6"	"19"	"Brouder, Gearoid"	"Bunyan, Darren / OLeary, G"	"6f "	"0"	"10"	"7"	"9"
"17:10:00"	"2016-04-25"	"Naas"	"Fairy Flute (IRE)"	"28.00"	"80"	"Handicap"	"8"	"19"	"Moriarty, K P"	"OBrien, Charles"	"6f "	"0"	"8"	"11"	"20"
"17:10:00"	"2016-04-25"	"Naas"	"Stamp Of Authority (IRE)"	"25.00"	"92.04"	"Handicap"	"18"	"19"	"Corby, Sean"	"McCourt, T G"	"6f "	"0"	"8"	"8"	"20"
"14:50:00"	"2016-04-25"	"Ayr"	"Keenes Pointe"	"9.00"	"12"	"Handicap"	"3"	"11"	"Hamilton, Tony"	"Stubbs, Kristin"	"6f "	"5"	"9"	"11"	"13"
"14:50:00"	"2016-04-25"	"Ayr"	"Exotic Guest"	"7.00"	"8.21"	"Handicap"	"4"	"11"	"Sullivan, James P"	"Carr, Mrs R A"	"6f "	"5"	"9"	"9"	"11"
"14:50:00"	"2016-04-25"	"Ayr"	"Giant Spark"	"4.00"	"5.8"	"Handicap"	"6"	"11"	"Mulrennan, Paul"	"Midgley, P T"	"6f "	"5"	"9"	"4"	"11"
"17:20:00"	"2016-04-24"	"Thirsk"	"Abonos (IRE)"	"50.00"	"73.41"	"Handicap"	"15"	"18"	"Moscrop, Eva"	"West, S G"	"6f "	"6"	"8"	"15"	"15"
"17:20:00"	"2016-04-24"	"Thirsk"	"Under Approval"	"50.00"	"62.68"	"Handicap"	"17"	"18"	"Farley, Neil"	"Tutty, Mrs K J"	"6f "	"6"	"8"	"14"	"15"
"17:00:00"	"2016-04-24"	"Musselburgh"	"Roys Legacy"	"10.00"	"9.4"	"Handicap"	"3"	"7"	"Bennett, Charlie"	"Harris, S A"	"5f "	"6"	"8"	"3"	"8"
"15:20:00"	"2016-04-24"	"Thirsk"	"Ritas Boy (IRE)"	"8.00"	"8.69"	"Handicap"	"2"	"11"	"Curtis, B A"	"Burke, K R"	"5f "	"4"	"10"	"9"	"17"
"14:15:00"	"2016-04-23"	"Leicester"	"Captain Lars (SAF)"	"6.00"	"9"	"Handicap"	"2"	"14"	"Fanning, Joe"	"Shaw, D"	"6f "	"4"	"5"	"4"	"11"
"14:15:00"	"2016-04-23"	"Leicester"	"Ambitious Icarus"	"25.00"	"28.08"	"Handicap"	"3"	"14"	"Keniry, L P"	"Guest, R C"	"6f "	"4"	"9"	"11"	"17"
"14:15:00"	"2016-04-23"	"Leicester"	"Borough Boy (IRE)"	"20.00"	"21.97"	"Handicap"	"4"	"14"	"Lane, Martin"	"Shaw, D"	"6f "	"4"	"5"	"9"	"12"
"14:15:00"	"2016-04-23"	"Leicester"	"Air Of York (IRE)"	"16.00"	"24.57"	"Handicap"	"13"	"14"	"Prince,Mr P "	"Evans, P D"	"6f "	"4"	"5"	"7"	"12"
"16:55:00"	"2016-04-22"	"Doncaster"	"Ladweb"	"1.88"	"3.2"	"Handicap"	"1"	"11"	"ODonnell, P C"	"Gallagher, J"	"5f "	"4"	"8"	"1"	"12"
"16:25:00"	"2016-04-22"	"Doncaster"	"Posh Bounty"	"2.75"	"4.02"	"Handicap"	"1"	"9"	"Egan, John"	"Tuite, Joseph"	"6f "	"5"	"4"	"2"	"16"
"14:45:00"	"2016-04-22"	"Doncaster"	"The Skippers Cat"	"100.00"	"200.44"	"Maiden"	"14"	"17"	"Mullen, Andrew"	"Appleby, M"	"6f "	"5"	"10"	"7"	"9"
"13:40:00"	"2016-04-22"	"Doncaster"	"Tancred (IRE)"	"7.00"	"8.67"	"Handicap"	"7"	"13"	"Keniry, L P"	"Dore, C R"	"7f "	"5"	"2"	"2"	"15"
"17:40:00"	"2016-04-21"	"Tipperary"	"Sweetest Taboo (IRE)"	"5.00"	"5.86"	"Handicap"	"2"	"11"	"Lee, W J"	"McCreery, W"	"5f "	"0"	"6"	"5"	"9"
"17:40:00"	"2016-04-21"	"Tipperary"	"Battleroftheboyne (IRE)"	"8.00"	"10.08"	"Handicap"	"3"	"11"	"Carroll, G F"	"OConnell, Eamon"	"5f "	"0"	"4"	"6"	"20"
"17:40:00"	"2016-04-21"	"Tipperary"	"Oor Jock (IRE)"	"6.00"	"8.57"	"Handicap"	"4"	"11"	"Hayes, C D"	"McGuinness, Adrian"	"5f "	"0"	"6"	"2"	"9"
"14:20:00"	"2016-04-20"	"Catterick"	"Hit The Lights (IRE)"	"2.00"	"3.23"	"Handicap"	"1"	"6"	"Mooney, Danielle"	"Nicholls, D"	"5f "	"5"	"4"	"4"	"15"
"14:20:00"	"2016-04-20"	"Catterick"	"New Lease Of Life"	"5.00"	"6.17"	"Handicap"	"2"	"6"	"Hart, Jason"	"Dalgleish, Keith"	"5f "	"5"	"9"	"2"	"7"
"19:50:00"	"2016-04-18"	"Windsor"	"Potternello (IRE)"	"6.00"	"9.38"	"Handicap"	"6"	"16"	"Bishop, Charles"	"Channon, M R"	"6f "	"6"	"9"	"6"	"8"
"18:20:00"	"2016-04-18"	"Windsor"	"Captain Bob (IRE)"	"14.00"	"18"	"Handicap"	"7"	"11"	"Beschizza,Adam "	"Cowell, R M H"	"6f "	"3"	"10"	"5"	"8"
"17:20:00"	"2016-04-18"	"Windsor"	"Dominate"	"2.00"	"3.15"	"Handicap"	"5"	"12"	"Marquand, Tom"	"Scott, George"	"5f "	"4"	"4"	"2"	"12"
"17:20:00"	"2016-04-18"	"Windsor"	"Midnight Rider (IRE)"	"12.00"	"16.5"	"Handicap"	"6"	"12"	"Vaughan, Jordan"	"Millman, B R"	"5f "	"4"	"10"	"4"	"8"
"17:20:00"	"2016-04-18"	"Windsor"	"Ginzan"	"20.00"	"27.24"	"Handicap"	"8"	"12"	"Dwyer, Martin"	"Saunders, M S"	"5f "	"4"	"10"	"7"	"11"
"17:45:00"	"2016-04-16"	"Thirsk"	"Mitchum"	"3.00"	"4.31"	"Handicap"	"1"	"15"	"Dennis, Phil"	"Barr, R E"	"6f "	"6"	"5"	"1"	"7"
"17:45:00"	"2016-04-16"	"Thirsk"	"Hit The Lights (IRE)"	"9.00"	"13"	"Handicap"	"4"	"15"	"Mooney, Danielle"	"Nicholls, D"	"6f "	"6"	"10"	"1"	"10"
"17:45:00"	"2016-04-16"	"Thirsk"	"Farang Jai Dee (IRE)"	"22.00"	"27.43"	"Handicap"	"10"	"15"	"Bell, Samantha"	"Carroll, D"	"6f "	"6"	"5"	"5"	"6"
"17:45:00"	"2016-04-16"	"Thirsk"	"Coiste BoDhar (IRE)"	"16.00"	"26"	"Handicap"	"11"	"15"	"Curtis, B A"	"Dixon, Scott"	"6f "	"6"	"4"	"7"	"7"
"17:45:00"	"2016-04-16"	"Thirsk"	"Monsieur Jimmy"	"16.00"	"30"	"Handicap"	"12"	"15"	"Farley, Neil"	"Carroll, D"	"6f "	"6"	"9"	"1"	"8"
"17:45:00"	"2016-04-16"	"Thirsk"	"Pancake Day"	"14.00"	"19.5"	"Handicap"	"13"	"15"	"Fitzpatrick, Rob J"	"Ward, Jason"	"6f "	"6"	"10"	"4"	"10"
"14:55:00"	"2016-04-16"	"Thirsk"	"Sartori"	"2.50"	"3.69"	"Seller"	"1"	"6"	"Winston, Robert"	"Fife, Mrs Marjorie"	"5f "	"6"	"9"	"6"	"8"
"14:55:00"	"2016-04-16"	"Thirsk"	"Mighty Bond"	"4.00"	"5.9"	"Seller"	"2"	"6"	"Beasley, Connor"	"Waggott, Miss Tracy"	"5f "	"6"	"5"	"3"	"7"
"14:55:00"	"2016-04-16"	"Thirsk"	"Mighty Zip (USA)"	"3.33"	"4.4"	"Seller"	"5"	"6"	"Eaves, Tom"	"Ryan, K A"	"5f "	"6"	"10"	"8"	"9"
"14:20:00"	"2016-04-16"	"Thirsk"	"Lackaday"	"5.50"	"8.15"	"Handicap"	"6"	"12"	"Shepherd, Callum"	"Walford, Mark"	"6f "	"5"	"10"	"1"	"12"
"14:20:00"	"2016-04-16"	"Thirsk"	"Tango Sky (IRE)"	"6.50"	"8.98"	"Handicap"	"9"	"12"	"Lee, G"	"Midgley, P T"	"6f "	"5"	"10"	"5"	"13"
"13:45:00"	"2016-04-16"	"Thirsk"	"Llewellyn"	"7.50"	"9.76"	"Handicap"	"3"	"11"	"Tudhope, Daniel"	"Carroll, D"	"6f "	"5"	"10"	"5"	"9"
"16:20:00"	"2016-04-14"	"Ripon"	"Casterbridge"	"3.00"	"4.31"	"Handicap"	"6"	"12"	"Evans, Nathan"	"Alston, E J"	"5f "	"4"	"6"	"8"	"11"
"15:15:00"	"2016-04-03"	"Curragh"	"Creggs Pipes (IRE)"	"20.00"	"33.94"	"Handicap"	"4"	"13"	"King, Connor"	"Slattery, Andrew"	"6f "	"0"	"8"	"10"	"17"
"15:15:00"	"2016-04-03"	"Curragh"	"Club Wexford (IRE)"	"9.00"	"10.08"	"Handicap"	"11"	"13"	"Manning, K J"	"Bolger, J S"	"6f "	"0"	"6"	"5"	"10"
"16:55:00"	"2016-03-28"	"Redcar"	"Red Unico (IRE)"	"6.00"	"7.29"	"Handicap"	"5"	"12"	"Mullen, Andrew"	"Appleby, M"	"7f "	"5"	"4"	"6"	"11"
"14:35:00"	"2016-03-28"	"Redcar"	"Basingstoke (IRE)"	"2.50"	"3.7"	"Seller"	"7"	"16"	"Sousa, Silvestre De"	"Loughnane, Daniel Mark"	"7f "	"6"	"5"	"3"	"14"
"14:35:00"	"2016-03-28"	"Redcar"	"Strictly Glitz (IRE)"	"100.00"	"302.88"	"Seller"	"15"	"16"	"Hamilton, Tony"	"Ellam, Clare"	"7f "	"6"	"10"	"12"	"12"
"14:25:00"	"2016-03-28"	"Cork"	"Penny Pepper (IRE)"	"3.33"	"4.97"	"Handicap"	"2"	"10"	"Hayes, C D"	"Prendergast, Kevin"	"6f "	"0"	"8"	"5"	"13"
"14:25:00"	"2016-03-28"	"Cork"	"Club Wexford (IRE)"	"2.00"	"3.2"	"Handicap"	"5"	"10"	"Manning, K J"	"Bolger, J S"	"6f "	"0"	"8"	"2"	"13"
"15:15:00"	"2016-03-20"	"Curragh"	"Rattling Jewel"	"25.00"	"73.71"	"Handicap"	"3"	"13"	"Lordan, W M"	"McKenna, Miss Nicole"	"6f "	"0"	"9"	"5"	"5"
"15:15:00"	"2016-03-20"	"Curragh"	"Patrick (IRE)"	"4.00"	"5.07"	"Handicap"	"10"	"13"	"McNamara, Adam"	"Fahey, R A"	"6f "	"0"	"8"	"3"	"12"
"16:05:00"	"2015-11-07"	"Doncaster"	"Cincuenta Pasos (IRE)"	"12.00"	"15.65"	"Handicap"	"3"	"22"	"Mahon, Gary"	"Tuite, Joseph"	"7f "	"3"	"7"	"5"	"14"
"16:05:00"	"2015-11-07"	"Doncaster"	"Crew Cut (IRE)"	"66.00"	"200.41"	"Handicap"	"17"	"22"	"Stanford, Lulu"	"Williams, S C"	"7f "	"3"	"7"	"12"	"14"
"15:30:00"	"2015-11-04"	"Nottingham"	"Tinsill"	"4.50"	"5.72"	"Handicap"	"1"	"9"	"Mullen, Andrew"	"Tinkler, N"	"5f "	"6"	"8"	"4"	"10"
"15:30:00"	"2015-11-04"	"Nottingham"	"Minty Jones"	"3.50"	"4.9"	"Handicap"	"4"	"9"	"Da Silva, Raul"	"Mullineaux, M"	"5f "	"6"	"8"	"3"	"10"
"15:30:00"	"2015-11-04"	"Nottingham"	"Shaft of Light"	"20.00"	"31.38"	"Handicap"	"9"	"9"	"Hamilton, Tony"	"Shaw, D"	"5f "	"6"	"8"	"11"	"11"
"14:25:00"	"2015-11-04"	"Nottingham"	"Jack Luey"	"8.00"	"10.71"	"Handicap"	"5"	"13"	"Lee, G"	"Mullaney, L A"	"5f "	"4"	"8"	"3"	"11"
"14:25:00"	"2015-11-04"	"Nottingham"	"Borough Boy (IRE)"	"25.00"	"33.24"	"Handicap"	"7"	"13"	"Donohoe, Stephen"	"Shaw, D"	"5f "	"4"	"7"	"5"	"10"
"14:25:00"	"2015-11-04"	"Nottingham"	"Indian Tinker"	"5.50"	"7.04"	"Handicap"	"10"	"13"	"Fanning, Joe"	"Cowell, R M H"	"5f "	"4"	"7"	"2"	"10"
"16:00:00"	"2015-11-03"	"Redcar"	"Goadby"	"6.00"	"7.73"	"Handicap"	"5"	"19"	"Makin, Phillip"	"Holt, J R"	"6f "	"6"	"8"	"5"	"19"
"16:00:00"	"2015-11-03"	"Redcar"	"Armelle (FR)"	"5.00"	"6.4"	"Handicap"	"10"	"19"	"Morris, Luke"	"Dixon, Scott"	"6f "	"6"	"8"	"2"	"19"
"16:00:00"	"2015-11-03"	"Redcar"	"Fujin"	"28.00"	"46.85"	"Handicap"	"18"	"19"	"Gray, S A"	"Harris, S A"	"6f "	"6"	"7"	"9"	"9"
"16:20:00"	"2015-10-31"	"Newmarket (Rowley)"	"Refuse Colette (IRE)"	"25.00"	"46.76"	"Handicap"	"6"	"14"	"Carson, William"	"Quinn, M"	"7f "	"4"	"10"	"10"	"13"
"14:35:00"	"2015-10-31"	"Newmarket (Rowley)"	"Polar Forest"	"10.00"	"10.72"	"Handicap"	"6"	"11"	"Shepherd, Callum"	"Guest, R C"	"1m "	"3"	"5"	"3"	"9"
"14:35:00"	"2015-10-31"	"Newmarket (Rowley)"	"Cordite (IRE)"	"16.00"	"22.22"	"Handicap"	"10"	"11"	"Mullen, Andrew"	"Appleby, M"	"1m "	"3"	"7"	"6"	"7"
"15:20:00"	"2015-10-28"	"Nottingham"	"Cruise Tothelimit (IRE)"	"12.00"	"16.47"	"Handicap"	"8"	"10"	"Keniry, L P"	"Morris, Patrick"	"5f "	"5"	"9"	"4"	"12"
"16:35:00"	"2015-10-26"	"Leicester"	"Celtic Sixpence (IRE)"	"12.00"	"15.21"	"Handicap"	"3"	"11"	"Broughton, Mr T P"	"Kent, Nick"	"7f "	"5"	"9"	"11"	"14"
"16:35:00"	"2015-10-26"	"Leicester"	"Teds Brother (IRE)"	"4.50"	"6.2"	"Handicap"	"6"	"11"	"Millman, Mr P"	"Guest, R C"	"7f "	"5"	"6"	"2"	"13"
"16:35:00"	"2015-10-26"	"Leicester"	"Debit"	"8.00"	"11.5"	"Handicap"	"9"	"11"	"Wood, Mr K"	"Ellison, B"	"7f "	"5"	"10"	"3"	"11"
"16:15:00"	"2015-10-26"	"Redcar"	"Tancred (IRE)"	"16.00"	"28"	"Handicap"	"6"	"19"	"Bennett, Charlie"	"Dore, C R"	"6f "	"6"	"10"	"8"	"12"
"16:15:00"	"2015-10-26"	"Redcar"	"White Flag"	"20.00"	"29"	"Handicap"	"11"	"19"	"Richardson, Rachel"	"Easterby, T D"	"6f "	"6"	"10"	"10"	"18"
"16:15:00"	"2015-10-26"	"Redcar"	"Indego Blues"	"12.00"	"17"	"Handicap"	"13"	"19"	"Jones, Mr A T"	"Nicholls, D"	"6f "	"6"	"10"	"5"	"18"
"16:15:00"	"2015-10-26"	"Redcar"	"Orwellian"	"16.00"	"21"	"Handicap"	"17"	"19"	"Dennis, Phil"	"Smart, B"	"6f "	"6"	"10"	"11"	"18"
"16:05:00"	"2015-10-26"	"Leicester"	"Illustrious Prince (IRE)"	"7.50"	"9.2"	"Handicap"	"2"	"11"	"Hamilton, Mr T"	"Camacho, Miss J A"	"7f "	"5"	"10"	"6"	"18"
"16:05:00"	"2015-10-26"	"Leicester"	"Lendal Bridge"	"6.00"	"7.2"	"Handicap"	"3"	"11"	"Wood, Mr K"	"Coyle, Tony"	"7f "	"5"	"10"	"11"	"18"
"13:20:00"	"2015-10-26"	"Leicester"	"Rufford (IRE)"	"4.00"	"3.42"	"Claimer"	"7"	"7"	"Fox, Kieren"	"Carter, Lee"	"7f "	"6"	"7"	"1"	"14"
"14:40:00"	"2015-10-21"	"Navan"	"Oneoveryou (IRE)"	"3.00"	"4.29"	"Handicap"	"4"	"7"	"Redmond, D M"	"Stack, Gerard"	"5f "	"0"	"8"	"4"	"14"
"16:25:00"	"2015-10-20"	"Windsor"	"Posh Bounty"	"8.00"	"10.5"	"Handicap"	"3"	"12"	"Harley, M"	"Tuite, Joseph"	"6f "	"6"	"8"	"5"	"14"
"15:55:00"	"2015-10-20"	"Windsor"	"Fairway To Heaven (IRE)"	"4.00"	"5.46"	"Handicap"	"2"	"12"	"Baker, George"	"Wigham, M"	"6f "	"4"	"9"	"4"	"14"
"15:55:00"	"2015-10-20"	"Windsor"	"Vincentti (IRE)"	"14.00"	"17.86"	"Handicap"	"3"	"12"	"Harley, M"	"Harris, R A"	"6f "	"4"	"8"	"4"	"15"
"15:55:00"	"2015-10-20"	"Windsor"	"Pour La Victoire (IRE)"	"20.00"	"24.25"	"Handicap"	"9"	"12"	"Norton, Francis"	"Carroll, A W"	"6f "	"4"	"5"	"3"	"12"
"15:20:00"	"2015-10-20"	"Windsor"	"Divine Call"	"20.00"	"36"	"Handicap"	"5"	"12"	"Norton, Francis"	"Bradley, J M"	"6f "	"4"	"2"	"6"	"9"
"16:20:00"	"2015-10-19"	"Windsor"	"Cruise Tothelimit (IRE)"	"8.00"	"10.74"	"Handicap"	"4"	"12"	"Keniry, L P"	"Morris, Patrick"	"5f "	"5"	"10"	"6"	"7"
"16:20:00"	"2015-10-19"	"Windsor"	"Perfect Pastime"	"9.00"	"10.5"	"Handicap"	"5"	"12"	"Cosgrave, Pat"	"Boyle, J R"	"5f "	"5"	"4"	"12"	"12"
"14:20:00"	"2015-10-19"	"Windsor"	"Classic Pursuit"	"25.00"	"31.05"	"Claimer"	"8"	"14"	"Twiston-Davies, Mr W"	"Harris, R A"	"6f "	"5"	"10"	"6"	"8"
"14:25:00"	"2015-10-17"	"Cork"	"Sweetest Taboo (IRE)"	"3.50"	"4.6"	"Handicap"	"3"	"14"	"Orr, Oisin"	"McCreery, W"	"5f "	"0"	"4"	"2"	"14"
"14:25:00"	"2015-10-17"	"Cork"	"Catwilldo (IRE)"	"14.00"	"20.78"	"Handicap"	"6"	"14"	"Phillips, G J"	"Donnelly, Garvan"	"5f "	"0"	"9"	"7"	"14"
"14:25:00"	"2015-10-17"	"Cork"	"Clear Focus (IRE)"	"8.00"	"10.59"	"Handicap"	"7"	"14"	"Leonard, Killian"	"McCourt, T G"	"5f "	"0"	"4"	"2"	"19"
"14:25:00"	"2015-10-17"	"Cork"	"Little Sweetheart (IRE)"	"11.00"	"15.5"	"Handicap"	"12"	"14"	"Coakley, Ross"	"Flynn, Patrick J"	"5f "	"0"	"10"	"2"	"11"
"14:25:00"	"2015-10-17"	"Cork"	"Apache Gold (IRE)"	"4.50"	"5.55"	"Handicap"	"13"	"14"	"Kennedy, J W"	"Walsh, John J"	"5f "	"0"	"7"	"2"	"15"
"13:50:00"	"2015-10-17"	"Cork"	"Lilys Prince (IRE)"	"8.00"	"9.34"	"Handicap"	"7"	"8"	"Phillips, G J"	"Donnelly, Garvan"	"6f "	"0"	"4"	"9"	"14"
"13:50:00"	"2015-10-17"	"Cork"	"Bubbly Bellini (IRE)"	"6.00"	"7.46"	"Handicap"	"8"	"8"	"Leonard, Killian"	"McGuinness, Adrian"	"6f "	"0"	"7"	"12"	"19"
"15:55:00"	"2015-10-16"	"Redcar"	"Roayh (USA)"	"25.00"	"44"	"Handicap"	"9"	"18"	"Hesketh, Miss A"	"Tinkler, N"	"7f "	"5"	"9"	"8"	"12"
"14:35:00"	"2015-10-16"	"Haydock"	"Mass Rally (IRE)"	"14.00"	"18.74"	"Handicap"	"4"	"17"	"McDonald, P J"	"Dods, M"	"6f "	"3"	"8"	"3"	"13"
"17:15:00"	"2015-10-14"	"Nottingham"	"Beau Mistral (IRE)"	"25.00"	"26.42"	"Handicap"	"15"	"16"	"Morris, Luke"	"Carroll, A W"	"5f "	"6"	"9"	"9"	"14"
"16:30:00"	"2015-10-13"	"Musselburgh"	"Flash City (ITY)"	"4.00"	"6.61"	"Handicap"	"5"	"12"	"Sullivan, James P"	"Carr, Mrs R A"	"5f "	"5"	"4"	"3"	"13"
"15:05:00"	"2015-10-13"	"Curragh"	"Sweetest Taboo (IRE)"	"8.00"	"10.15"	"Handicap"	"2"	"14"	"Roche, L F"	"McCreery, W"	"5f "	"0"	"6"	"4"	"11"
"15:05:00"	"2015-10-13"	"Curragh"	"Quiet Warrior (IRE)"	"16.00"	"27.34"	"Handicap"	"14"	"14"	"ODonoghue, C"	"McGuinness, Adrian"	"5f "	"0"	"9"	"12"	"13"
"14:35:00"	"2015-10-13"	"Curragh"	"Elusive In Paris (IRE)"	"7.00"	"8.85"	"Handicap"	"14"	"19"	"McNamara, E J"	"Grassick, M C"	"6f "	"0"	"4"	"3"	"14"
"16:20:00"	"2015-10-12"	"Salisbury"	"Magic City (IRE)"	"11.00"	"14.02"	"Non-Handicap"	"7"	"7"	"Mahon, Gary"	"Hannon (Jnr), Richard"	"7f "	"3"	"6"	"5"	"5"
"15:50:00"	"2015-10-12"	"Salisbury"	"Posh Bounty"	"9.00"	"10.44"	"Handicap"	"5"	"14"	"Keniry, L P"	"Tuite, Joseph"	"7f "	"6"	"6"	"7"	"11"
"15:55:00"	"2015-10-09"	"York"	"Sir Billy Wright (IRE)"	"10.00"	"14.69"	"Handicap"	"18"	"20"	"Marquand, Tom"	"Evans, P D"	"5f "	"3"	"9"	"5"	"17"
"15:15:00"	"2015-10-08"	"Ayr"	"Saxonette"	"20.00"	"32"	"Handicap"	"5"	"14"	"McDonald, P J"	"Perratt, Miss L A"	"6f "	"6"	"9"	"7"	"13"
"15:15:00"	"2015-10-08"	"Ayr"	"Feel The Heat"	"14.00"	"17.32"	"Handicap"	"12"	"14"	"Carter, Adam"	"Smart, B"	"6f "	"6"	"10"	"3"	"7"
"17:30:00"	"2015-10-06"	"Catterick"	"Lorimers Lot (IRE)"	"3.00"	"4.91"	"Handicap"	"2"	"12"	"Walker, Mr S"	"Walford, Mark"	"5f "	"6"	"5"	"8"	"10"
"17:30:00"	"2015-10-06"	"Catterick"	"Jumbo Steps (IRE)"	"14.00"	"20"	"Handicap"	"3"	"12"	"Bartley, Mrs C"	"Goldie, J S"	"5f "	"6"	"9"	"8"	"8"
"17:00:00"	"2015-10-06"	"Catterick"	"Red Forever"	"12.00"	"17.07"	"Handicap"	"3"	"11"	"Greenwood, Mr T"	"Berry, A"	"5f "	"6"	"9"	"3"	"8"
"17:00:00"	"2015-10-06"	"Catterick"	"Under Approval"	"4.50"	"6.45"	"Handicap"	"5"	"11"	"Todd, Emma"	"Tutty, Mrs K J"	"5f "	"6"	"5"	"3"	"10"
"17:00:00"	"2015-10-06"	"Catterick"	"Yard Of Ale"	"9.00"	"9.92"	"Handicap"	"7"	"11"	"Smith, James"	"Smith, Martin"	"5f "	"6"	"1"	"7"	"14"
"13:50:00"	"2015-10-05"	"Windsor"	"Dreams Of Glory"	"6.00"	"8.4"	"Handicap"	"1"	"14"	"Greatrex, Thomas"	"Hodges, R J"	"5f "	"6"	"3"	"7"	"12"
"17:50:00"	"2015-10-03"	"Redcar"	"Busy Bimbo (IRE)"	"20.00"	"33.78"	"Handicap"	"6"	"12"	"Mathers, Patrick"	"Berry, A"	"5f "	"5"	"6"	"5"	"8"
"17:50:00"	"2015-10-03"	"Redcar"	"Majestic Manannan (IRE)"	"6.00"	"7.83"	"Handicap"	"7"	"12"	"Fallon, K"	"Nicholls, D"	"5f "	"5"	"5"	"2"	"8"
"17:50:00"	"2015-10-03"	"Redcar"	"Knockamany Bends (IRE)"	"25.00"	"36.75"	"Handicap"	"9"	"12"	"Mullen, Andrew"	"Wainwright, J S"	"5f "	"5"	"9"	"11"	"11"
"17:15:00"	"2015-10-03"	"Newmarket (Rowley)"	"Cottesloe (IRE)"	"12.00"	"15"	"Handicap"	"4"	"8"	"Egan, John"	"Berry, John"	"1m2f "	"3"	"8"	"3"	"10"
"17:15:00"	"2015-10-03"	"Newmarket (Rowley)"	"Chain Of Events"	"25.00"	"31.91"	"Handicap"	"8"	"8"	"Twiston-Davies, Mr W"	"Wigham, M"	"1m2f "	"3"	"8"	"7"	"11"
"16:55:00"	"2015-10-03"	"Ascot"	"Barnet Fair"	"5.00"	"6.89"	"Handicap"	"5"	"16"	"Fox, Kieren"	"Nicholls, D"	"5f "	"3"	"7"	"6"	"15"
"16:55:00"	"2015-10-03"	"Ascot"	"Kimberella"	"14.00"	"17.48"	"Handicap"	"8"	"16"	"Hesketh, Miss A"	"Nicholls, D"	"5f "	"3"	"7"	"12"	"15"
"16:55:00"	"2015-10-03"	"Ascot"	"Sleepy Sioux"	"20.00"	"32"	"Handicap"	"14"	"16"	"Clark, Tim"	"Elsworth, D R C"	"5f "	"3"	"7"	"8"	"9"
"14:50:00"	"2015-10-02"	"Ascot"	"George Cinq"	"8.00"	"10.55"	"Non-Handicap"	"4"	"12"	"Spencer, Jamie"	"Bell, M L W"	"1m "	"3"	"7"	"4"	"11"
"14:50:00"	"2015-10-02"	"Ascot"	"Saucy Minx (IRE)"	"12.00"	"14.21"	"Non-Handicap"	"8"	"12"	"Dobbs, Pat"	"Perrett, Mrs A J"	"1m "	"3"	"6"	"4"	"13"
"14:20:00"	"2015-10-02"	"Ascot"	"Queen Aggie (IRE)"	"33.00"	"47.88"	"Handicap"	"8"	"18"	"Morris, Luke"	"Carroll, A W"	"7f "	"4"	"7"	"1"	"12"
"17:50:00"	"2015-10-01"	"Beverley"	"Adiator"	"8.00"	"9.6"	"Handicap"	"2"	"12"	"Winston, Robert"	"Bycroft, N"	"5f "	"6"	"8"	"7"	"19"
"17:50:00"	"2015-10-01"	"Beverley"	"Lazy Sioux"	"2.50"	"3.97"	"Handicap"	"7"	"12"	"Tutty, Gemma"	"Tutty, Mrs K J"	"5f "	"6"	"8"	"4"	"17"
"17:50:00"	"2015-10-01"	"Beverley"	"Beautys Forte (IRE)"	"28.00"	"40.41"	"Handicap"	"10"	"12"	"Farley, Neil"	"Carroll, D"	"5f "	"6"	"10"	"8"	"10"
"17:15:00"	"2015-10-01"	"Beverley"	"Lorimers Lot (IRE)"	"9.00"	"11.23"	"Handicap"	"8"	"10"	"Fentiman, Duran"	"Walford, Mark"	"5f "	"6"	"8"	"6"	"17"
"17:20:00"	"2015-09-30"	"Nottingham"	"Flashy Queen (IRE)"	"12.00"	"15.85"	"Handicap"	"1"	"16"	"Greatrex, Edward"	"Tuite, Joseph"	"5f "	"5"	"7"	"3"	"9"
"17:20:00"	"2015-09-30"	"Nottingham"	"Red Invader (IRE)"	"9.00"	"9.95"	"Handicap"	"13"	"16"	"Shepherd, Callum"	"DArcy, P W"	"5f "	"5"	"7"	"3"	"8"
"16:50:00"	"2015-09-30"	"Nottingham"	"Whozthecat (IRE)"	"40.00"	"66.4"	"Handicap"	"1"	"17"	"Hamilton, Tony"	"Carroll, D"	"6f "	"3"	"4"	"7"	"13"
"16:50:00"	"2015-09-30"	"Nottingham"	"Nezar (IRE)"	"20.00"	"25.47"	"Handicap"	"6"	"17"	"Doyle, Joe"	"Quinn, J J"	"6f "	"3"	"6"	"11"	"16"
"16:50:00"	"2015-09-30"	"Nottingham"	"Ambitious Icarus"	"33.00"	"45.18"	"Handicap"	"7"	"17"	"Mathers, Patrick"	"Guest, R C"	"6f "	"3"	"6"	"8"	"16"
"16:50:00"	"2015-09-30"	"Nottingham"	"Jan Van Hoof (IRE)"	"2.00"	"3.25"	"Handicap"	"8"	"17"	"Garritty, Jack"	"Fahey, R A"	"6f "	"3"	"6"	"2"	"16"
"16:50:00"	"2015-09-30"	"Nottingham"	"Cadeaux Power"	"10.00"	"13"	"Handicap"	"12"	"17"	"Tudhope, Daniel"	"Easterby, T D"	"6f "	"3"	"4"	"3"	"13"
"16:50:00"	"2015-09-30"	"Nottingham"	"Soul Brother (IRE)"	"22.00"	"38"	"Handicap"	"17"	"17"	"Allan, David"	"Easterby, T D"	"6f "	"3"	"6"	"1"	"11"
"16:25:00"	"2015-09-29"	"Ayr"	"Circuitous"	"5.00"	"7.07"	"Handicap"	"4"	"13"	"Fanning, Joe"	"Dalgleish, Keith"	"6f "	"5"	"8"	"2"	"10"
"16:25:00"	"2015-09-29"	"Ayr"	"Saxonette"	"25.00"	"38.69"	"Handicap"	"7"	"13"	"McHugh, B"	"Perratt, Miss L A"	"6f "	"5"	"2"	"1"	"8"
"16:25:00"	"2015-09-29"	"Ayr"	"Jinky"	"11.00"	"14.91"	"Handicap"	"9"	"13"	"Eaves, Tom"	"Perratt, Miss L A"	"6f "	"5"	"9"	"2"	"8"
"16:25:00"	"2015-09-29"	"Ayr"	"Rock Canyon (IRE)"	"33.00"	"55.93"	"Handicap"	"10"	"13"	"Chaloner, G"	"Perratt, Miss L A"	"6f "	"5"	"8"	"10"	"10"
"15:20:00"	"2015-09-28"	"Hamilton"	"Tango Sky (IRE)"	"2.00"	"3.4"	"Claimer"	"2"	"7"	"Lee, G"	"Midgley, P T"	"6f "	"6"	"2"	"2"	"15"
"14:50:00"	"2015-09-28"	"Hamilton"	"Majestic Manannan (IRE)"	"3.33"	"4.79"	"Handicap"	"2"	"8"	"Mulrennan, Paul"	"Nicholls, D"	"5f "	"6"	"8"	"2"	"10"
"14:50:00"	"2015-09-28"	"Hamilton"	"Ya Boy Sir (IRE)"	"7.00"	"8.15"	"Handicap"	"4"	"8"	"Hamilton, Tony"	"Jardine, I"	"5f "	"6"	"1"	"7"	"8"
"14:50:00"	"2015-09-28"	"Hamilton"	"Irish Girls Spirit (IRE)"	"2.75"	"3.8"	"Handicap"	"6"	"8"	"Scott, Rowan"	"Midgley, P T"	"5f "	"6"	"1"	"4"	"8"
"14:50:00"	"2015-09-28"	"Hamilton"	"Henry Morgan"	"4.50"	"5.47"	"Handicap"	"7"	"8"	"Eaves, Tom"	"Brown, D H"	"5f "	"6"	"8"	"9"	"10"
"14:50:00"	"2015-09-28"	"Hamilton"	"Bannock Town"	"100.00"	"325.16"	"Handicap"	"8"	"8"	"Bell, Samantha"	"Perratt, Miss L A"	"5f "	"6"	"7"	"11"	"11"
"17:45:00"	"2015-09-27"	"Musselburgh"	"Calypso Music"	"8.00"	"11.34"	"Handicap"	"7"	"8"	"Grant, Rachael"	"Goldie, J S"	"5f "	"6"	"7"	"6"	"8"
"17:15:00"	"2015-09-27"	"Musselburgh"	"Saxonette"	"7.00"	"9.42"	"Handicap"	"1"	"8"	"Vaughan, Jordan"	"Perratt, Miss L A"	"5f "	"6"	"6"	"4"	"11"
"17:15:00"	"2015-09-27"	"Musselburgh"	"Gaelic Wizard (IRE)"	"1.88"	"2.86"	"Handicap"	"2"	"8"	"Tutty, Gemma"	"Tutty, Mrs K J"	"5f "	"6"	"7"	"1"	"10"
"17:15:00"	"2015-09-27"	"Musselburgh"	"Irish Girls Spirit (IRE)"	"2.75"	"4.05"	"Handicap"	"4"	"8"	"Scott, Rowan"	"Midgley, P T"	"5f "	"6"	"7"	"1"	"8"
"17:15:00"	"2015-09-27"	"Musselburgh"	"Busy Bimbo (IRE)"	"8.00"	"11.5"	"Handicap"	"5"	"8"	"Doyle, Joe"	"Berry, A"	"5f "	"6"	"7"	"3"	"10"
"17:15:00"	"2015-09-27"	"Musselburgh"	"Ya Boy Sir (IRE)"	"12.00"	"15.27"	"Handicap"	"7"	"8"	"Currie, Kyle"	"Jardine, I"	"5f "	"6"	"7"	"4"	"10"
"17:15:00"	"2015-09-27"	"Musselburgh"	"Jumbo Steps (IRE)"	"7.00"	"10.42"	"Handicap"	"8"	"8"	"Grant, Rachael"	"Goldie, J S"	"5f "	"6"	"7"	"5"	"10"
"17:30:00"	"2015-09-26"	"Ripon"	"Keep It Dark"	"4.50"	"6.41"	"Handicap"	"1"	"11"	"McHugh, B"	"Coyle, Tony"	"5f "	"4"	"3"	"2"	"17"
"17:30:00"	"2015-09-26"	"Ripon"	"Avon Breeze"	"9.00"	"12"	"Handicap"	"5"	"11"	"Butterfield, Mr J"	"Whitaker, R M"	"5f "	"4"	"9"	"5"	"9"
"15:20:00"	"2015-09-26"	"Haydock"	"Flyman"	"7.50"	"10.46"	"Handicap"	"5"	"16"	"Havlin, Robert"	"OMeara, D"	"6f "	"3"	"8"	"4"	"25"
"15:20:00"	"2015-09-26"	"Haydock"	"Guishan"	"16.00"	"19.33"	"Handicap"	"7"	"16"	"Mullen, Andrew"	"Appleby, M"	"6f "	"3"	"9"	"3"	"9"
"15:20:00"	"2015-09-26"	"Haydock"	"Barkston Ash"	"25.00"	"44"	"Handicap"	"9"	"16"	"Farley, Neil"	"Alston, E J"	"6f "	"3"	"2"	"15"	"16"
"15:20:00"	"2015-09-26"	"Haydock"	"Harwoods Volante (IRE)"	"7.50"	"9.42"	"Handicap"	"13"	"16"	"Kelly, Shane"	"OMeara, D"	"6f "	"3"	"7"	"7"	"13"
"15:20:00"	"2015-09-26"	"Haydock"	"Fast Shot"	"7.50"	"10.5"	"Handicap"	"16"	"16"	"Allan, David"	"Easterby, T D"	"6f "	"3"	"8"	"9"	"25"
"14:40:00"	"2015-09-26"	"Ripon"	"Indego Blues"	"14.00"	"16.44"	"Handicap"	"6"	"15"	"Hesketh, Miss A"	"Nicholls, D"	"6f "	"5"	"9"	"13"	"14"
"14:40:00"	"2015-09-26"	"Ripon"	"Ypres"	"12.00"	"15.15"	"Handicap"	"12"	"15"	"Fitzpatrick, Rob J"	"Ward, Jason"	"6f "	"5"	"7"	"12"	"12"
"14:40:00"	"2015-09-26"	"Ripon"	"Hardy Black (IRE)"	"7.00"	"8.66"	"Handicap"	"13"	"15"	"Shepherd, Callum"	"Frost, Kevin"	"6f "	"5"	"7"	"4"	"12"
"15:35:00"	"2015-09-24"	"Cork"	"Barbeque (IRE)"	"4.50"	"6"	"Handicap"	"5"	"11"	"Lordan, W M"	"Stack, T"	"5f "	"0"	"6"	"6"	"14"
"15:00:00"	"2015-09-24"	"Cork"	"Apache Gold (IRE)"	"6.00"	"7.6"	"Handicap"	"1"	"10"	"Cleary, R P"	"Walsh, John J"	"6f "	"0"	"6"	"7"	"14"
"18:05:00"	"2015-09-23"	"Redcar"	"French Press (IRE)"	"1.75"	"2.83"	"Handicap"	"1"	"19"	"Mullen, Andrew"	"Appleby, M"	"6f "	"6"	"6"	"1"	"11"
"18:05:00"	"2015-09-23"	"Redcar"	"Orient Sky"	"9.00"	"9.85"	"Handicap"	"2"	"19"	"McHugh, B"	"Midgley, P T"	"6f "	"6"	"2"	"2"	"11"
"18:05:00"	"2015-09-23"	"Redcar"	"Goadby"	"16.00"	"30"	"Handicap"	"5"	"19"	"Ffrench, Royston"	"Holt, J R"	"6f "	"6"	"8"	"2"	"11"
"18:05:00"	"2015-09-23"	"Redcar"	"Munjally"	"14.00"	"18.5"	"Handicap"	"8"	"19"	"Garritty, Jack"	"Holmes, P F"	"6f "	"6"	"8"	"4"	"11"
"18:05:00"	"2015-09-23"	"Redcar"	"Teetotal (IRE)"	"7.00"	"8.89"	"Handicap"	"17"	"19"	"Sousa, Silvestre De"	"Tinkler, N"	"6f "	"6"	"6"	"3"	"7"
"17:25:00"	"2015-09-23"	"Goodwood"	"Threave"	"1.50"	"2.27"	"Handicap"	"1"	"8"	"Mahon, Gary"	"Crowley, Miss Jo"	"5f "	"5"	"7"	"1"	"9"
"17:25:00"	"2015-09-23"	"Goodwood"	"Whitecrest"	"12.00"	"15.51"	"Handicap"	"UR"	"8"	"Nicholls, Miss M"	"Spearing, J L"	"5f "	"5"	"7"	"5"	"9"
"17:05:00"	"2015-09-23"	"Redcar"	"Laylas Hero (IRE)"	"7.00"	"9.63"	"Seller"	"1"	"14"	"Mulrennan, Paul"	"Nicholls, D"	"1m "	"5"	"8"	"10"	"14"
"17:05:00"	"2015-09-23"	"Redcar"	"Victoire De Lyphar (IRE)"	"1.88"	"3.31"	"Seller"	"3"	"14"	"Sullivan, James P"	"Carr, Mrs R A"	"1m "	"5"	"4"	"8"	"13"
"16:55:00"	"2015-09-23"	"Goodwood"	"Perfect Pastime"	"7.00"	"10"	"Handicap"	"5"	"9"	"Cosgrave, Pat"	"Boyle, J R"	"6f "	"4"	"9"	"1"	"9"
"15:20:00"	"2015-09-23"	"Redcar"	"Keep It Dark"	"6.50"	"8.87"	"Handicap"	"2"	"17"	"McHugh, B"	"Coyle, Tony"	"5f "	"5"	"7"	"1"	"8"
"15:20:00"	"2015-09-23"	"Redcar"	"Lazy Sioux"	"16.00"	"19.29"	"Handicap"	"4"	"17"	"Tutty, Gemma"	"Tutty, Mrs K J"	"5f "	"5"	"8"	"7"	"11"
"15:20:00"	"2015-09-23"	"Redcar"	"Windforpower (IRE)"	"20.00"	"31.65"	"Handicap"	"7"	"17"	"Hamilton, Tony"	"Waggott, Miss Tracy"	"5f "	"5"	"7"	"8"	"8"
"14:50:00"	"2015-09-23"	"Naas"	"Hard Times (IRE)"	"10.00"	"10.19"	"Handicap"	"5"	"20"	"Carroll, G F"	"Levins, J F"	"6f "	"0"	"3"	"3"	"16"
"14:50:00"	"2015-09-23"	"Naas"	"Jealika (IRE)"	"3.33"	"4.77"	"Handicap"	"13"	"20"	"Hoban, Connor"	"Fahey, Mark"	"6f "	"0"	"5"	"1"	"14"
"14:50:00"	"2015-09-23"	"Naas"	"Aye Aye Skipper (IRE)"	"10.00"	"14.5"	"Handicap"	"14"	"20"	"OConnor, Donagh"	"Levins, J F"	"6f "	"0"	"3"	"12"	"15"
"14:50:00"	"2015-09-23"	"Naas"	"Serious (IRE)"	"33.00"	"394.32"	"Handicap"	"16"	"20"	"Leonard, Killian"	"Christie, D M"	"6f "	"0"	"10"	"5"	"6"
"15:00:00"	"2015-09-22"	"Beverley"	"Pipers Note"	"2.75"	"4.3"	"Non-Handicap"	"2"	"6"	"Chaloner, G"	"Whitaker, R M"	"5f "	"3"	"10"	"8"	"20"
"15:00:00"	"2015-09-22"	"Beverley"	"Line Of Reason (IRE)"	"1.25"	"2.5"	"Non-Handicap"	"5"	"6"	"Mulrennan, Paul"	"Midgley, P T"	"5f "	"3"	"9"	"7"	"12"
"14:50:00"	"2015-09-21"	"Hamilton"	"Gold Beau (FR)"	"5.00"	"6.03"	"Handicap"	"1"	"11"	"Butterfield, Mr J"	"Stubbs, Kristin"	"6f "	"6"	"4"	"5"	"8"
"14:50:00"	"2015-09-21"	"Hamilton"	"Saxonette"	"8.50"	"10.83"	"Handicap"	"4"	"11"	"Tudhope, Daniel"	"Perratt, Miss L A"	"6f "	"6"	"4"	"7"	"15"
"14:50:00"	"2015-09-21"	"Hamilton"	"Pitt Rivers"	"3.50"	"5.39"	"Handicap"	"7"	"11"	"McDonald, P J"	"Perratt, Miss L A"	"6f "	"6"	"4"	"5"	"12"
"14:50:00"	"2015-09-21"	"Hamilton"	"Bannock Town"	"150.00"	"1000"	"Handicap"	"11"	"11"	"McHugh, B"	"Perratt, Miss L A"	"6f "	"6"	"4"	"14"	"14"
"14:20:00"	"2015-09-21"	"Hamilton"	"Circuitous"	"2.75"	"3.72"	"Handicap"	"2"	"10"	"Fanning, Joe"	"Dalgleish, Keith"	"6f "	"6"	"4"	"3"	"14"
"14:20:00"	"2015-09-21"	"Hamilton"	"Beautys Forte (IRE)"	"28.00"	"30.84"	"Handicap"	"8"	"10"	"Farley, Neil"	"Carroll, D"	"6f "	"6"	"1"	"8"	"8"
"14:20:00"	"2015-09-21"	"Hamilton"	"Rock Canyon (IRE)"	"8.00"	"9.58"	"Handicap"	"10"	"10"	"Tudhope, Daniel"	"Perratt, Miss L A"	"6f "	"6"	"4"	"1"	"15"
"17:20:00"	"2015-09-20"	"Hamilton"	"Majestic Manannan (IRE)"	"10.00"	"11.88"	"Handicap"	"2"	"10"	"Ffrench, Royston"	"Nicholls, D"	"5f "	"6"	"3"	"15"	"15"
"17:20:00"	"2015-09-20"	"Hamilton"	"Busy Bimbo (IRE)"	"8.00"	"9.4"	"Handicap"	"3"	"10"	"Doyle, Joe"	"Berry, A"	"5f "	"6"	"5"	"6"	"11"
"17:20:00"	"2015-09-20"	"Hamilton"	"Ya Boy Sir (IRE)"	"12.00"	"15.56"	"Handicap"	"4"	"10"	"Mullen, Andrew"	"Jardine, I"	"5f "	"6"	"8"	"8"	"9"
"17:20:00"	"2015-09-20"	"Hamilton"	"Jumbo Steps (IRE)"	"6.00"	"8.28"	"Handicap"	"5"	"10"	"Lynch, Fergal"	"Goldie, J S"	"5f "	"6"	"8"	"3"	"9"
"16:50:00"	"2015-09-20"	"Hamilton"	"Calypso Music"	"10.00"	"12.02"	"Handicap"	"6"	"8"	"Lynch, Fergal"	"Goldie, J S"	"5f "	"6"	"8"	"4"	"9"
"16:50:00"	"2015-09-20"	"Hamilton"	"Sartori"	"3.50"	"4.6"	"Handicap"	"7"	"8"	"Tudhope, Daniel"	"Fife, Mrs Marjorie"	"5f "	"6"	"5"	"2"	"11"
"14:50:00"	"2015-09-20"	"Hamilton"	"Alexandrakollontai (IRE)"	"7.50"	"8.87"	"Handicap"	"1"	"6"	"Sullivan, James P"	"Whillans, A C"	"6f "	"3"	"8"	"5"	"7"
"14:20:00"	"2015-09-20"	"Hamilton"	"Jinky"	"6.50"	"7.91"	"Handicap"	"2"	"8"	"Fanning, Joe"	"Perratt, Miss L A"	"6f "	"5"	"3"	"4"	"15"
"16:25:00"	"2015-09-19"	"Newmarket (Rowley)"	"Duke Cosimo"	"16.00"	"24"	"Handicap"	"11"	"12"	"Dwyer, Martin"	"Barron, T D"	"6f "	"4"	"9"	"20"	"20"
"15:40:00"	"2015-09-18"	"Ayr"	"Fredricka"	"7.50"	"8.84"	"Handicap"	"6"	"24"	"Allan, David"	"Furtado, Ivan"	"5f "	"4"	"9"	"3"	"15"
"15:40:00"	"2015-09-18"	"Ayr"	"Apricot Sky"	"22.00"	"38"	"Handicap"	"9"	"24"	"Nicholls, Adrian T"	"Nicholls, D"	"5f "	"4"	"6"	"4"	"8"
"15:40:00"	"2015-09-18"	"Ayr"	"Money Team (IRE)"	"12.00"	"15.52"	"Handicap"	"10"	"24"	"Pilley, Mr P"	"Barron, T D"	"5f "	"4"	"9"	"4"	"15"
"15:40:00"	"2015-09-18"	"Ayr"	"Searchlight"	"50.00"	"103.53"	"Handicap"	"14"	"24"	"Gray, S A"	"Ryan, K A"	"5f "	"4"	"9"	"12"	"15"
"15:40:00"	"2015-09-18"	"Ayr"	"Pea Shooter"	"20.00"	"22.07"	"Handicap"	"23"	"24"	"Nason, Jordan"	"Nicholls, D"	"5f "	"4"	"2"	"2"	"8"
"16:00:00"	"2015-09-17"	"Ayr"	"Ill Be Good"	"7.00"	"7.96"	"Handicap"	"8"	"15"	"Garritty, Jack"	"Berry, A"	"5f "	"5"	"5"	"1"	"8"
"16:00:00"	"2015-09-17"	"Ayr"	"Chookies Lass"	"9.00"	"12.1"	"Handicap"	"12"	"15"	"Makin, Phillip"	"Dalgleish, Keith"	"5f "	"5"	"5"	"5"	"9"
"16:00:00"	"2015-09-17"	"Ayr"	"Galvanize"	"25.00"	"29.2"	"Handicap"	"14"	"15"	"Costello, Dougie"	"Wilson, N"	"5f "	"5"	"9"	"8"	"11"
"16:50:00"	"2015-09-16"	"Beverley"	"Keep It Dark"	"4.00"	"4.23"	"Handicap"	"1"	"8"	"Mathers, Patrick"	"Coyle, Tony"	"5f "	"5"	"4"	"2"	"8"
"16:50:00"	"2015-09-16"	"Beverley"	"Pea Shooter"	"8.00"	"8.26"	"Handicap"	"2"	"8"	"Golam, Saleem"	"Nicholls, D"	"5f "	"5"	"7"	"6"	"10"
"14:25:00"	"2015-09-16"	"Yarmouth"	"Acclio (IRE)"	"3.50"	"4.93"	"Handicap"	"1"	"7"	"Steward, Louis"	"Brittain, C E"	"6f "	"5"	"5"	"5"	"9"
"13:45:00"	"2015-09-16"	"Sandown"	"Whitecrest"	"10.00"	"14.5"	"Handicap"	"5"	"9"	"Mahon, Gary"	"Spearing, J L"	"5f "	"5"	"5"	"8"	"13"
"13:45:00"	"2015-09-16"	"Sandown"	"Costa Filey"	"2.50"	"3.85"	"Handicap"	"6"	"9"	"Sweeney, Fergus"	"Vaughan, E F"	"5f "	"5"	"5"	"2"	"13"
"18:15:00"	"2015-09-15"	"Carlisle"	"Another Royal"	"9.00"	"12.56"	"Handicap"	"3"	"8"	"Elliott, Andrew"	"Easterby, T D"	"6f "	"5"	"10"	"6"	"14"
"18:15:00"	"2015-09-15"	"Carlisle"	"Mercers Row"	"3.50"	"5.16"	"Handicap"	"6"	"8"	"Hornby, Rob"	"Herrington,M "	"6f "	"5"	"7"	"1"	"11"
"16:50:00"	"2015-09-15"	"Yarmouth"	"Emjayem"	"3.00"	"5"	"Handicap"	"1"	"6"	"Hanagan, Paul"	"McMahon, E S"	"5f "	"4"	"8"	"2"	"14"
"16:20:00"	"2015-09-15"	"Yarmouth"	"Barracuda Boy (IRE)"	"7.00"	"8.2"	"Non-Handicap"	"1"	"6"	"Kingscote, Richard"	"Dascombe, Tom"	"6f "	"3"	"7"	"3"	"5"
"15:40:00"	"2015-09-15"	"Chepstow"	"Port Lairge"	"2.75"	"3.85"	"Handicap"	"4"	"9"	"Marquand, Tom"	"Gallagher, J"	"7f "	"4"	"8"	"3"	"6"
"15:40:00"	"2015-09-15"	"Chepstow"	"Sarangoo"	"4.50"	"6.21"	"Handicap"	"8"	"9"	"Gannon, Catherine"	"Saunders, M S"	"7f "	"4"	"4"	"4"	"9"
"15:30:00"	"2015-09-15"	"Catterick"	"Coiste BoDhar (IRE)"	"7.00"	"8.65"	"Handicap"	"8"	"11"	"ODonnell, P C"	"Dixon, Scott"	"5f "	"6"	"10"	"11"	"14"
"16:15:00"	"2015-09-12"	"Musselburgh"	"Calypso Music"	"10.00"	"11.4"	"Handicap"	"4"	"9"	"Bell, Samantha"	"Goldie, J S"	"5f "	"6"	"8"	"9"	"10"
"16:15:00"	"2015-09-12"	"Musselburgh"	"Ya Boy Sir (IRE)"	"9.00"	"12.66"	"Handicap"	"8"	"9"	"Whillans, Garry"	"Jardine, I"	"5f "	"6"	"8"	"6"	"10"
"14:25:00"	"2015-09-12"	"Lingfield"	"Rufford (IRE)"	"16.00"	"20.2"	"Handicap"	"8"	"8"	"Donohoe, Stephen"	"Carter, Lee"	"7f "	"4"	"8"	"12"	"16"
"14:20:00"	"2015-09-11"	"Sandown"	"Silverrica (IRE)"	"5.50"	"7.4"	"Handicap"	"1"	"13"	"Cox, Georgia"	"Saunders, M S"	"5f "	"5"	"9"	"1"	"9"
"14:20:00"	"2015-09-11"	"Sandown"	"Langley Vale"	"25.00"	"32"	"Handicap"	"11"	"13"	"Sanders, Seb"	"Teal, R A"	"5f "	"5"	"10"	"4"	"9"
"18:00:00"	"2015-09-10"	"Doncaster"	"Whozthecat (IRE)"	"33.00"	"56.3"	"Handicap"	"9"	"20"	"Fanning, Joe"	"Carroll, D"	"6f "	"3"	"5"	"9"	"14"
"18:00:00"	"2015-09-10"	"Doncaster"	"See The Storm"	"25.00"	"40"	"Handicap"	"18"	"20"	"Gray, S A"	"Williams, Ian"	"6f "	"3"	"9"	"2"	"9"
"16:35:00"	"2015-09-10"	"Chepstow"	"Vincentti (IRE)"	"9.00"	"11.5"	"Handicap"	"4"	"10"	"Cosham, Matthew"	"Harris, R A"	"6f "	"4"	"9"	"3"	"9"
"16:00:00"	"2015-09-10"	"Chepstow"	"Paladin (IRE) (OLD)"	"6.00"	"7.15"	"Handicap"	"7"	"10"	"Greatrex, Edward"	"Davis, D J S Ffrench"	"1m "	"5"	"10"	"7"	"8"
"16:45:00"	"2015-09-09"	"Doncaster"	"Space Artist (IRE)"	"100.00"	"276.83"	"Handicap"	"14"	"15"	"Schofield, Kieran"	"Tinkler, N"	"5f "	"4"	"5"	"12"	"12"
"17:20:00"	"2015-09-08"	"Redcar"	"Ypres"	"12.00"	"14.46"	"Handicap"	"3"	"11"	"Curtis, B A"	"Ward, Jason"	"6f "	"5"	"10"	"5"	"11"
"17:20:00"	"2015-09-08"	"Redcar"	"Half A Billion (IRE)"	"7.00"	"9.45"	"Handicap"	"10"	"11"	"McDonald, P J"	"Dods, M"	"6f "	"5"	"3"	"5"	"14"
"15:50:00"	"2015-09-08"	"Redcar"	"Dual Mac"	"6.50"	"8.1"	"Handicap"	"2"	"12"	"Swift, Mr Dale"	"Bycroft, N"	"1m "	"4"	"10"	"2"	"14"
"15:50:00"	"2015-09-08"	"Redcar"	"Zaeem"	"7.00"	"8.86"	"Handicap"	"6"	"12"	"Nolan, D"	"Furtado, Ivan"	"1m "	"4"	"10"	"3"	"7"
"15:50:00"	"2015-09-08"	"Redcar"	"Fieldgunner Kirkup (GER)"	"9.00"	"13.18"	"Handicap"	"8"	"12"	"Hornby, Rob"	"Barron, T D"	"1m "	"4"	"10"	"11"	"14"
"15:50:00"	"2015-09-08"	"Redcar"	"Abushamah (IRE)"	"5.50"	"6.6"	"Handicap"	"9"	"12"	"Sullivan, James P"	"Carr, Mrs R A"	"1m "	"4"	"10"	"1"	"7"
"15:50:00"	"2015-09-07"	"Windsor"	"Dominate"	"5.50"	"7.6"	"Handicap"	"6"	"14"	"Levey, S M"	"Hannon (Jnr), Richard"	"5f "	"4"	"7"	"6"	"9"
"16:15:00"	"2015-09-05"	"Thirsk"	"Orions Bow"	"9.00"	"11"	"Handicap"	"2"	"14"	"Nicholls, Adrian T"	"Nicholls, D"	"6f "	"4"	"8"	"5"	"11"
"16:15:00"	"2015-09-05"	"Thirsk"	"Indego Blues"	"16.00"	"21.88"	"Handicap"	"4"	"14"	"Quinn, Paul"	"Nicholls, D"	"6f "	"4"	"8"	"6"	"11"
"16:15:00"	"2015-09-05"	"Thirsk"	"Another Royal"	"10.00"	"14.06"	"Handicap"	"6"	"14"	"Hamilton, Tony"	"Easterby, T D"	"6f "	"4"	"8"	"2"	"8"
"16:15:00"	"2015-09-05"	"Thirsk"	"Coiste BoDhar (IRE)"	"11.00"	"13.69"	"Handicap"	"11"	"14"	"McLean, Adam"	"Dixon, Scott"	"6f "	"4"	"8"	"1"	"4"
"15:35:00"	"2015-09-05"	"Navan"	"Local Flier"	"6.00"	"8.4"	"Handicap"	"11"	"19"	"Leonard, Killian"	"McCourt, T G"	"6f "	"0"	"6"	"6"	"18"
"19:45:00"	"2015-09-04"	"Musselburgh"	"Fine n Dandy (IRE)"	"3.50"	"5.14"	"Handicap"	"1"	"10"	"Hamilton, Tony"	"Jenkins, J R"	"5f "	"6"	"8"	"2"	"10"
"19:45:00"	"2015-09-04"	"Musselburgh"	"Busy Bimbo (IRE)"	"8.00"	"9.8"	"Handicap"	"4"	"10"	"Doyle, Joe"	"Berry, A"	"5f "	"6"	"9"	"1"	"10"
"19:45:00"	"2015-09-04"	"Musselburgh"	"Ya Boy Sir (IRE)"	"8.00"	"10.5"	"Handicap"	"6"	"10"	"Mullen, Andrew"	"Jardine, I"	"5f "	"6"	"7"	"1"	"6"
"19:45:00"	"2015-09-04"	"Musselburgh"	"Saxonette"	"7.00"	"8.78"	"Handicap"	"7"	"10"	"McDonald, P J"	"Perratt, Miss L A"	"5f "	"6"	"8"	"1"	"10"
"17:15:00"	"2015-09-04"	"Musselburgh"	"Cosmic Chatter"	"2.00"	"3.17"	"Handicap"	"2"	"7"	"Sullivan, James P"	"Carr, Mrs R A"	"5f "	"5"	"6"	"1"	"11"
"17:15:00"	"2015-09-04"	"Musselburgh"	"Bunce (IRE)"	"12.00"	"15"	"Handicap"	"3"	"7"	"McDonald, P J"	"Perratt, Miss L A"	"5f "	"5"	"9"	"9"	"11"
"17:15:00"	"2015-09-04"	"Musselburgh"	"Ill Be Good"	"3.33"	"4.8"	"Handicap"	"4"	"7"	"Garritty, Jack"	"Berry, A"	"5f "	"5"	"9"	"4"	"11"
"17:15:00"	"2015-09-04"	"Musselburgh"	"Imperial Legend (IRE)"	"4.00"	"5.2"	"Handicap"	"6"	"7"	"Mullen, Andrew"	"Nicholls, D"	"5f "	"5"	"9"	"3"	"10"
"17:15:00"	"2015-09-04"	"Musselburgh"	"Rock Canyon (IRE)"	"20.00"	"22.61"	"Handicap"	"7"	"7"	"Fanning, Joe"	"Perratt, Miss L A"	"5f "	"5"	"7"	"5"	"6"
"17:00:00"	"2015-09-04"	"Newcastle"	"Haidees Reflection"	"3.00"	"4.5"	"Handicap"	"4"	"16"	"Eaves, Tom"	"Goldie, J S"	"7f "	"6"	"7"	"1"	"14"
"17:00:00"	"2015-09-04"	"Newcastle"	"Just The Tonic"	"25.00"	"42"	"Handicap"	"15"	"16"	"Evans, Nathan"	"Fife, Mrs Marjorie"	"7f "	"6"	"9"	"8"	"10"
"16:30:00"	"2015-09-04"	"Newcastle"	"Tancred (IRE)"	"12.00"	"23.14"	"Handicap"	"3"	"11"	"Turner, Hayley"	"Dore, C R"	"6f "	"6"	"10"	"6"	"6"
"16:30:00"	"2015-09-04"	"Newcastle"	"Amis Reunis"	"25.00"	"43.99"	"Handicap"	"4"	"11"	"Grundy, Nicola"	"Berry, A"	"6f "	"6"	"9"	"7"	"10"
"16:30:00"	"2015-09-04"	"Newcastle"	"Passionada"	"14.00"	"17.89"	"Handicap"	"9"	"11"	"Costello, Dougie"	"Ford, R"	"6f "	"6"	"7"	"7"	"9"
"16:30:00"	"2015-09-04"	"Newcastle"	"Aspirant"	"14.00"	"19"	"Handicap"	"11"	"11"	"Evans, Nathan"	"Fife, Mrs Marjorie"	"6f "	"6"	"6"	"9"	"15"
"15:35:00"	"2015-09-04"	"Haydock"	"Apricot Sky"	"7.00"	"8.8"	"Handicap"	"1"	"12"	"Hesketh, Miss A"	"Nicholls, D"	"5f "	"4"	"6"	"7"	"10"
"15:35:00"	"2015-09-04"	"Haydock"	"Noble Asset"	"10.00"	"12.5"	"Handicap"	"4"	"12"	"Latham, K"	"Quinn, J J"	"5f "	"4"	"9"	"3"	"11"
"15:00:00"	"2015-09-04"	"Haydock"	"Harwoods Volante (IRE)"	"8.00"	"10"	"Handicap"	"2"	"16"	"Makin, Phillip"	"OMeara, D"	"6f "	"4"	"7"	"9"	"20"
"15:00:00"	"2015-09-04"	"Haydock"	"Barkston Ash"	"25.00"	"40"	"Handicap"	"7"	"16"	"Farley, Neil"	"Alston, E J"	"6f "	"4"	"7"	"17"	"20"
"15:00:00"	"2015-09-04"	"Haydock"	"Art Obsession (IRE)"	"7.00"	"9.01"	"Handicap"	"9"	"16"	"Gibbons, Graham"	"Barron, T D"	"6f "	"4"	"7"	"7"	"12"
"14:40:00"	"2015-09-04"	"Ascot"	"Whaleweigh Station"	"25.00"	"34"	"Handicap"	"8"	"16"	"Spencer, Jamie"	"Jenkins, J R"	"6f "	"4"	"9"	"8"	"8"
"14:40:00"	"2015-09-04"	"Ascot"	"Fantasy Justifier (IRE)"	"8.00"	"10.97"	"Handicap"	"14"	"16"	"Sousa, Silvestre De"	"Harris, R A"	"6f "	"4"	"9"	"5"	"6"
"17:20:00"	"2015-09-03"	"Salisbury"	"Welsh Inlet (IRE)"	"10.00"	"14.38"	"Handicap"	"2"	"9"	"Pilley, Mr P"	"Bridger, J / Cook, R"	"1m "	"5"	"9"	"1"	"4"
"17:20:00"	"2015-09-03"	"Salisbury"	"Lady Bayside"	"4.50"	"6.4"	"Handicap"	"5"	"9"	"ODonnell, P C"	"Saunders, M S"	"1m "	"5"	"3"	"2"	"10"
"17:20:00"	"2015-09-03"	"Salisbury"	"Bountybeamadam"	"4.50"	"5.8"	"Handicap"	"7"	"9"	"Meehan, Chris"	"Baker, George"	"1m "	"5"	"3"	"2"	"9"
"17:20:00"	"2015-09-03"	"Salisbury"	"Thane of Cawdor (IRE)"	"16.00"	"22"	"Handicap"	"8"	"9"	"Scott, Rowan"	"Tuite, Joseph"	"1m "	"5"	"10"	"5"	"13"
"17:35:00"	"2015-09-01"	"Hamilton"	"French Press (IRE)"	"0.62"	"1.66"	"Handicap"	"1"	"9"	"Brotherton, Miss S"	"Appleby, M"	"6f "	"6"	"7"	"1"	"9"
"17:35:00"	"2015-09-01"	"Hamilton"	"Raise A Billion"	"16.00"	"25.94"	"Handicap"	"3"	"9"	"Murtagh, Lorcan"	"Berry, A"	"6f "	"6"	"4"	"4"	"10"
"17:35:00"	"2015-09-01"	"Hamilton"	"Cadeaux Pearl"	"16.00"	"24"	"Handicap"	"4"	"9"	"Locking, Mr K"	"Dixon, Scott"	"6f "	"6"	"6"	"2"	"10"
"17:35:00"	"2015-09-01"	"Hamilton"	"Pitt Rivers"	"25.00"	"42.02"	"Handicap"	"5"	"9"	"Wood, Mr K"	"Perratt, Miss L A"	"6f "	"6"	"4"	"8"	"10"
"16:55:00"	"2015-09-01"	"Goodwood"	"Pettochside"	"3.50"	"5.02"	"Handicap"	"1"	"9"	"Hardie, Cameron"	"Gordon, C"	"6f "	"4"	"4"	"1"	"8"
"16:55:00"	"2015-09-01"	"Goodwood"	"Vincentti (IRE)"	"9.00"	"12.39"	"Handicap"	"3"	"9"	"Cosham, Matthew"	"Harris, R A"	"6f "	"4"	"9"	"1"	"8"
"17:35:00"	"2015-08-31"	"Chepstow"	"Barista (IRE)"	"10.00"	"16.75"	"Handicap"	"1"	"9"	"Cremin, D"	"Forsey, B"	"7f "	"6"	"6"	"3"	"7"
"17:35:00"	"2015-08-31"	"Chepstow"	"Bountybeamadam"	"2.25"	"3.38"	"Handicap"	"2"	"9"	"Meehan, Chris"	"Baker, George"	"7f "	"6"	"6"	"2"	"7"
"17:35:00"	"2015-08-31"	"Chepstow"	"Telegraph (IRE)"	"12.00"	"16.5"	"Handicap"	"7"	"9"	"Gannon, Catherine"	"Evans, P D"	"7f "	"6"	"7"	"4"	"8"
"17:05:00"	"2015-08-31"	"Chepstow"	"Heartsong (IRE)"	"10.00"	"11.67"	"Handicap"	"1"	"9"	"Murphy, Michael J M"	"Gallagher, J"	"6f "	"4"	"8"	"4"	"8"
"17:05:00"	"2015-08-31"	"Chepstow"	"Bonjour Steve"	"6.50"	"8.51"	"Handicap"	"4"	"9"	"Marquand, Tom"	"Price, R J"	"6f "	"4"	"6"	"2"	"6"
"17:05:00"	"2015-08-31"	"Chepstow"	"Midnight Rider (IRE)"	"10.00"	"12.87"	"Handicap"	"5"	"9"	"Vaughan, Jordan"	"Millman, B R"	"6f "	"4"	"3"	"4"	"5"
"16:40:00"	"2015-08-31"	"Newcastle"	"Monel"	"10.00"	"12.53"	"Handicap"	"2"	"14"	"Lynch, Fergal"	"Goldie, J S"	"6f "	"5"	"3"	"4"	"9"
"16:40:00"	"2015-08-31"	"Newcastle"	"Steventon Star"	"9.00"	"14.49"	"Handicap"	"7"	"14"	"Gray, S A"	"Ryan, K A"	"6f "	"5"	"7"	"5"	"6"
"15:00:00"	"2015-08-31"	"Newcastle"	"Royal Duchess"	"3.50"	"4.52"	"Handicap"	"2"	"6"	"Bell, Samantha"	"Normile, Mrs L B"	"7f "	"5"	"3"	"3"	"9"
"13:50:00"	"2015-08-31"	"Newcastle"	"Shearian"	"4.50"	"5.8"	"Claimer"	"2"	"8"	"Ffrench, Royston"	"Waggott, Miss Tracy"	"1m "	"6"	"3"	"10"	"11"
"13:50:00"	"2015-08-31"	"Newcastle"	"Im Super Too (IRE)"	"7.50"	"9.85"	"Claimer"	"3"	"8"	"Tutty, Gemma"	"Tutty, Mrs K J"	"1m "	"6"	"7"	"5"	"10"
"17:20:00"	"2015-08-30"	"Curragh"	"Tylery Wonder (IRE)"	"8.00"	"11.63"	"Handicap"	"14"	"18"	"Lee, W J"	"McCreery, W"	"6f "	"0"	"7"	"3"	"9"
"17:15:00"	"2015-08-30"	"Goodwood"	"Borough Boy (IRE)"	"4.00"	"5.81"	"Handicap"	"3"	"6"	"Swift, Mr Dale"	"Shaw, D"	"5f "	"5"	"8"	"1"	"8"
"15:15:00"	"2015-08-30"	"Yarmouth"	"Guaracha"	"16.00"	"21.53"	"Handicap"	"6"	"11"	"Norton, Francis"	"Brittain, C E"	"1m "	"4"	"9"	"4"	"7"
"14:40:00"	"2015-08-30"	"Yarmouth"	"Monsieur Jamie"	"5.00"	"7.81"	"Handicap"	"9"	"9"	"Hanagan, Paul"	"Jenkins, J R"	"6f "	"5"	"10"	"1"	"5"
"18:10:00"	"2015-08-29"	"Newmarket (July)"	"Ballesteros"	"4.50"	"6.61"	"Handicap"	"4"	"9"	"Mulrennan, Paul"	"Fahey, R A"	"5f "	"4"	"7"	"1"	"13"
"15:30:00"	"2015-08-29"	"Beverley"	"Apricot Sky"	"4.00"	"5.46"	"Handicap"	"7"	"10"	"Hesketh, Miss A"	"Nicholls, D"	"5f "	"5"	"9"	"1"	"7"
"14:55:00"	"2015-08-29"	"Beverley"	"El Viento (FR)"	"4.50"	"5.98"	"Handicap"	"2"	"11"	"Garritty, Jack"	"Fahey, R A"	"5f "	"5"	"8"	"1"	"7"
"14:55:00"	"2015-08-29"	"Beverley"	"Keep It Dark"	"9.00"	"10.5"	"Handicap"	"8"	"11"	"McHugh, B"	"Coyle, Tony"	"5f "	"5"	"3"	"7"	"10"
"20:05:00"	"2015-08-28"	"Hamilton"	"Ya Boy Sir (IRE)"	"6.00"	"7.2"	"Handicap"	"1"	"6"	"Mullen, Andrew"	"Jardine, I"	"5f "	"6"	"1"	"3"	"10"
"20:05:00"	"2015-08-28"	"Hamilton"	"Henry Morgan"	"2.75"	"4.41"	"Handicap"	"2"	"6"	"Eaves, Tom"	"Brown, D H"	"5f "	"6"	"8"	"4"	"7"
"20:05:00"	"2015-08-28"	"Hamilton"	"Lizzys Dream"	"4.00"	"5.2"	"Handicap"	"3"	"6"	"Doyle, Joe"	"Bastiman, Rebecca"	"5f "	"6"	"1"	"5"	"10"
"19:20:00"	"2015-08-28"	"Newcastle"	"Royal Holiday (IRE)"	"6.50"	"8.42"	"Handicap"	"2"	"14"	"Butterfield, Mr J"	"Fife, Mrs Marjorie"	"1m "	"5"	"4"	"1"	"10"
"19:20:00"	"2015-08-28"	"Newcastle"	"Leonard Thomas"	"16.00"	"24.64"	"Handicap"	"3"	"14"	"Haynes, Joey"	"Carroll, A W"	"1m "	"5"	"7"	"6"	"7"
"19:20:00"	"2015-08-28"	"Newcastle"	"Rosy Ryan (IRE)"	"5.00"	"7.4"	"Handicap"	"9"	"14"	"Lee, G"	"Jackson, Miss T"	"1m "	"5"	"10"	"2"	"12"
"18:25:00"	"2015-08-28"	"Hamilton"	"Guishan"	"8.00"	"10.27"	"Handicap"	"1"	"12"	"Mullen, Andrew"	"Appleby, M"	"6f "	"3"	"10"	"10"	"13"
"18:25:00"	"2015-08-28"	"Hamilton"	"Cadeaux Power"	"5.50"	"7.26"	"Handicap"	"2"	"12"	"Fentiman, Duran"	"Easterby, T D"	"6f "	"3"	"4"	"2"	"7"
"18:25:00"	"2015-08-28"	"Hamilton"	"Economic Crisis (IRE)"	"16.00"	"18.56"	"Handicap"	"4"	"12"	"Elliott, Andrew"	"Berry, A"	"6f "	"3"	"4"	"6"	"7"
"18:25:00"	"2015-08-28"	"Hamilton"	"Alexandrakollontai (IRE)"	"12.00"	"13.88"	"Handicap"	"5"	"12"	"Scott, Rowan"	"Whillans, A C"	"6f "	"3"	"8"	"14"	"14"
"18:25:00"	"2015-08-28"	"Hamilton"	"Jamesbos Girl"	"6.00"	"8.64"	"Handicap"	"6"	"12"	"Makin, Phillip"	"Barron, T D"	"6f "	"3"	"4"	"4"	"7"
"17:55:00"	"2015-08-28"	"Hamilton"	"Beautys Forte (IRE)"	"12.00"	"18"	"Handicap"	"5"	"10"	"Doyle, Joe"	"Carroll, D"	"6f "	"6"	"7"	"10"	"12"
"17:55:00"	"2015-08-28"	"Hamilton"	"Pitt Rivers"	"22.00"	"32"	"Handicap"	"8"	"10"	"Latham, K"	"Perratt, Miss L A"	"6f "	"6"	"8"	"7"	"14"
"17:50:00"	"2015-08-28"	"Newmarket (July)"	"Royal Mezyan (IRE)"	"20.00"	"29"	"Handicap"	"11"	"12"	"Steward, Louis"	"Spiller, Henry"	"6f "	"4"	"10"	"1"	"13"
"17:00:00"	"2015-08-28"	"Goodwood"	"Tidals Baby"	"10.00"	"15.13"	"Handicap"	"2"	"8"	"Brown, Thomas"	"Carter, Lee"	"6f "	"5"	"10"	"3"	"9"
"17:00:00"	"2015-08-28"	"Goodwood"	"Pensax Lad (IRE)"	"12.00"	"16"	"Handicap"	"6"	"8"	"Downing, George"	"Harris, R A"	"6f "	"5"	"8"	"2"	"10"
"15:50:00"	"2015-08-28"	"Ffos Las"	"Sir Billy Wright (IRE)"	"1.88"	"2.9"	"Handicap"	"3"	"5"	"Bates, Mr D J"	"Evans, P D"	"6f "	"3"	"9"	"1"	"8"
"15:25:00"	"2015-08-28"	"Thirsk"	"Harwoods Volante (IRE)"	"16.00"	"19.88"	"Handicap"	"9"	"20"	"Doyle, Josh"	"OMeara, D"	"6f "	"3"	"10"	"4"	"13"
"17:05:00"	"2015-08-27"	"Musselburgh"	"Clabare"	"10.00"	"12.68"	"Handicap"	"7"	"10"	"Farley, Neil"	"Semple, I"	"5f "	"6"	"7"	"7"	"7"
"18:45:00"	"2015-08-26"	"Bellewstown"	"Oor Jock (IRE)"	"7.00"	"10.5"	"Handicap"	"3"	"12"	"McDonogh, D P"	"McGuinness, Adrian"	"5f "	"0"	"9"	"9"	"13"
"18:45:00"	"2015-08-26"	"Bellewstown"	"Clear Focus (IRE)"	"7.00"	"8.71"	"Handicap"	"4"	"12"	"Cleary, R P"	"McCourt, T G"	"5f "	"0"	"3"	"3"	"10"
"18:45:00"	"2015-08-26"	"Bellewstown"	"Enter The Red (IRE)"	"4.50"	"6.36"	"Handicap"	"5"	"12"	"Berry, F M"	"Howard, Aidan Anthony"	"5f "	"0"	"8"	"1"	"14"
"18:45:00"	"2015-08-26"	"Bellewstown"	"Ask Dad"	"16.00"	"20.44"	"Handicap"	"9"	"12"	"OConnor, Donagh"	"English, Damian Joseph"	"5f "	"0"	"3"	"9"	"9"
"17:15:00"	"2015-08-26"	"Catterick"	"Busy Bimbo (IRE)"	"8.00"	"10"	"Handicap"	"1"	"10"	"Doyle, Joe"	"Berry, A"	"5f "	"5"	"6"	"3"	"7"
"17:15:00"	"2015-08-26"	"Catterick"	"Keep It Dark"	"6.50"	"8.42"	"Handicap"	"7"	"10"	"McHugh, B"	"Coyle, Tony"	"5f "	"5"	"9"	"7"	"14"
"17:00:00"	"2015-08-25"	"Chepstow"	"Edge (IRE)"	"3.00"	"4.66"	"Handicap"	"5"	"7"	"Williams, Jordan"	"Llewellyn, B J"	"1m "	"6"	"5"	"6"	"10"
"16:00:00"	"2015-08-25"	"Chepstow"	"Bonjour Steve"	"2.00"	"3.21"	"Handicap"	"2"	"6"	"Marquand, Tom"	"Price, R J"	"5f "	"5"	"7"	"12"	"13"
"16:00:00"	"2015-08-25"	"Chepstow"	"Whitecrest"	"6.00"	"10.28"	"Handicap"	"3"	"6"	"Jones, Mr A T"	"Spearing, J L"	"5f "	"5"	"4"	"3"	"7"
"16:00:00"	"2015-08-25"	"Chepstow"	"Oscars Journey"	"6.50"	"8.76"	"Handicap"	"4"	"6"	"Tylicki, Frederik"	"Jenkins, J R"	"5f "	"5"	"4"	"6"	"7"
"19:25:00"	"2015-08-24"	"Leicester"	"Steventon Star"	"1.00"	"2.1"	"Handicap"	"5"	"6"	"Spencer, Jamie"	"Ryan, K A"	"6f "	"5"	"8"	"3"	"13"
"19:10:00"	"2015-08-24"	"Carlisle"	"Bosham"	"4.50"	"5.83"	"Handicap"	"4"	"10"	"Evans, Nathan"	"Easterby, M W"	"5f "	"6"	"3"	"1"	"12"
"19:10:00"	"2015-08-24"	"Carlisle"	"Thornaby Princess"	"16.00"	"20.17"	"Handicap"	"7"	"10"	"Makin, Phillip"	"Fife, Mrs Marjorie"	"5f "	"6"	"10"	"10"	"12"
"19:10:00"	"2015-08-24"	"Carlisle"	"Lorimers Lot (IRE)"	"8.50"	"12.39"	"Handicap"	"9"	"10"	"Fentiman, Duran"	"Walford, Mark"	"5f "	"6"	"10"	"2"	"7"
"18:40:00"	"2015-08-24"	"Carlisle"	"Cadeaux Power"	"3.50"	"5.42"	"Handicap"	"2"	"7"	"Allan, David"	"Easterby, T D"	"6f "	"4"	"10"	"3"	"6"
"18:10:00"	"2015-08-24"	"Carlisle"	"Glen Lea (IRE)"	"28.00"	"38.95"	"Maiden"	"5"	"6"	"Corbett, James"	"Corbett, Mrs Susan"	"6f "	"5"	"8"	"5"	"7"
"16:40:00"	"2015-08-23"	"Curragh"	"Aye Aye Skipper (IRE)"	"2.00"	"3.25"	"Handicap"	"1"	"10"	"Carroll, G F"	"Levins, J F"	"6f "	"0"	"4"	"1"	"12"
"16:40:00"	"2015-08-23"	"Curragh"	"Battleroftheboyne (IRE)"	"3.50"	"5.4"	"Handicap"	"8"	"10"	"Downey, R P"	"Mulvany, Michael"	"6f "	"0"	"7"	"6"	"8"
"15:10:00"	"2015-08-23"	"Curragh"	"An Saighdiur (IRE)"	"8.00"	"11.5"	"Handicap"	"1"	"9"	"McDonogh, D P"	"Slattery, Andrew"	"6f "	"0"	"7"	"8"	"10"
"15:10:00"	"2015-08-23"	"Curragh"	"Have A Nice Day"	"3.33"	"4.2"	"Handicap"	"2"	"9"	"Roche, L F"	"Harty, Sabrina J"	"6f "	"0"	"7"	"2"	"10"
"15:10:00"	"2015-08-23"	"Curragh"	"Tylery Wonder (IRE)"	"5.00"	"7"	"Handicap"	"3"	"9"	"Lee, W J"	"McCreery, W"	"6f "	"0"	"7"	"4"	"8"
"15:10:00"	"2015-08-23"	"Curragh"	"Your Pal Tal"	"9.00"	"13.5"	"Handicap"	"6"	"9"	"Carroll, G F"	"Levins, J F"	"6f "	"0"	"7"	"7"	"8"
"15:10:00"	"2015-08-23"	"Curragh"	"Fast In The Wind (IRE)"	"8.00"	"9.8"	"Handicap"	"7"	"9"	"Hayes, C D"	"Deegan, P D"	"6f "	"0"	"7"	"5"	"8"
"15:25:00"	"2015-08-22"	"Sandown"	"Chilworth Icon"	"6.50"	"7.66"	"Handicap"	"1"	"13"	"Bishop, Charles"	"Channon, M R"	"5f "	"3"	"7"	"2"	"15"
"15:25:00"	"2015-08-22"	"Sandown"	"Top Boy"	"8.00"	"10"	"Handicap"	"5"	"13"	"Swift, Mr Dale"	"Shaw, D"	"5f "	"3"	"7"	"8"	"15"
"17:35:00"	"2015-08-21"	"Salisbury"	"Cricklewood Green (USA)"	"1.38"	"2.62"	"Handicap"	"2"	"7"	"Walsh, Ms K"	"Kirk, S"	"1m "	"5"	"9"	"1"	"7"
"17:35:00"	"2015-08-21"	"Salisbury"	"Mr Frankie"	"3.50"	"5.3"	"Handicap"	"3"	"7"	"Mason, Joanna"	"De Giles, Ed"	"1m "	"5"	"7"	"2"	"7"
"14:55:00"	"2015-08-21"	"Sandown"	"Swendab (IRE)"	"16.00"	"21"	"Handicap"	"4"	"7"	"Mckee, Ciaran"	"Oshea, J G M"	"5f "	"5"	"10"	"6"	"6"
"20:10:00"	"2015-08-20"	"Hamilton"	"Busy Bimbo (IRE)"	"7.50"	"8.63"	"Handicap"	"3"	"7"	"Mulrennan, Paul"	"Berry, A"	"5f "	"5"	"7"	"4"	"7"
"20:10:00"	"2015-08-20"	"Hamilton"	"Mystical King"	"25.00"	"35.74"	"Handicap"	"5"	"7"	"Sullivan, James P"	"Perratt, Miss L A"	"5f "	"5"	"10"	"5"	"8"
"18:30:00"	"2015-08-20"	"Lingfield"	"Monsieur Jamie"	"1.50"	"2.69"	"Handicap"	"1"	"5"	"Tylicki, Frederik"	"Jenkins, J R"	"5f "	"6"	"5"	"2"	"9"
"15:55:00"	"2015-08-19"	"Ffos Las"	"Sir Billy Wright (IRE)"	"1.88"	"2.87"	"Handicap"	"1"	"8"	"Bates, Mr D J"	"Evans, P D"	"5f "	"4"	"8"	"1"	"6"
"13:45:00"	"2015-08-19"	"Carlisle"	"White Flag"	"9.00"	"11.01"	"Handicap"	"2"	"11"	"Easterby, Miss E"	"Easterby, T D"	"6f "	"6"	"2"	"7"	"13"
"13:45:00"	"2015-08-19"	"Carlisle"	"Thewestwalian (USA)"	"12.00"	"17"	"Handicap"	"5"	"11"	"King, Miss Molly"	"Hiatt, P W"	"6f "	"6"	"8"	"8"	"9"
"13:45:00"	"2015-08-19"	"Carlisle"	"Arch Walker (IRE)"	"22.00"	"28.01"	"Handicap"	"7"	"11"	"Ennis, Mr M"	"Weymes, J R"	"6f "	"6"	"2"	"4"	"13"
"13:45:00"	"2015-08-19"	"Carlisle"	"Licence To Till (USA)"	"100.00"	"240"	"Handicap"	"9"	"11"	"Murtagh, Lorcan"	"Berry, A"	"6f "	"6"	"8"	"8"	"8"
"19:40:00"	"2015-08-18"	"Leicester"	"Royal Mezyan (IRE)"	"33.00"	"55"	"Handicap"	"1"	"13"	"Steward, Louis"	"Spiller, Henry"	"6f "	"4"	"4"	"12"	"12"
"17:40:00"	"2015-08-17"	"Thirsk"	"Calypso Music"	"6.00"	"7.07"	"Handicap"	"12"	"13"	"Bartley, Mrs C"	"Goldie, J S"	"6f "	"6"	"7"	"3"	"8"
"17:10:00"	"2015-08-17"	"Thirsk"	"Flash City (ITY)"	"7.00"	"8.03"	"Handicap"	"4"	"14"	"Sullivan, James P"	"Carr, Mrs R A"	"5f "	"4"	"5"	"2"	"11"
"17:10:00"	"2015-08-17"	"Thirsk"	"One Boy (IRE)"	"18.00"	"27.69"	"Handicap"	"8"	"14"	"Dennis, Phil"	"Dods, M"	"5f "	"4"	"9"	"2"	"8"
"18:35:00"	"2015-08-15"	"Lingfield"	"Pendo"	"3.50"	"5.06"	"Handicap"	"2"	"11"	"Morris, Luke"	"Cole, P F I"	"7.5f "	"6"	"9"	"2"	"12"
"18:35:00"	"2015-08-15"	"Lingfield"	"Trust Me Boy"	"7.00"	"10.37"	"Handicap"	"4"	"11"	"Havlin, Robert"	"Long, J E"	"7.5f "	"6"	"9"	"1"	"11"
"17:30:00"	"2015-08-15"	"Lingfield"	"Evident (IRE)"	"3.00"	"4.3"	"Seller"	"2"	"7"	"Carson, William"	"Carroll, A W"	"6f "	"6"	"9"	"6"	"9"
"17:30:00"	"2015-08-15"	"Lingfield"	"Picks Pinta"	"2.25"	"3.88"	"Seller"	"3"	"7"	"Murphy, Michael J M"	"Morris, Patrick"	"6f "	"6"	"6"	"6"	"8"
"17:30:00"	"2015-08-15"	"Lingfield"	"Pandar"	"8.00"	"10"	"Seller"	"5"	"7"	"Mckee, Ciaran"	"Bradley, J M"	"6f "	"6"	"10"	"7"	"7"
"17:00:00"	"2015-08-15"	"Lingfield"	"Bookmaker"	"3.50"	"5"	"Handicap"	"1"	"9"	"Mckee, Ciaran"	"Bridger, J / Cook, R"	"6f "	"5"	"8"	"4"	"9"
"16:55:00"	"2015-08-15"	"Doncaster"	"Chilworth Icon"	"5.50"	"6.87"	"Handicap"	"2"	"15"	"Norton, Francis"	"Channon, M R"	"5f "	"3"	"10"	"2"	"8"
"16:55:00"	"2015-08-15"	"Doncaster"	"Arctic Feeling (IRE)"	"12.00"	"16.37"	"Handicap"	"5"	"15"	"Bell, Samantha"	"Fahey, R A"	"5f "	"3"	"7"	"9"	"10"
"16:55:00"	"2015-08-15"	"Doncaster"	"Whozthecat (IRE)"	"20.00"	"30.59"	"Handicap"	"12"	"15"	"McHugh, B"	"Carroll, D"	"5f "	"3"	"7"	"8"	"11"
"14:40:00"	"2015-08-15"	"Doncaster"	"Pageant Belle"	"7.50"	"9.72"	"Handicap"	"1"	"9"	"Butterfield, Mr J"	"Stubbs, Kristin"	"7f "	"5"	"10"	"5"	"10"
"14:05:00"	"2015-08-15"	"Doncaster"	"Gold Beau (FR)"	"10.00"	"11.53"	"Handicap"	"3"	"8"	"Butterfield, Mr J"	"Stubbs, Kristin"	"7f "	"5"	"4"	"5"	"9"
"14:05:00"	"2015-08-15"	"Doncaster"	"Le Laitier (FR)"	"6.00"	"7.6"	"Handicap"	"4"	"8"	"Swift, Mr Dale"	"Dixon, Scott"	"7f "	"5"	"7"	"11"	"13"
"14:05:00"	"2015-08-15"	"Doncaster"	"Llewellyn"	"8.00"	"13.34"	"Handicap"	"5"	"8"	"Lavery, G"	"Carroll, D"	"7f "	"5"	"10"	"5"	"7"
"14:05:00"	"2015-08-15"	"Doncaster"	"Imaginary World (IRE) (OLD)"	"2.75"	"4.4"	"Handicap"	"8"	"8"	"Hardie, Cameron"	"Balding, J"	"7f "	"5"	"10"	"3"	"10"
"20:05:00"	"2015-08-14"	"Newmarket (July)"	"Bint Dandy (IRE)"	"5.00"	"7.81"	"Handicap"	"3"	"4"	"Sousa, Silvestre De"	"Dwyer, C A"	"7f "	"3"	"10"	"3"	"7"
"20:05:00"	"2015-08-14"	"Newmarket (July)"	"Boonga Roogeta"	"10.00"	"14.39"	"Handicap"	"4"	"4"	"Monaghan, M M "	"Charalambous, P"	"7f "	"3"	"10"	"6"	"7"
"19:45:00"	"2015-08-14"	"Catterick"	"Lorimers Lot (IRE)"	"3.50"	"5.1"	"Handicap"	"2"	"7"	"Fentiman, Duran"	"Walford, Mark"	"5f "	"6"	"10"	"2"	"11"
"18:00:00"	"2015-08-14"	"Newmarket (July)"	"Burning Thread (IRE)"	"33.00"	"63.56"	"Handicap"	"8"	"12"	"Ingram, Rhiain B"	"Elsworth, D R C"	"6f "	"4"	"5"	"6"	"6"
"14:50:00"	"2015-08-14"	"Newbury"	"Big Whiskey (IRE)"	"4.00"	"5.6"	"Handicap"	"5"	"7"	"Havlin, Robert"	"Best, J R"	"1m "	"4"	"8"	"2"	"7"
"14:40:00"	"2015-08-14"	"Nottingham"	"Very First Blade"	"4.00"	"5.64"	"Handicap"	"4"	"10"	"Da Silva, Raul"	"Mullineaux, M"	"5f "	"6"	"6"	"7"	"7"
"14:40:00"	"2015-08-14"	"Nottingham"	"Argent Touch"	"8.00"	"9.4"	"Handicap"	"5"	"10"	"Donohoe, Stephen"	"Shaw, D"	"5f "	"6"	"3"	"5"	"8"
"18:25:00"	"2015-08-13"	"Leopardstown"	"Acroleina (IRE)"	"12.00"	"16.41"	"Handicap"	"3"	"13"	"Foley, Shane"	"Rogers, H"	"6f "	"0"	"10"	"7"	"12"
"18:25:00"	"2015-08-13"	"Leopardstown"	"Count Of Carabass (IRE)"	"16.00"	"23.34"	"Handicap"	"9"	"13"	"Heffernan, J A"	"McLoughlin, Hilary"	"6f "	"0"	"9"	"6"	"16"
"18:15:00"	"2015-08-13"	"Lingfield"	"Acclio (IRE)"	"7.00"	"8.6"	"Handicap"	"6"	"6"	"Steward, Louis"	"Brittain, C E"	"7.5f "	"3"	"8"	"4"	"8"
"16:55:00"	"2015-08-13"	"Salisbury"	"Capelita"	"12.00"	"14.66"	"Handicap"	"2"	"11"	"Crowley, Jim"	"Brittain, C E"	"6f "	"5"	"5"	"2"	"4"
"16:55:00"	"2015-08-13"	"Salisbury"	"Saskias Dream"	"8.00"	"9"	"Handicap"	"3"	"11"	"Spencer, Jamie"	"Chapple-Hyam, Jane"	"6f "	"5"	"6"	"4"	"11"
"16:55:00"	"2015-08-13"	"Salisbury"	"Lucky Di"	"14.00"	"18.5"	"Handicap"	"9"	"11"	"Lane, Martin"	"Hedger, P R"	"6f "	"5"	"9"	"7"	"9"
"15:35:00"	"2015-08-13"	"Beverley"	"Tweety Pie (IRE)"	"8.00"	"9.55"	"Handicap"	"2"	"7"	"Lavery, G"	"Carroll, D"	"5f "	"5"	"8"	"8"	"10"
"15:35:00"	"2015-08-13"	"Beverley"	"Busy Bimbo (IRE)"	"6.50"	"8.39"	"Handicap"	"4"	"7"	"Lynch, Fergal"	"Berry, A"	"5f "	"5"	"6"	"3"	"8"
"14:55:00"	"2015-08-13"	"Salisbury"	"Filosofo (IRE)"	"2.25"	"3.6"	"Handicap"	"1"	"6"	"Dobbs, Pat"	"Hannon (Jnr), Richard"	"1m "	"6"	"7"	"2"	"8"
"15:35:00"	"2015-08-12"	"Beverley"	"Hoofalong"	"1.75"	"3.15"	"Handicap"	"4"	"11"	"Makin, Phillip"	"Easterby, M W"	"5f "	"5"	"7"	"1"	"9"
"15:35:00"	"2015-08-12"	"Beverley"	"Tinsill"	"25.00"	"36.61"	"Handicap"	"9"	"11"	"Schofield, Kieran"	"Tinkler, N"	"5f "	"5"	"9"	"8"	"11"
"15:35:00"	"2015-08-12"	"Beverley"	"Half A Billion (IRE)"	"20.00"	"30.53"	"Handicap"	"10"	"11"	"Eaves, Tom"	"Dods, M"	"5f "	"5"	"7"	"9"	"9"
"20:15:00"	"2015-08-11"	"Nottingham"	"Synonym (ITY)"	"7.00"	"9.11"	"Handicap"	"7"	"12"	"Mullen, Andrew"	"Appleby, M"	"6f "	"6"	"10"	"3"	"6"
"19:45:00"	"2015-08-11"	"Nottingham"	"Only Ten Per Cent (IRE)"	"6.00"	"7.8"	"Handicap"	"4"	"8"	"Murphy, Oisin"	"Jenkins, J R"	"5f "	"5"	"6"	"5"	"7"
"19:30:00"	"2015-08-11"	"Ffos Las"	"Classic Pursuit"	"5.00"	"7.01"	"Handicap"	"3"	"6"	"Harley, M"	"Harris, R A"	"5f "	"5"	"8"	"7"	"10"
"19:30:00"	"2015-08-11"	"Ffos Las"	"Swendab (IRE)"	"10.00"	"12.56"	"Handicap"	"6"	"6"	"Mckee, Ciaran"	"Oshea, J G M"	"5f "	"5"	"6"	"1"	"7"
"19:15:00"	"2015-08-11"	"Nottingham"	"Barracuda Boy (IRE)"	"4.50"	"6.93"	"Non-Handicap"	"2"	"5"	"Kingscote, Richard"	"Dascombe, Tom"	"5f "	"3"	"10"	"26"	"27"
"19:15:00"	"2015-08-11"	"Nottingham"	"Willbeme"	"6.00"	"8.43"	"Non-Handicap"	"4"	"5"	"Mullen, Andrew"	"Bycroft, N"	"5f "	"3"	"10"	"4"	"5"
"14:45:00"	"2015-08-11"	"Carlisle"	"Ypres"	"3.00"	"4.72"	"Handicap"	"1"	"9"	"Curtis, B A"	"Ward, Jason"	"6f "	"5"	"5"	"3"	"8"
"14:45:00"	"2015-08-11"	"Carlisle"	"Gold Beau (FR)"	"25.00"	"29.63"	"Handicap"	"5"	"9"	"Butterfield, Mr J"	"Stubbs, Kristin"	"6f "	"5"	"5"	"7"	"8"
"16:00:00"	"2015-08-10"	"Ayr"	"Blue Sonic"	"2.00"	"3.1"	"Handicap"	"1"	"8"	"Tudhope, Daniel"	"Perratt, Miss L A"	"5f "	"6"	"2"	"1"	"7"
"16:00:00"	"2015-08-10"	"Ayr"	"Saxonette"	"8.00"	"11.5"	"Handicap"	"2"	"8"	"Fanning, Joe"	"Perratt, Miss L A"	"5f "	"6"	"10"	"2"	"9"
"16:00:00"	"2015-08-10"	"Ayr"	"Calypso Music"	"8.00"	"10.19"	"Handicap"	"3"	"8"	"Lynch, Fergal"	"Goldie, J S"	"5f "	"6"	"10"	"4"	"9"
"16:00:00"	"2015-08-10"	"Ayr"	"Mystical King"	"25.00"	"28.07"	"Handicap"	"5"	"8"	"Haynes, Joey"	"Perratt, Miss L A"	"5f "	"6"	"2"	"7"	"7"
"16:00:00"	"2015-08-10"	"Ayr"	"Red Forever"	"9.00"	"11.3"	"Handicap"	"7"	"8"	"Makin, Phillip"	"Berry, A"	"5f "	"6"	"6"	"5"	"11"
"15:30:00"	"2015-08-10"	"Ayr"	"Rock Canyon (IRE)"	"7.00"	"8.85"	"Handicap"	"2"	"5"	"McDonald, P J"	"Perratt, Miss L A"	"6f "	"5"	"2"	"3"	"7"
"17:00:00"	"2015-08-09"	"Leicester"	"Go Charlie"	"9.00"	"14.62"	"Handicap"	"3"	"8"	"Da Silva, Raul"	"Williamson, Mrs L"	"5f "	"6"	"5"	"3"	"11"
"15:45:00"	"2015-08-09"	"Windsor"	"Lady Horatia"	"6.00"	"7.74"	"Handicap"	"3"	"7"	"Dwyer, Martin"	"Muir, W R"	"6f "	"4"	"6"	"2"	"6"
"19:40:00"	"2015-08-08"	"Ayr"	"One Boy (IRE)"	"10.00"	"14.27"	"Handicap"	"2"	"8"	"Dennis, Phil"	"Dods, M"	"5f "	"4"	"3"	"7"	"8"
"19:40:00"	"2015-08-08"	"Ayr"	"Economic Crisis (IRE)"	"14.00"	"15.7"	"Handicap"	"3"	"8"	"Sayer, Miss E C"	"Berry, A"	"5f "	"4"	"7"	"2"	"5"
"19:40:00"	"2015-08-08"	"Ayr"	"Bunce (IRE)"	"12.00"	"18.51"	"Handicap"	"5"	"8"	"Eaves, Tom"	"Perratt, Miss L A"	"5f "	"4"	"8"	"7"	"11"
"19:10:00"	"2015-08-08"	"Ayr"	"Rock Canyon (IRE)"	"10.00"	"12.87"	"Handicap"	"3"	"7"	"Mulrennan, Paul"	"Perratt, Miss L A"	"6f "	"6"	"7"	"3"	"5"
"19:10:00"	"2015-08-08"	"Ayr"	"Mystical King"	"25.00"	"34.83"	"Handicap"	"7"	"7"	"Eaves, Tom"	"Perratt, Miss L A"	"6f "	"6"	"7"	"3"	"8"
"18:20:00"	"2015-08-08"	"Lingfield"	"Welease Bwian (IRE)"	"12.00"	"14.32"	"Handicap"	"6"	"7"	"Jones, Mr A T"	"Williams, S C"	"6f "	"5"	"1"	"8"	"9"
"17:05:00"	"2015-08-08"	"Haydock"	"Beau Mistral (IRE)"	"8.00"	"9.68"	"Handicap"	"4"	"7"	"Downing, George"	"Carroll, A W"	"5f "	"5"	"10"	"9"	"9"
"16:55:00"	"2015-08-08"	"Redcar"	"Shipyard (USA)"	"3.50"	"4.42"	"Handicap"	"2"	"11"	"Curtis, B A"	"Appleby, M"	"6f "	"4"	"8"	"5"	"11"
"16:55:00"	"2015-08-08"	"Redcar"	"Whozthecat (IRE)"	"14.00"	"17.46"	"Handicap"	"8"	"11"	"McHugh, B"	"Carroll, D"	"6f "	"4"	"7"	"1"	"13"
"16:35:00"	"2015-08-08"	"Haydock"	"Midnight Rider (IRE)"	"5.50"	"7.8"	"Handicap"	"6"	"9"	"Vaughan, Jordan"	"Millman, B R"	"6f "	"4"	"6"	"1"	"8"
"16:35:00"	"2015-08-08"	"Haydock"	"Rusty Rocket (IRE)"	"6.00"	"7.45"	"Handicap"	"7"	"9"	"Norton, Francis"	"Green, Paul"	"6f "	"4"	"8"	"1"	"11"
"15:55:00"	"2015-08-08"	"Redcar"	"Obsidian (USA)"	"2.75"	"4.1"	"Handicap"	"1"	"12"	"Hamilton, Tony"	"Fahey, R A"	"1m "	"4"	"7"	"4"	"17"
"15:55:00"	"2015-08-08"	"Redcar"	"Ellaal"	"20.00"	"28.76"	"Handicap"	"12"	"12"	"Sullivan, James P"	"Carr, Mrs R A"	"1m "	"4"	"8"	"6"	"8"
"15:20:00"	"2015-08-08"	"Redcar"	"Favourite Treat (USA)"	"8.00"	"9.79"	"Handicap"	"6"	"13"	"McDonald, P J"	"Carr, Mrs R A"	"7f "	"4"	"8"	"5"	"11"
"15:20:00"	"2015-08-08"	"Redcar"	"Intrepid (IRE)"	"9.00"	"11.5"	"Handicap"	"7"	"13"	"Poulton, Harry"	"Mills, R A"	"7f "	"4"	"7"	"5"	"7"
"15:20:00"	"2015-08-08"	"Redcar"	"Lazarus Bell"	"12.00"	"12"	"Handicap"	"8"	"13"	"Butterfield, Mr J"	"Brown, A D"	"7f "	"4"	"3"	"4"	"7"
"14:50:00"	"2015-08-08"	"Redcar"	"Mujaaher (IRE)"	"3.00"	"4.53"	"Maiden"	"5"	"12"	"Curtis, B A"	"Swinbank, G A"	"7f "	"5"	"7"	"5"	"7"
"19:55:00"	"2015-08-07"	"Newmarket (July)"	"Nancy From Nairobi"	"2.00"	"3.36"	"Handicap"	"1"	"7"	"Sousa, Silvestre De"	"Channon, M R"	"1m "	"3"	"9"	"2"	"14"
"19:30:00"	"2015-08-07"	"Haydock"	"Busy Bimbo (IRE)"	"10.00"	"13.23"	"Handicap"	"3"	"8"	"Eaves, Tom"	"Berry, A"	"5f "	"5"	"7"	"1"	"9"
"19:30:00"	"2015-08-07"	"Haydock"	"Your Gifted (IRE)"	"20.00"	"25.73"	"Handicap"	"8"	"8"	"Lundie, K"	"Williamson, Mrs L"	"5f "	"5"	"7"	"4"	"4"
"18:05:00"	"2015-08-07"	"Tipperary"	"An Saighdiur (IRE)"	"5.50"	"6.8"	"Handicap"	"6"	"10"	"McDonogh, D P"	"Slattery, Andrew"	"5f "	"0"	"5"	"10"	"13"
"20:15:00"	"2015-08-06"	"Newcastle"	"Munjally"	"4.00"	"6.01"	"Handicap"	"5"	"9"	"Tudhope, Daniel"	"Holmes, P F"	"6f "	"6"	"8"	"3"	"18"
"20:15:00"	"2015-08-06"	"Newcastle"	"Orient Sky"	"6.00"	"7.07"	"Handicap"	"6"	"9"	"Lee, G"	"Midgley, P T"	"6f "	"6"	"10"	"4"	"10"
"19:45:00"	"2015-08-06"	"Newcastle"	"Shearian"	"6.50"	"8.99"	"Handicap"	"2"	"12"	"Ffrench, Royston"	"Waggott, Miss Tracy"	"7f "	"6"	"10"	"4"	"13"
"15:40:00"	"2015-08-06"	"Haydock"	"Quickaswecan"	"1.75"	"2.9"	"Handicap"	"5"	"8"	"Gray, S A"	"Furtado, Ivan"	"6f "	"5"	"5"	"1"	"7"
"15:40:00"	"2015-08-06"	"Haydock"	"Supersta"	"5.50"	"7.4"	"Handicap"	"8"	"8"	"Ffrench, Royston"	"Harris, R A"	"6f "	"5"	"4"	"5"	"11"
"19:50:00"	"2015-08-05"	"Newcastle"	"Imaginary World (IRE) (OLD)"	"12.00"	"13.44"	"Handicap"	"3"	"10"	"Curtis, B A"	"Balding, J"	"7f "	"5"	"9"	"6"	"13"
"19:50:00"	"2015-08-05"	"Newcastle"	"Madakheel (USA)"	"66.00"	"128.29"	"Handicap"	"9"	"10"	"Elliott, Andrew"	"West, S G"	"7f "	"5"	"9"	"14"	"14"
"18:20:00"	"2015-08-05"	"Newcastle"	"Exotic Guest"	"1.10"	"2.44"	"Handicap"	"1"	"7"	"Sullivan, James P"	"Carr, Mrs R A"	"6f "	"5"	"9"	"2"	"10"
"18:20:00"	"2015-08-05"	"Newcastle"	"Llewellyn"	"6.50"	"9.39"	"Handicap"	"5"	"7"	"Dennis, Phil"	"Carroll, D"	"6f "	"5"	"9"	"2"	"13"
"17:50:00"	"2015-08-05"	"Newcastle"	"Ambitious Icarus"	"8.00"	"9.96"	"Handicap"	"1"	"8"	"Mathers, Patrick"	"Guest, R C"	"5f "	"4"	"4"	"5"	"13"
"17:50:00"	"2015-08-05"	"Newcastle"	"Chilworth Icon"	"3.00"	"4.4"	"Handicap"	"2"	"8"	"Hitchcott, Sam"	"Channon, M R"	"5f "	"4"	"8"	"6"	"14"
"17:50:00"	"2015-08-05"	"Newcastle"	"Ill Be Good"	"12.00"	"14.19"	"Handicap"	"3"	"8"	"Sullivan, James P"	"Berry, A"	"5f "	"4"	"5"	"4"	"11"
"16:00:00"	"2015-08-05"	"Chepstow"	"Swendab (IRE)"	"6.00"	"8.6"	"Handicap"	"1"	"7"	"Mckee, Ciaran"	"Oshea, J G M"	"5f "	"5"	"5"	"1"	"4"
"16:00:00"	"2015-08-05"	"Chepstow"	"Pandar"	"14.00"	"19.5"	"Handicap"	"7"	"7"	"Clark, Ryan"	"Bradley, J M"	"5f "	"5"	"7"	"8"	"9"
"19:35:00"	"2015-08-04"	"Ripon"	"Pearl Acclaim (IRE)"	"9.00"	"12.87"	"Handicap"	"9"	"11"	"Quinn, Paul"	"Nicholls, D"	"5f "	"3"	"4"	"6"	"11"
"19:35:00"	"2015-08-04"	"Ripon"	"See The Sun"	"6.00"	"9.62"	"Handicap"	"11"	"11"	"Allan, David"	"Easterby, T D"	"5f "	"3"	"10"	"15"	"20"
"15:30:00"	"2015-08-04"	"Salisbury"	"Mount Cheiron (USA)"	"5.00"	"6.8"	"Handicap"	"4"	"10"	"Hardie, Cameron"	"Ford, R"	"1m "	"6"	"9"	"5"	"11"
"15:15:00"	"2015-08-04"	"Catterick"	"Go Charlie"	"100.00"	"189"	"Handicap"	"3"	"11"	"Da Silva, Raul"	"Williamson, Mrs L"	"5f "	"6"	"10"	"12"	"12"
"15:15:00"	"2015-08-04"	"Catterick"	"Sunrise Dance"	"16.00"	"16.85"	"Handicap"	"4"	"11"	"Mullen, Andrew"	"Johnson, Kenny"	"5f "	"6"	"10"	"7"	"12"
"15:15:00"	"2015-08-04"	"Catterick"	"Ya Boy Sir (IRE)"	"22.00"	"30"	"Handicap"	"7"	"11"	"Farley, Neil"	"Jardine, I"	"5f "	"6"	"4"	"8"	"9"
"19:30:00"	"2015-08-03"	"Windsor"	"Classic Pursuit"	"16.00"	"23.18"	"Handicap"	"7"	"10"	"Harley, M"	"Harris, R A"	"6f "	"4"	"9"	"1"	"6"
"19:15:00"	"2015-08-03"	"Carlisle"	"Jubilee Brig"	"5.50"	"7.6"	"Handicap"	"1"	"10"	"Nicholls, Miss M"	"Swinbank, G A"	"6f "	"5"	"3"	"2"	"11"
"19:15:00"	"2015-08-03"	"Carlisle"	"Rigolleto (IRE)"	"11.00"	"14.46"	"Handicap"	"6"	"10"	"Mason, Joanna"	"Murphy, Anabel K"	"6f "	"5"	"5"	"2"	"9"
"19:15:00"	"2015-08-03"	"Carlisle"	"Amis Reunis"	"40.00"	"88.29"	"Handicap"	"8"	"10"	"Grundy, Nicola"	"Berry, A"	"6f "	"5"	"3"	"8"	"10"
"19:15:00"	"2015-08-03"	"Carlisle"	"Yair Hill (IRE)"	"25.00"	"30.74"	"Handicap"	"9"	"10"	"Cuthbert, Miss H"	"Cuthbert, T A K"	"6f "	"5"	"9"	"15"	"15"
"18:45:00"	"2015-08-03"	"Carlisle"	"Majestic Manannan (IRE)"	"5.50"	"8.3"	"Handicap"	"5"	"11"	"Hesketh, Miss A"	"Nicholls, D"	"5f "	"6"	"3"	"2"	"10"
"18:45:00"	"2015-08-03"	"Carlisle"	"Tinsill"	"12.00"	"14.27"	"Handicap"	"8"	"11"	"Richardson, Rachel"	"Tinkler, N"	"5f "	"6"	"6"	"5"	"11"
"18:45:00"	"2015-08-03"	"Carlisle"	"Electric Qatar"	"11.00"	"14.52"	"Handicap"	"11"	"11"	"Jessop, Rosie"	"Berry, A"	"5f "	"6"	"6"	"3"	"8"
"15:45:00"	"2015-08-03"	"Ripon"	"Right Touch"	"4.00"	"5.25"	"Handicap"	"4"	"9"	"Garritty, Jack"	"Fahey, R A"	"6f "	"3"	"8"	"1"	"12"
"15:25:00"	"2015-08-03"	"Naas"	"Battleroftheboyne (IRE)"	"8.00"	"12.98"	"Handicap"	"1"	"12"	"Downey, R P"	"Mulvany, Michael"	"5f "	"0"	"6"	"7"	"16"
"15:25:00"	"2015-08-03"	"Naas"	"Catwilldo (IRE)"	"5.00"	"6.6"	"Handicap"	"4"	"12"	"Phillips, G J"	"Donnelly, Garvan"	"5f "	"0"	"10"	"2"	"9"
"15:25:00"	"2015-08-03"	"Naas"	"Acroleina (IRE)"	"4.50"	"5.83"	"Handicap"	"7"	"12"	"Halpin, G P"	"Rogers, H"	"5f "	"0"	"10"	"3"	"9"
"15:25:00"	"2015-08-03"	"Naas"	"Serious (IRE)"	"33.00"	"200"	"Handicap"	"10"	"12"	"Leonard, Killian"	"Christie, D M"	"5f "	"0"	"10"	"9"	"9"
"16:45:00"	"2015-08-02"	"Chepstow"	"Lizzys Dream"	"7.00"	"9.74"	"Handicap"	"6"	"10"	"Twiston-Davies, Mr W"	"Bastiman, Rebecca"	"5f "	"6"	"9"	"4"	"8"
"15:40:00"	"2015-08-02"	"Chepstow"	"Peak Storm"	"3.50"	"4.9"	"Handicap"	"1"	"11"	"Morris, Luke"	"Oshea, J G M"	"7f "	"6"	"9"	"1"	"8"
"14:30:00"	"2015-08-02"	"Chepstow"	"Dandys Perier (IRE)"	"8.00"	"12"	"Handicap"	"2"	"11"	"Morris, Luke"	"Harris, R A"	"1m "	"6"	"8"	"2"	"5"
"14:30:00"	"2015-08-02"	"Chepstow"	"Just Isla"	"6.00"	"8.61"	"Handicap"	"4"	"11"	"Probert, David"	"Blanshard, M"	"1m "	"6"	"8"	"1"	"11"
"20:15:00"	"2015-08-01"	"Hamilton"	"Rock Canyon (IRE)"	"7.50"	"9.2"	"Handicap"	"3"	"5"	"Garritty, Jack"	"Perratt, Miss L A"	"5f "	"5"	"5"	"8"	"10"
"20:15:00"	"2015-08-01"	"Hamilton"	"Chookies Lass"	"1.10"	"2.14"	"Handicap"	"5"	"5"	"McDonald, P J"	"Dalgleish, Keith"	"5f "	"5"	"5"	"4"	"10"
"19:45:00"	"2015-08-01"	"Hamilton"	"Secret Look"	"16.00"	"20.11"	"Handicap"	"9"	"10"	"Swift, Mr Dale"	"McMahon, E S"	"6f "	"4"	"4"	"11"	"12"
"19:00:00"	"2015-08-01"	"Lingfield"	"Quickaswecan"	"0.62"	"1.64"	"Handicap"	"1"	"7"	"Sousa, Silvestre De"	"Furtado, Ivan"	"6f "	"6"	"10"	"1"	"9"
"18:30:00"	"2015-08-01"	"Lingfield"	"Fever Few"	"4.00"	"5.29"	"Handicap"	"1"	"7"	"Baker, George"	"Wall, C F"	"7f "	"5"	"9"	"6"	"8"
"18:30:00"	"2015-08-01"	"Lingfield"	"Als Memory (IRE)"	"4.00"	"5.86"	"Handicap"	"3"	"7"	"Prince,Mr P "	"Evans, P D"	"7f "	"5"	"4"	"2"	"9"
"18:15:00"	"2015-08-01"	"Hamilton"	"Mystical King"	"16.00"	"40.25"	"Maiden"	"3"	"8"	"McDonald, P J"	"Perratt, Miss L A"	"6f "	"5"	"5"	"8"	"9"
"18:15:00"	"2015-08-01"	"Hamilton"	"Bannock Town"	"66.00"	"367.97"	"Maiden"	"6"	"8"	"Carberry, Megan"	"Perratt, Miss L A"	"6f "	"5"	"5"	"9"	"10"
"17:25:00"	"2015-08-01"	"Lingfield"	"Alketios (GR)"	"7.00"	"9.15"	"Handicap"	"2"	"6"	"Nuttall, Mr J"	"Moore, Gary and Josh"	"7.5f "	"6"	"7"	"4"	"11"
"16:05:00"	"2015-08-01"	"Doncaster"	"Willbeme"	"7.00"	"9.22"	"Non-Handicap"	"4"	"5"	"Mullen, Andrew"	"Bycroft, N"	"6f "	"3"	"7"	"19"	"20"
"15:00:00"	"2015-08-01"	"Thirsk"	"Whozthecat (IRE)"	"20.00"	"20.88"	"Handicap"	"1"	"13"	"McHugh, B"	"Carroll, D"	"6f "	"4"	"6"	"9"	"12"
"15:00:00"	"2015-08-01"	"Thirsk"	"Colonel Mak"	"20.00"	"30.12"	"Handicap"	"11"	"13"	"Swift, Mr Dale"	"Barron, T D"	"6f "	"4"	"6"	"10"	"12"
"20:55:00"	"2015-07-31"	"Musselburgh"	"Busy Bimbo (IRE)"	"2.50"	"3.82"	"Handicap"	"1"	"9"	"Lynch, Fergal"	"Berry, A"	"5f "	"6"	"4"	"2"	"10"
"20:55:00"	"2015-07-31"	"Musselburgh"	"Saxonette"	"8.50"	"11.86"	"Handicap"	"2"	"9"	"Carberry, Megan"	"Perratt, Miss L A"	"5f "	"6"	"4"	"7"	"10"
"20:55:00"	"2015-07-31"	"Musselburgh"	"Calypso Music"	"7.50"	"9.92"	"Handicap"	"4"	"9"	"Grant, Rachael"	"Goldie, J S"	"5f "	"6"	"10"	"4"	"8"
"20:55:00"	"2015-07-31"	"Musselburgh"	"Ya Boy Sir (IRE)"	"9.00"	"12.49"	"Handicap"	"8"	"9"	"Eaves, Tom"	"Jardine, I"	"5f "	"6"	"6"	"4"	"12"
"20:55:00"	"2015-07-31"	"Musselburgh"	"Roys Legacy"	"11.00"	"13.53"	"Handicap"	"9"	"9"	"Swift, Mr Dale"	"Harris, S A"	"5f "	"6"	"6"	"10"	"12"
"19:35:00"	"2015-07-31"	"Newmarket (July)"	"Beach Bar (IRE)"	"6.00"	"8.64"	"Handicap"	"5"	"15"	"Kirby, Adam"	"Knight, W J"	"7f "	"4"	"10"	"1"	"6"
"19:35:00"	"2015-07-31"	"Newmarket (July)"	"Personal Touch"	"33.00"	"48.09"	"Handicap"	"8"	"15"	"Brock, Danny"	"Dalton, Heather"	"7f "	"4"	"10"	"13"	"14"
"19:35:00"	"2015-07-31"	"Newmarket (July)"	"Dream Tune"	"7.00"	"9.16"	"Handicap"	"9"	"15"	"Havlin, Robert"	"Kelleway, Miss Gay"	"7f "	"4"	"7"	"2"	"7"
"19:20:00"	"2015-07-31"	"Musselburgh"	"Shipyard (USA)"	"1.75"	"2.98"	"Handicap"	"5"	"11"	"Mullen, Andrew"	"Appleby, M"	"5f "	"3"	"10"	"1"	"6"
"19:20:00"	"2015-07-31"	"Musselburgh"	"Bunce (IRE)"	"25.00"	"40.83"	"Handicap"	"7"	"11"	"McDonald, P J"	"Perratt, Miss L A"	"5f "	"3"	"10"	"5"	"6"
"17:15:00"	"2015-07-31"	"Thirsk"	"Majestic Manannan (IRE)"	"16.00"	"17.26"	"Handicap"	"2"	"10"	"Buckell, Georgean"	"Nicholls, D"	"6f "	"5"	"10"	"8"	"10"
"17:15:00"	"2015-07-31"	"Thirsk"	"Grey Destiny"	"8.00"	"9.66"	"Handicap"	"4"	"10"	"Still, Mathew"	"Brittain, Antony"	"6f "	"5"	"2"	"16"	"18"
"17:10:00"	"2015-07-30"	"Nottingham"	"Margrets Gift"	"2.50"	"3.61"	"Handicap"	"5"	"6"	"Allan, David"	"Easterby, T D"	"5f "	"5"	"2"	"9"	"11"
"20:20:00"	"2015-07-29"	"Leicester"	"Pandar"	"20.00"	"24"	"Handicap"	"8"	"9"	"Curtis, B A"	"Bradley, J M"	"6f "	"5"	"5"	"6"	"6"
"17:50:00"	"2015-07-29"	"Redcar"	"Scrutiny"	"2.50"	"3.8"	"Handicap"	"1"	"8"	"Heptonstall, Miss R"	"OMeara, D"	"1m "	"6"	"1"	"1"	"10"
"17:50:00"	"2015-07-29"	"Redcar"	"Run Fat Lass Run"	"1.63"	"2.76"	"Handicap"	"3"	"8"	"Sheppard, Stan"	"Ellison, B"	"1m "	"6"	"3"	"1"	"11"
"17:50:00"	"2015-07-29"	"Redcar"	"Eeny Mac (IRE)"	"25.00"	"32.3"	"Handicap"	"5"	"8"	"Wright, Mr Joe"	"Wainwright, J S"	"1m "	"6"	"10"	"8"	"10"
"17:15:00"	"2015-07-29"	"Redcar"	"Niceonemyson"	"8.00"	"11.05"	"Handicap"	"5"	"18"	"Richardson, Rachel"	"Wilson, C R"	"6f "	"6"	"4"	"5"	"12"
"15:55:00"	"2015-07-28"	"Beverley"	"Jack Luey"	"4.00"	"5.63"	"Handicap"	"1"	"11"	"Tudhope, Daniel"	"Mullaney, L A"	"5f "	"5"	"8"	"3"	"8"
"15:55:00"	"2015-07-28"	"Beverley"	"El Viento (FR)"	"4.50"	"5.9"	"Handicap"	"3"	"11"	"Garritty, Jack"	"Fahey, R A"	"5f "	"5"	"8"	"2"	"8"
"15:55:00"	"2015-07-28"	"Beverley"	"Windforpower (IRE)"	"10.00"	"11.72"	"Handicap"	"4"	"11"	"Curtis, B A"	"Waggott, Miss Tracy"	"5f "	"5"	"6"	"3"	"5"
"15:55:00"	"2015-07-28"	"Beverley"	"Tinsill"	"25.00"	"32.26"	"Handicap"	"5"	"11"	"Schofield, Kieran"	"Tinkler, N"	"5f "	"5"	"2"	"10"	"11"
"15:55:00"	"2015-07-28"	"Beverley"	"Minty Jones"	"16.00"	"19.69"	"Handicap"	"7"	"11"	"Da Silva, Raul"	"Mullineaux, M"	"5f "	"5"	"5"	"5"	"11"
"15:55:00"	"2015-07-28"	"Beverley"	"Apricot Sky"	"8.00"	"11.57"	"Handicap"	"8"	"11"	"Mullen, Andrew"	"Nicholls, D"	"5f "	"5"	"8"	"8"	"12"
"15:55:00"	"2015-07-28"	"Beverley"	"Margrets Gift"	"5.00"	"7.16"	"Handicap"	"9"	"11"	"Allan, David"	"Easterby, T D"	"5f "	"5"	"8"	"3"	"12"
"15:00:00"	"2015-07-27"	"Ayr"	"Busy Bimbo (IRE)"	"5.00"	"7"	"Handicap"	"2"	"10"	"Lee, G"	"Berry, A"	"5f "	"6"	"3"	"2"	"8"
"15:00:00"	"2015-07-27"	"Ayr"	"Goninodaethat"	"3.50"	"4.81"	"Handicap"	"6"	"10"	"Bartley, Gary"	"Goldie, J S"	"5f "	"6"	"7"	"3"	"9"
"15:00:00"	"2015-07-27"	"Ayr"	"Saxonette"	"7.00"	"9.58"	"Handicap"	"7"	"10"	"McDonald, P J"	"Perratt, Miss L A"	"5f "	"6"	"6"	"1"	"8"
"14:30:00"	"2015-07-27"	"Ayr"	"New Bidder"	"4.00"	"4.75"	"Handicap"	"1"	"10"	"Garritty, Jack"	"OKeeffe, Jedd"	"6f "	"5"	"7"	"1"	"9"
"14:30:00"	"2015-07-27"	"Ayr"	"Exotic Guest"	"5.00"	"6.31"	"Handicap"	"2"	"10"	"Sullivan, James P"	"Carr, Mrs R A"	"6f "	"5"	"7"	"2"	"9"
"14:30:00"	"2015-07-27"	"Ayr"	"Monel"	"14.00"	"21.14"	"Handicap"	"5"	"10"	"Bartley, Gary"	"Goldie, J S"	"6f "	"5"	"7"	"4"	"11"
"19:00:00"	"2015-07-25"	"Lingfield"	"Born To Fly (IRE)"	"20.00"	"32"	"Handicap"	"3"	"11"	"Egan, John"	"Dunnett, Mrs C A"	"7.5f "	"6"	"9"	"6"	"8"
"18:15:00"	"2015-07-25"	"Salisbury"	"Classic Pursuit"	"1.75"	"2.84"	"Handicap"	"1"	"6"	"Harley, M"	"Harris, R A"	"5f "	"6"	"3"	"2"	"9"
"17:45:00"	"2015-07-25"	"Salisbury"	"Dandys Perier (IRE)"	"4.50"	"6.2"	"Claimer"	"2"	"5"	"Probert, David"	"Harris, R A"	"7f "	"5"	"9"	"1"	"11"
"17:05:00"	"2015-07-25"	"Newcastle"	"Pavers Star"	"7.00"	"9.33"	"Handicap"	"1"	"12"	"Haynes, Joey"	"Wilson, N"	"5f "	"6"	"4"	"6"	"8"
"17:05:00"	"2015-07-25"	"Newcastle"	"Clabare"	"12.00"	"16.76"	"Handicap"	"2"	"12"	"Brennan, I J"	"Semple, I"	"5f "	"6"	"9"	"4"	"6"
"17:05:00"	"2015-07-25"	"Newcastle"	"Ya Boy Sir (IRE)"	"7.00"	"8.54"	"Handicap"	"4"	"12"	"Whillans, Garry"	"Jardine, I"	"5f "	"6"	"4"	"3"	"8"
"16:25:00"	"2015-07-25"	"Ascot"	"George Cinq"	"7.00"	"9.45"	"Handicap"	"11"	"15"	"Carberry, Miss N"	"Bell, M L W"	"7f "	"3"	"9"	"1"	"6"
"19:50:00"	"2015-07-24"	"Chepstow"	"Bonjour Steve"	"1.38"	"2.46"	"Handicap"	"1"	"6"	"Kingscote, Richard"	"Price, R J"	"5f "	"5"	"8"	"4"	"11"
"19:50:00"	"2015-07-24"	"Chepstow"	"Swendab (IRE)"	"10.00"	"12.26"	"Handicap"	"2"	"6"	"Mckee, Ciaran"	"Oshea, J G M"	"5f "	"5"	"2"	"5"	"9"
"19:50:00"	"2015-07-24"	"Chepstow"	"Very First Blade"	"7.00"	"8.67"	"Handicap"	"3"	"6"	"Da Silva, Raul"	"Mullineaux, M"	"5f "	"5"	"8"	"4"	"10"
"19:50:00"	"2015-07-24"	"Chepstow"	"Pandar"	"7.00"	"9.37"	"Handicap"	"6"	"6"	"Drowne, Steve"	"Bradley, J M"	"5f "	"5"	"8"	"6"	"11"
"19:20:00"	"2015-07-24"	"Chepstow"	"Peak Storm"	"2.25"	"3.28"	"Handicap"	"1"	"8"	"Morris, Luke"	"Oshea, J G M"	"1m "	"5"	"8"	"2"	"12"
"19:20:00"	"2015-07-24"	"Chepstow"	"Greyemkay"	"10.00"	"14.84"	"Handicap"	"7"	"8"	"Norton, Francis"	"Price, R J"	"1m "	"5"	"7"	"7"	"10"
"19:10:00"	"2015-07-24"	"Newmarket (July)"	"Atlantic Affair (IRE)"	"2.25"	"3.52"	"Handicap"	"1"	"7"	"Kirby, Adam"	"Johnston, M"	"1m "	"5"	"3"	"1"	"8"
"19:10:00"	"2015-07-24"	"Newmarket (July)"	"Dream Tune"	"2.25"	"3.45"	"Handicap"	"2"	"7"	"Fahy, J P"	"Kelleway, Miss Gay"	"1m "	"5"	"7"	"4"	"12"
"18:30:00"	"2015-07-24"	"York"	"Another Royal"	"8.00"	"11.2"	"Handicap"	"6"	"14"	"Allan, David"	"Easterby, T D"	"6f "	"4"	"9"	"6"	"8"
"17:40:00"	"2015-07-24"	"Down Royal"	"Missile Command (IRE)"	"8.00"	"8.8"	"Handicap"	"5"	"9"	"Cleary, R P"	"Foley, Jane M"	"5f "	"0"	"2"	"6"	"20"
"17:15:00"	"2015-07-24"	"Thirsk"	"Busy Bimbo (IRE)"	"12.00"	"16.5"	"Handicap"	"2"	"8"	"Killoran, Sophie"	"Berry, A"	"5f "	"6"	"6"	"3"	"7"
"17:15:00"	"2015-07-24"	"Thirsk"	"Lizzys Dream"	"5.00"	"7.33"	"Handicap"	"4"	"8"	"Scott, Rowan"	"Bastiman, Rebecca"	"5f "	"6"	"3"	"2"	"8"
"17:15:00"	"2015-07-24"	"Thirsk"	"Bosham"	"5.50"	"8.8"	"Handicap"	"8"	"8"	"Mooney, Danielle"	"Easterby, M W"	"5f "	"6"	"10"	"4"	"8"
"16:45:00"	"2015-07-24"	"Thirsk"	"White Flag"	"14.00"	"18.69"	"Handicap"	"7"	"10"	"Richardson, Rachel"	"Easterby, T D"	"6f "	"5"	"6"	"6"	"7"
"16:45:00"	"2015-07-24"	"Thirsk"	"Tweety Pie (IRE)"	"7.00"	"9.83"	"Handicap"	"8"	"10"	"McHugh, B"	"Carroll, D"	"6f "	"5"	"4"	"4"	"8"
"18:45:00"	"2015-07-23"	"Doncaster"	"Steventon Star"	"3.50"	"4.9"	"Handicap"	"2"	"11"	"Spencer, Jamie"	"Ryan, K A"	"6f "	"5"	"6"	"2"	"6"
"18:45:00"	"2015-07-23"	"Doncaster"	"Teetotal (IRE)"	"7.00"	"9.4"	"Handicap"	"3"	"11"	"Turner, Hayley"	"Tinkler, N"	"6f "	"5"	"6"	"3"	"6"
"18:45:00"	"2015-07-23"	"Doncaster"	"Minty Jones"	"14.00"	"20"	"Handicap"	"5"	"11"	"Da Silva, Raul"	"Mullineaux, M"	"6f "	"5"	"9"	"1"	"8"
"19:00:00"	"2015-07-22"	"Naas"	"Oor Jock (IRE)"	"4.50"	"5.78"	"Handicap"	"5"	"20"	"McDonogh, D P"	"McGuinness, Adrian"	"6f "	"0"	"6"	"2"	"9"
"18:25:00"	"2015-07-22"	"Naas"	"Gottahavit (IRE)"	"66.00"	"119.91"	"Maiden"	"12"	"15"	"Roche, L F"	"Martin, A J"	"6f "	"0"	"8"	"10"	"15"
"17:45:00"	"2015-07-22"	"Leicester"	"La Havrese (FR)"	"5.50"	"7.03"	"Handicap"	"7"	"17"	"Wright, Mr Joe"	"Duffield, Mrs A"	"7f "	"6"	"8"	"2"	"12"
"17:45:00"	"2015-07-22"	"Leicester"	"Betty Boo (IRE)"	"20.00"	"24.61"	"Handicap"	"16"	"17"	"Wallace, Miss A"	"Harris, S A"	"7f "	"6"	"7"	"2"	"5"
"16:00:00"	"2015-07-22"	"Catterick"	"Irish Girls Spirit (IRE)"	"4.00"	"5.22"	"Handicap"	"2"	"5"	"Doyle, Joe"	"Midgley, P T"	"5f "	"4"	"4"	"2"	"7"
"16:00:00"	"2015-07-22"	"Catterick"	"Windforpower (IRE)"	"6.00"	"7.47"	"Handicap"	"3"	"5"	"Fanning, Joe"	"Waggott, Miss Tracy"	"5f "	"4"	"7"	"8"	"8"
"17:15:00"	"2015-07-21"	"Musselburgh"	"Saxonette"	"4.50"	"8.13"	"Handicap"	"1"	"8"	"McDonald, P J"	"Perratt, Miss L A"	"5f "	"6"	"5"	"6"	"7"
"17:15:00"	"2015-07-21"	"Musselburgh"	"Lizzys Dream"	"4.50"	"6.46"	"Handicap"	"2"	"8"	"Doyle, Joe"	"Bastiman, Rebecca"	"5f "	"6"	"7"	"5"	"10"
"17:15:00"	"2015-07-21"	"Musselburgh"	"Ya Boy Sir (IRE)"	"6.50"	"8.23"	"Handicap"	"3"	"8"	"Garritty, Jack"	"Jardine, I"	"5f "	"6"	"5"	"5"	"7"
"17:15:00"	"2015-07-21"	"Musselburgh"	"Pavers Star"	"4.50"	"6"	"Handicap"	"6"	"8"	"Makin, Phillip"	"Wilson, N"	"5f "	"6"	"8"	"6"	"7"
"17:00:00"	"2015-07-21"	"Ffos Las"	"Top Cop"	"1.50"	"2.66"	"Handicap"	"2"	"5"	"Cosham, Matthew"	"Harris, R A"	"5f "	"6"	"5"	"2"	"10"
"16:30:00"	"2015-07-21"	"Ffos Las"	"Archie Stevens"	"4.00"	"5.69"	"Handicap"	"5"	"8"	"Prince,Mr P "	"Evans, P D"	"6f "	"5"	"7"	"3"	"6"
"16:30:00"	"2015-07-21"	"Ffos Las"	"Agerzam"	"5.00"	"7.55"	"Handicap"	"7"	"8"	"Ennis, Mikey"	"Harris, R A"	"6f "	"5"	"7"	"1"	"6"
"19:50:00"	"2015-07-20"	"Windsor"	"Midnight Rider (IRE)"	"8.00"	"10.5"	"Handicap"	"2"	"11"	"Vaughan, Jordan"	"Millman, B R"	"6f "	"4"	"4"	"1"	"11"
"19:50:00"	"2015-07-20"	"Windsor"	"Whaleweigh Station"	"20.00"	"31.85"	"Handicap"	"6"	"11"	"Queally, T P"	"Jenkins, J R"	"6f "	"4"	"4"	"8"	"8"
"15:05:00"	"2015-07-20"	"Ayr"	"Pearl Blue (IRE)"	"9.00"	"10.81"	"Handicap"	"5"	"12"	"Tudhope, Daniel"	"OMeara, D"	"5f "	"4"	"10"	"13"	"16"
"15:05:00"	"2015-07-20"	"Ayr"	"Ambitious Icarus"	"12.00"	"15.9"	"Handicap"	"9"	"12"	"Butterfield, Mr J"	"Guest, R C"	"5f "	"4"	"10"	"6"	"16"
"14:30:00"	"2015-07-20"	"Ayr"	"Goninodaethat"	"5.00"	"6.64"	"Handicap"	"3"	"9"	"Bartley, Gary"	"Goldie, J S"	"6f "	"5"	"7"	"4"	"7"
"16:45:00"	"2015-07-19"	"Redcar"	"Run Fat Lass Run"	"5.00"	"7.4"	"Handicap"	"2"	"7"	"Sousa, Silvestre De"	"Ellison, B"	"1m "	"5"	"5"	"9"	"12"
"16:10:00"	"2015-07-19"	"Redcar"	"Steelriver (IRE)"	"7.00"	"7.9"	"Handicap"	"5"	"8"	"Makin, Phillip"	"Herrington,M "	"6f "	"4"	"9"	"11"	"16"
"16:10:00"	"2015-07-19"	"Redcar"	"Native Falls (IRE)"	"5.50"	"7.4"	"Handicap"	"7"	"8"	"Gray, S A"	"Swinbank, G A"	"6f "	"4"	"4"	"2"	"8"
"19:10:00"	"2015-07-18"	"Lingfield"	"Indus Valley (IRE)"	"6.00"	"8.07"	"Handicap"	"4"	"7"	"Brown, Thomas"	"Carter, Lee"	"6f "	"6"	"5"	"4"	"13"
"18:50:00"	"2015-07-18"	"Haydock"	"Irish Girls Spirit (IRE)"	"2.50"	"3.7"	"Handicap"	"2"	"7"	"Carberry, Megan"	"Midgley, P T"	"5f "	"5"	"2"	"3"	"5"
"18:50:00"	"2015-07-18"	"Haydock"	"Busy Bimbo (IRE)"	"14.00"	"19"	"Handicap"	"3"	"7"	"Doyle, Joe"	"Berry, A"	"5f "	"5"	"5"	"3"	"7"
"17:40:00"	"2015-07-18"	"Lingfield"	"Know Your Name"	"6.00"	"8.67"	"Handicap"	"3"	"12"	"Prince,Mr P "	"Evans, P D"	"7f "	"6"	"8"	"7"	"8"
"17:40:00"	"2015-07-18"	"Lingfield"	"Bookmaker"	"7.00"	"9.78"	"Handicap"	"8"	"12"	"Carson, William"	"Bridger, J / Cook, R"	"7f "	"6"	"10"	"7"	"13"
"16:35:00"	"2015-07-18"	"Newmarket (July)"	"Athletic"	"4.50"	"5.9"	"Handicap"	"1"	"8"	"Powell, Miss Jennifer"	"Reid, Andrew"	"7f "	"3"	"8"	"9"	"16"
"16:35:00"	"2015-07-18"	"Newmarket (July)"	"Plucky Dip"	"8.00"	"10.83"	"Handicap"	"2"	"8"	"Harley, M"	"Ryan, J"	"7f "	"3"	"7"	"4"	"10"
"16:35:00"	"2015-07-18"	"Newmarket (July)"	"Mezzotint (IRE)"	"7.50"	"10.22"	"Handicap"	"4"	"8"	"Cosgrave, Pat"	"Williams, S C"	"7f "	"3"	"8"	"10"	"16"
"16:35:00"	"2015-07-18"	"Newmarket (July)"	"Langley Vale"	"16.00"	"21.82"	"Handicap"	"8"	"8"	"Sanders, Seb"	"Teal, R A"	"7f "	"3"	"9"	"UR"	"10"
"15:25:00"	"2015-07-18"	"Newmarket (July)"	"Secret Hint"	"2.75"	"4.21"	"Handicap"	"2"	"5"	"Shoemark, Kieran"	"Balding, A M"	"6f "	"3"	"8"	"3"	"12"
"19:50:00"	"2015-07-17"	"Newmarket (July)"	"Crew Cut (IRE)"	"2.75"	"4"	"Handicap"	"1"	"10"	"Atzeni, Andrea"	"Williams, S C"	"6f "	"4"	"7"	"2"	"12"
"19:10:00"	"2015-07-17"	"Hamilton"	"Steventon Star"	"3.00"	"5"	"Handicap"	"2"	"6"	"Ryan, Amy"	"Ryan, K A"	"6f "	"5"	"8"	"5"	"11"
"19:10:00"	"2015-07-17"	"Hamilton"	"Indego Blues"	"3.50"	"4.76"	"Handicap"	"3"	"6"	"Hesketh, Miss A"	"Nicholls, D"	"6f "	"5"	"6"	"3"	"7"
"19:10:00"	"2015-07-17"	"Hamilton"	"Raise A Billion"	"22.00"	"42.2"	"Handicap"	"4"	"6"	"Sullivan, James P"	"Berry, A"	"6f "	"5"	"6"	"8"	"10"
"19:10:00"	"2015-07-17"	"Hamilton"	"Spoken Words"	"14.00"	"16.37"	"Handicap"	"5"	"6"	"Doyle, Joe"	"Riches, John"	"6f "	"5"	"6"	"7"	"10"
"17:15:00"	"2015-07-17"	"Newbury"	"Monarch Maid"	"2.50"	"3.5"	"Handicap"	"3"	"6"	"Bradley, Paddy"	"Hiatt, P W"	"6f "	"5"	"6"	"2"	"8"
"17:15:00"	"2015-07-17"	"Newbury"	"Dangerous Age"	"5.00"	"6.45"	"Handicap"	"4"	"6"	"Gordon, Josephine"	"Moore, J S"	"6f "	"5"	"3"	"1"	"7"
"17:15:00"	"2015-07-17"	"Newbury"	"Joe Packet"	"2.50"	"4.24"	"Handicap"	"6"	"6"	"Blackwell, George"	"Portman, J G"	"6f "	"5"	"6"	"1"	"8"
"16:15:00"	"2015-07-17"	"Newbury"	"Sakash"	"7.00"	"9.13"	"Handicap"	"1"	"8"	"Hanagan, Paul"	"Jenkins, J R"	"7f "	"5"	"6"	"7"	"10"
"16:15:00"	"2015-07-17"	"Newbury"	"Exceeding Power"	"6.00"	"8.6"	"Handicap"	"2"	"8"	"Shoemark, Kieran"	"Bosley, M R"	"7f "	"5"	"9"	"2"	"13"
"15:50:00"	"2015-07-17"	"Haydock"	"Electric Qatar"	"8.00"	"9.22"	"Handicap"	"4"	"7"	"Jessop, Rosie"	"Berry, A"	"5f "	"4"	"1"	"2"	"7"
"18:00:00"	"2015-07-16"	"Doncaster"	"Tinsill"	"8.00"	"9.83"	"Handicap"	"5"	"5"	"Schofield, Kieran"	"Tinkler, N"	"5f "	"5"	"2"	"6"	"8"
"17:35:00"	"2015-07-16"	"Leicester"	"Silvala Dance"	"2.00"	"3.3"	"Handicap"	"1"	"8"	"Clarke, Samuel"	"Wall, C F"	"6f "	"6"	"10"	"1"	"15"
"17:35:00"	"2015-07-16"	"Leicester"	"Born To Fly (IRE)"	"20.00"	"23.18"	"Handicap"	"6"	"8"	"Nicholls, Miss M"	"Dunnett, Mrs C A"	"6f "	"6"	"9"	"11"	"12"
"16:40:00"	"2015-07-16"	"Chepstow"	"Prim And Proper"	"3.00"	"4.16"	"Handicap"	"2"	"5"	"Havlin, Robert"	"Burchell, D"	"1m "	"5"	"7"	"4"	"6"
"16:40:00"	"2015-07-16"	"Chepstow"	"Lady Bayside"	"4.00"	"5.74"	"Handicap"	"5"	"5"	"Gannon, Catherine"	"Saunders, M S"	"1m "	"5"	"6"	"5"	"8"
"16:05:00"	"2015-07-16"	"Chepstow"	"Dandys Perier (IRE)"	"12.00"	"17.33"	"Handicap"	"1"	"11"	"Murphy, Oisin"	"Harris, R A"	"7f "	"6"	"9"	"7"	"9"
"16:05:00"	"2015-07-16"	"Chepstow"	"El Duque"	"5.00"	"6.8"	"Handicap"	"3"	"11"	"While, Mr R"	"Turner, W G M"	"7f "	"6"	"1"	"UR"	"7"
"16:05:00"	"2015-07-16"	"Chepstow"	"Smiley Miley (IRE)"	"100.00"	"350"	"Handicap"	"9"	"11"	"Havlin, Robert"	"Burchell, D"	"7f "	"6"	"10"	"7"	"7"
"15:35:00"	"2015-07-16"	"Chepstow"	"Peak Storm"	"3.00"	"4.5"	"Handicap"	"2"	"12"	"Greatrex, Edward"	"Oshea, J G M"	"7f "	"6"	"6"	"1"	"8"
"15:35:00"	"2015-07-16"	"Chepstow"	"Gypsy Rider"	"7.00"	"9.6"	"Handicap"	"8"	"12"	"Walsh, E J"	"Tett, Henry"	"7f "	"6"	"9"	"1"	"9"
"15:35:00"	"2015-07-16"	"Chepstow"	"Blue Clumber"	"33.00"	"45.88"	"Handicap"	"9"	"12"	"Teasdale, Shirley"	"Harris, S A"	"7f "	"6"	"8"	"10"	"13"
"15:15:00"	"2015-07-16"	"Hamilton"	"Mystical King"	"40.00"	"56.69"	"Maiden"	"3"	"6"	"Mulrennan, Paul"	"Perratt, Miss L A"	"6f "	"6"	"10"	"10"	"11"
"15:15:00"	"2015-07-16"	"Hamilton"	"Partners Gold (IRE)"	"66.00"	"181.96"	"Maiden"	"6"	"6"	"Grundy, Nicola"	"Berry, A"	"6f "	"6"	"8"	"11"	"11"
"15:00:00"	"2015-07-16"	"Chepstow"	"Midnight Rider (IRE)"	"8.00"	"9.2"	"Handicap"	"1"	"11"	"Murphy, Oisin"	"Millman, B R"	"6f "	"4"	"6"	"10"	"12"
"15:00:00"	"2015-07-16"	"Chepstow"	"Pandar"	"16.00"	"18.68"	"Handicap"	"6"	"11"	"Hornby, Rob"	"Bradley, J M"	"6f "	"4"	"7"	"8"	"10"
"14:40:00"	"2015-07-16"	"Hamilton"	"Saxonette"	"7.50"	"9.1"	"Handicap"	"6"	"7"	"Lee, G"	"Perratt, Miss L A"	"5f "	"6"	"3"	"4"	"7"
"14:00:00"	"2015-07-16"	"Chepstow"	"Hit The Lights (IRE)"	"2.50"	"3.98"	"Handicap"	"1"	"10"	"Probert, David"	"Chamings, P R"	"5f "	"6"	"8"	"2"	"8"
"14:00:00"	"2015-07-16"	"Chepstow"	"Top Cop"	"5.00"	"7.72"	"Handicap"	"2"	"10"	"Cosham, Matthew"	"Harris, R A"	"5f "	"6"	"8"	"3"	"10"
"14:00:00"	"2015-07-16"	"Chepstow"	"Spray Tan"	"10.00"	"12.62"	"Handicap"	"3"	"10"	"Marquand, Tom"	"Carroll, A W"	"5f "	"6"	"8"	"6"	"10"
"14:00:00"	"2015-07-16"	"Chepstow"	"Very First Blade"	"8.00"	"9.45"	"Handicap"	"4"	"10"	"Stones, Lewis"	"Mullineaux, M"	"5f "	"6"	"6"	"6"	"11"
"14:00:00"	"2015-07-16"	"Chepstow"	"Diamond Vine (IRE)"	"25.00"	"32"	"Handicap"	"8"	"10"	"Drowne, Steve"	"Harris, R A"	"5f "	"6"	"3"	"9"	"13"
"15:25:00"	"2015-07-14"	"Beverley"	"Thornaby Princess"	"3.00"	"4.5"	"Handicap"	"3"	"10"	"Makin, Phillip"	"Fife, Mrs Marjorie"	"5f "	"6"	"10"	"3"	"7"
"18:00:00"	"2015-07-13"	"Windsor"	"Diamond Vine (IRE)"	"16.00"	"20.25"	"Handicap"	"9"	"13"	"Greatrex, Edward"	"Harris, R A"	"6f "	"6"	"6"	"10"	"12"
"16:05:00"	"2015-07-13"	"Ayr"	"Chookies Lass"	"2.00"	"3.35"	"Handicap"	"2"	"7"	"Lynch, Fergal"	"Dalgleish, Keith"	"5f "	"6"	"4"	"5"	"9"
"16:05:00"	"2015-07-13"	"Ayr"	"Busy Bimbo (IRE)"	"7.00"	"9.4"	"Handicap"	"3"	"7"	"Doyle, Joe"	"Berry, A"	"5f "	"6"	"8"	"5"	"12"
"16:05:00"	"2015-07-13"	"Ayr"	"Saxonette"	"5.50"	"7.4"	"Handicap"	"4"	"7"	"McDonald, P J"	"Perratt, Miss L A"	"5f "	"6"	"7"	"3"	"8"
"15:30:00"	"2015-07-13"	"Ayr"	"Order Of Service"	"5.00"	"7"	"Handicap"	"1"	"7"	"Bartley, Gary"	"Goldie, J S"	"6f "	"5"	"8"	"3"	"14"
"15:30:00"	"2015-07-13"	"Ayr"	"Goninodaethat"	"4.00"	"5.03"	"Handicap"	"4"	"7"	"Lynch, Fergal"	"Goldie, J S"	"6f "	"5"	"7"	"1"	"9"
"15:30:00"	"2015-07-13"	"Ayr"	"Pitt Rivers"	"16.00"	"20.75"	"Handicap"	"7"	"7"	"Fanning, Joe"	"Perratt, Miss L A"	"6f "	"5"	"7"	"7"	"11"
"19:45:00"	"2015-07-11"	"Hamilton"	"Affectionate Lady (IRE)"	"4.00"	"5.4"	"Handicap"	"1"	"10"	"Gemelova, Natalia"	"Reveley, K G"	"6f "	"6"	"5"	"3"	"9"
"19:45:00"	"2015-07-11"	"Hamilton"	"Bearskin (IRE)"	"5.50"	"6.85"	"Handicap"	"9"	"10"	"Swift, Mr Dale"	"Duffield, Mrs A"	"6f "	"6"	"5"	"5"	"9"
"19:15:00"	"2015-07-11"	"Hamilton"	"Orient Sky"	"8.50"	"10.76"	"Handicap"	"2"	"7"	"Latham, K"	"Midgley, P T"	"6f "	"5"	"5"	"6"	"9"
"19:15:00"	"2015-07-11"	"Hamilton"	"Indego Blues"	"3.50"	"4.98"	"Handicap"	"3"	"7"	"Hesketh, Miss A"	"Nicholls, D"	"6f "	"5"	"7"	"1"	"7"
"19:15:00"	"2015-07-11"	"Hamilton"	"New Lease Of Life"	"3.33"	"5"	"Handicap"	"6"	"7"	"Bartley, Gary"	"Dalgleish, Keith"	"6f "	"5"	"7"	"2"	"7"
"20:00:00"	"2015-07-10"	"Chepstow"	"Lady Bayside"	"4.00"	"5.7"	"Handicap"	"5"	"8"	"Gannon, Catherine"	"Saunders, M S"	"1m "	"5"	"10"	"3"	"5"
"19:05:00"	"2015-07-10"	"Navan"	"Catwilldo (IRE)"	"3.50"	"4.94"	"Handicap"	"1"	"9"	"Downey, R P"	"Donnelly, Garvan"	"5f "	"0"	"8"	"1"	"9"
"19:05:00"	"2015-07-10"	"Navan"	"Blueberry Gal (IRE)"	"3.00"	"4.62"	"Handicap"	"2"	"9"	"OBrien, Ana"	"Grassick, M C"	"5f "	"0"	"8"	"3"	"9"
"19:05:00"	"2015-07-10"	"Navan"	"Clear Focus (IRE)"	"14.00"	"36"	"Handicap"	"5"	"9"	"Halpin, G P"	"McCourt, T G"	"5f "	"0"	"8"	"4"	"9"
"19:00:00"	"2015-07-10"	"Chepstow"	"See Vermont"	"5.00"	"7"	"Handicap"	"1"	"9"	"Twiston-Davies, Mr W"	"Bastiman, Rebecca"	"5f "	"5"	"7"	"2"	"15"
"19:00:00"	"2015-07-10"	"Chepstow"	"Narborough"	"16.00"	"26.68"	"Handicap"	"6"	"9"	"Bishop, Charles"	"Channon, M R"	"5f "	"5"	"8"	"6"	"8"
"19:00:00"	"2015-07-10"	"Chepstow"	"Swendab (IRE)"	"8.00"	"9.8"	"Handicap"	"UR"	"9"	"Morris, Luke"	"Oshea, J G M"	"5f "	"5"	"8"	"4"	"6"
"17:20:00"	"2015-07-10"	"Ascot"	"Mutawathea"	"1.25"	"2.46"	"Handicap"	"3"	"7"	"Jones, Mr A T"	"Crisford, Simon"	"1m "	"4"	"9"	"1"	"13"
"16:00:00"	"2015-07-10"	"York"	"Ambitious Icarus"	"10.00"	"12.17"	"Handicap"	"6"	"16"	"Hornby, Rob"	"Guest, R C"	"5f "	"3"	"4"	"4"	"14"
"16:00:00"	"2015-07-10"	"York"	"Addictive Dream (IRE)"	"33.00"	"65"	"Handicap"	"8"	"16"	"McHugh, B"	"Watson, F"	"5f "	"3"	"10"	"2"	"4"
"16:00:00"	"2015-07-10"	"York"	"Steelriver (IRE)"	"6.00"	"7.31"	"Handicap"	"11"	"16"	"Makin, Phillip"	"Herrington,M "	"5f "	"3"	"9"	"3"	"8"
"16:00:00"	"2015-07-10"	"York"	"Pearl Blue (IRE)"	"12.00"	"16"	"Handicap"	"13"	"16"	"James, S H"	"OMeara, D"	"5f "	"3"	"4"	"6"	"14"
"16:00:00"	"2015-07-10"	"York"	"Pea Shooter"	"16.00"	"17.7"	"Handicap"	"16"	"16"	"Nason, Jordan"	"Fife, Mrs Marjorie"	"5f "	"3"	"6"	"10"	"16"
"17:10:00"	"2015-07-09"	"Doncaster"	"Sleeping Apache (IRE)"	"1.63"	"2.88"	"Handicap"	"4"	"8"	"Dennis, Phil"	"Dods, M"	"5f "	"5"	"10"	"2"	"8"
"17:10:00"	"2015-07-09"	"Doncaster"	"Coiste BoDhar (IRE)"	"16.00"	"21"	"Handicap"	"8"	"8"	"Swift, Mr Dale"	"Dixon, Scott"	"5f "	"5"	"9"	"3"	"7"
"15:00:00"	"2015-07-09"	"Carlisle"	"Heroique (IRE)"	"12.00"	"16.14"	"Handicap"	"2"	"9"	"Fentiman, Duran"	"Easterby, T D"	"6f "	"4"	"5"	"4"	"7"
"15:00:00"	"2015-07-09"	"Carlisle"	"Bondi Beach Babe"	"6.00"	"6.92"	"Handicap"	"9"	"9"	"Godwin, Mitch"	"Turner, J R"	"6f "	"4"	"6"	"4"	"15"
"19:30:00"	"2015-07-08"	"Naas"	"Fairy Foxglove (IRE)"	"4.00"	"5.6"	"Handicap"	"2"	"12"	"Coakley, Ross"	"Murphy, P J F"	"6f "	"0"	"7"	"2"	"12"
"19:30:00"	"2015-07-08"	"Naas"	"Aye Aye Skipper (IRE)"	"25.00"	"44"	"Handicap"	"5"	"12"	"OBrien, Ana"	"Levins, J F"	"6f "	"0"	"7"	"7"	"8"
"19:25:00"	"2015-07-06"	"Windsor"	"Storm Lightning"	"16.00"	"24.21"	"Handicap"	"6"	"10"	"Muscutt, D"	"Brisbourne, W M"	"5f "	"4"	"9"	"1"	"10"
"17:55:00"	"2015-07-06"	"Windsor"	"Hardy Black (IRE)"	"4.00"	"4.98"	"Handicap"	"4"	"15"	"Steward, Louis"	"Frost, Kevin"	"6f "	"6"	"5"	"3"	"12"
"17:55:00"	"2015-07-06"	"Windsor"	"Tyrsal (IRE)"	"25.00"	"32"	"Handicap"	"6"	"15"	"Atkinson, Toby"	"Lines, Clifford"	"6f "	"6"	"5"	"5"	"8"
"17:55:00"	"2015-07-06"	"Windsor"	"Nelsons Pride"	"40.00"	"96.48"	"Handicap"	"13"	"15"	"Ingram, Rhiain B"	"Ingram, R"	"6f "	"6"	"7"	"6"	"9"
"17:55:00"	"2015-07-06"	"Windsor"	"Hi Empress (IRE)"	"9.00"	"11.7"	"Handicap"	"15"	"15"	"Muscutt, D"	"Donovan, D"	"6f "	"6"	"6"	"1"	"12"
"17:05:00"	"2015-07-06"	"Ayr"	"Ambitious Icarus"	"12.00"	"14.97"	"Handicap"	"4"	"14"	"Hornby, Rob"	"Guest, R C"	"5f "	"3"	"5"	"6"	"8"
"17:05:00"	"2015-07-06"	"Ayr"	"Jinky"	"20.00"	"21.43"	"Handicap"	"7"	"14"	"Haynes, Joey"	"Perratt, Miss L A"	"5f "	"3"	"1"	"9"	"14"
"17:05:00"	"2015-07-06"	"Ayr"	"Jubilee Brig"	"12.00"	"15.08"	"Handicap"	"14"	"14"	"Curtis, B A"	"Swinbank, G A"	"5f "	"3"	"6"	"5"	"7"
"15:05:00"	"2015-07-06"	"Ayr"	"Orient Sky"	"3.00"	"4.6"	"Handicap"	"6"	"9"	"Lee, G"	"Midgley, P T"	"6f "	"6"	"10"	"5"	"14"
"15:05:00"	"2015-07-06"	"Ayr"	"Bannock Town"	"150.00"	"340"	"Handicap"	"9"	"9"	"Doyle, Joe"	"Perratt, Miss L A"	"6f "	"6"	"6"	"10"	"11"
"17:15:00"	"2015-07-05"	"Ayr"	"White Flag"	"6.00"	"8.6"	"Handicap"	"2"	"12"	"Easterby, William"	"Easterby, T D"	"5f "	"6"	"4"	"6"	"12"
"17:15:00"	"2015-07-05"	"Ayr"	"Busy Bimbo (IRE)"	"22.00"	"34"	"Handicap"	"5"	"12"	"Murtagh, Lorcan"	"Berry, A"	"5f "	"6"	"6"	"3"	"7"
"17:15:00"	"2015-07-05"	"Ayr"	"Jumbo Steps (IRE)"	"12.00"	"19.5"	"Handicap"	"8"	"12"	"Bartley, Mrs C"	"Goldie, J S"	"5f "	"6"	"9"	"11"	"14"
"17:15:00"	"2015-07-05"	"Ayr"	"Threes Grand"	"8.00"	"11"	"Handicap"	"9"	"12"	"Locking, Mr K"	"Dixon, Scott"	"5f "	"6"	"5"	"7"	"10"
"17:15:00"	"2015-07-05"	"Ayr"	"Electric Qatar"	"14.00"	"16.5"	"Handicap"	"10"	"12"	"Sanders, Miss L"	"Berry, A"	"5f "	"6"	"10"	"4"	"6"
"17:15:00"	"2015-07-05"	"Ayr"	"Ya Boy Sir (IRE)"	"9.00"	"10.5"	"Handicap"	"11"	"12"	"Brotherton, Miss S"	"Jardine, I"	"5f "	"6"	"10"	"4"	"7"
"16:45:00"	"2015-07-05"	"Ayr"	"Exotic Guest"	"12.00"	"15.74"	"Handicap"	"1"	"14"	"Sullivan, James P"	"Carr, Mrs R A"	"6f "	"5"	"9"	"10"	"14"
"16:45:00"	"2015-07-05"	"Ayr"	"Rock Canyon (IRE)"	"33.00"	"47.33"	"Handicap"	"5"	"14"	"McDonald, P J"	"Perratt, Miss L A"	"6f "	"5"	"10"	"7"	"7"
"19:05:00"	"2015-07-04"	"Carlisle"	"Ill Be Good"	"3.50"	"5.44"	"Handicap"	"1"	"7"	"Lynch, Fergal"	"Berry, A"	"5f "	"5"	"7"	"8"	"10"
"19:05:00"	"2015-07-04"	"Carlisle"	"Lami Louis (IRE)"	"11.00"	"15"	"Handicap"	"7"	"7"	"Beasley, Connor"	"Semple, I"	"5f "	"5"	"8"	"12"	"14"
"18:05:00"	"2015-07-04"	"Carlisle"	"Heroique (IRE)"	"3.00"	"4.37"	"Handicap"	"4"	"7"	"Richardson, Rachel"	"Easterby, T D"	"6f "	"5"	"8"	"4"	"14"
"18:05:00"	"2015-07-04"	"Carlisle"	"Amis Reunis"	"20.00"	"23"	"Handicap"	"6"	"7"	"Sayer, Miss E C"	"Berry, A"	"6f "	"5"	"4"	"9"	"10"
"17:20:00"	"2015-07-04"	"Beverley"	"Ski Blast"	"6.00"	"8.03"	"Maiden"	"5"	"8"	"Birkett, Shelley"	"Furtado, Ivan"	"5f "	"5"	"7"	"2"	"7"
"17:20:00"	"2015-07-04"	"Beverley"	"Capelita"	"2.50"	"3.95"	"Maiden"	"6"	"8"	"Steward, Louis"	"Brittain, C E"	"5f "	"5"	"8"	"3"	"7"
"16:35:00"	"2015-07-04"	"Haydock"	"Whozthecat (IRE)"	"25.00"	"36.41"	"Handicap"	"6"	"11"	"Brennan, I J"	"Carroll, D"	"6f "	"4"	"7"	"9"	"9"
"16:35:00"	"2015-07-04"	"Haydock"	"Baltic Prince (IRE)"	"33.00"	"52.95"	"Handicap"	"9"	"11"	"Marquand, Tom"	"Carroll, A W"	"6f "	"4"	"10"	"7"	"8"
"16:35:00"	"2015-07-04"	"Haydock"	"Royal Connoisseur (IRE)"	"7.00"	"8.6"	"Handicap"	"10"	"11"	"Hamilton, Tony"	"Fahey, R A"	"6f "	"4"	"7"	"5"	"9"
"15:00:00"	"2015-07-04"	"Beverley"	"Rusty Rocket (IRE)"	"7.00"	"9.2"	"Handicap"	"3"	"16"	"Makin, Phillip"	"Green, Paul"	"5f "	"4"	"7"	"2"	"10"
"15:00:00"	"2015-07-04"	"Beverley"	"Flash City (ITY)"	"8.00"	"11.88"	"Handicap"	"9"	"16"	"Sullivan, James P"	"Carr, Mrs R A"	"5f "	"4"	"9"	"1"	"6"
"15:00:00"	"2015-07-04"	"Beverley"	"Imperial Legend (IRE)"	"18.00"	"29.74"	"Handicap"	"13"	"16"	"Norton, Francis"	"Nicholls, D"	"5f "	"4"	"8"	"3"	"8"
"14:05:00"	"2015-07-04"	"Leicester"	"Lucky Di"	"7.00"	"8.86"	"Handicap"	"1"	"9"	"Bishop, Charles"	"Hedger, P R"	"6f "	"5"	"10"	"5"	"10"
"14:05:00"	"2015-07-04"	"Leicester"	"Meandmyshadow"	"4.50"	"5.9"	"Handicap"	"8"	"9"	"Swift, Mr Dale"	"Brown, A D"	"6f "	"5"	"8"	"2"	"14"
"20:45:00"	"2015-07-03"	"Beverley"	"See Vermont"	"11.00"	"15.62"	"Handicap"	"2"	"15"	"Mulrennan, Paul"	"Bastiman, Rebecca"	"5f "	"6"	"10"	"4"	"11"
"20:45:00"	"2015-07-03"	"Beverley"	"Bondi Beach Babe"	"2.00"	"3.45"	"Handicap"	"4"	"15"	"Godwin, Mitch"	"Turner, J R"	"5f "	"6"	"10"	"1"	"11"
"20:45:00"	"2015-07-03"	"Beverley"	"Under Approval"	"20.00"	"32.95"	"Handicap"	"11"	"15"	"Tutty, Gemma"	"Tutty, Mrs K J"	"5f "	"6"	"8"	"1"	"7"
"17:20:00"	"2015-07-03"	"Doncaster"	"Whitecrest"	"7.00"	"10.67"	"Handicap"	"7"	"8"	"Twiston-Davies, Mr W"	"Spearing, J L"	"5f "	"4"	"9"	"3"	"7"
"15:35:00"	"2015-07-03"	"Doncaster"	"Victoire De Lyphar (IRE)"	"7.00"	"10.83"	"Handicap"	"2"	"9"	"Sullivan, James P"	"Carr, Mrs R A"	"7f "	"3"	"6"	"2"	"9"
"14:20:00"	"2015-07-03"	"Sandown"	"Ask The Guru"	"14.00"	"20"	"Handicap"	"7"	"9"	"Havlin, Robert"	"Attwater, M J"	"5f "	"3"	"10"	"3"	"7"
"18:30:00"	"2015-07-02"	"Newbury"	"Swendab (IRE)"	"4.50"	"5.91"	"Handicap"	"4"	"6"	"Mckee, Ciaran"	"Oshea, J G M"	"5f "	"5"	"8"	"2"	"7"
"18:25:00"	"2015-07-02"	"Tipperary"	"Tylery Wonder (IRE)"	"4.50"	"5.31"	"Handicap"	"1"	"5"	"Lee, W J"	"McCreery, W"	"5f "	"0"	"4"	"19"	"21"
"18:25:00"	"2015-07-02"	"Tipperary"	"Oor Jock (IRE)"	"3.00"	"3.95"	"Handicap"	"2"	"5"	"McDonogh, D P"	"McGuinness, Adrian"	"5f "	"0"	"6"	"6"	"12"
"18:10:00"	"2015-07-02"	"Bellewstown"	"Catwilldo (IRE)"	"4.00"	"4.71"	"Handicap"	"1"	"9"	"Phillips, G J"	"Donnelly, Garvan"	"5f "	"0"	"8"	"3"	"20"
"18:10:00"	"2015-07-02"	"Bellewstown"	"Clear Focus (IRE)"	"20.00"	"26.97"	"Handicap"	"4"	"9"	"Halpin, G P"	"McCourt, T G"	"5f "	"0"	"8"	"10"	"20"
"15:30:00"	"2015-07-01"	"Thirsk"	"Hardy Black (IRE)"	"8.00"	"9.2"	"Handicap"	"3"	"12"	"Eaves, Tom"	"Frost, Kevin"	"6f "	"6"	"9"	"7"	"10"
"15:30:00"	"2015-07-01"	"Thirsk"	"Walk Right Back (IRE)"	"40.00"	"39.93"	"Handicap"	"12"	"12"	"Lee, G"	"Hammond, Micky"	"6f "	"6"	"8"	"8"	"10"
"18:40:00"	"2015-06-30"	"Chepstow"	"Consistant"	"12.00"	"20.6"	"Handicap"	"10"	"12"	"Egan, John"	"Baugh, B P J"	"6f "	"6"	"8"	"5"	"10"
"17:15:00"	"2015-06-30"	"Hamilton"	"Amis Reunis"	"11.00"	"13.03"	"Handicap"	"9"	"10"	"Mathers, Patrick"	"Berry, A"	"5f "	"6"	"7"	"2"	"11"
"16:15:00"	"2015-06-30"	"Hamilton"	"Stonefield Flyer"	"1.75"	"2.62"	"Handicap"	"2"	"7"	"Makin, Phillip"	"Dalgleish, Keith"	"6f "	"4"	"5"	"2"	"7"
"15:45:00"	"2015-06-30"	"Hamilton"	"Addictive Dream (IRE)"	"14.00"	"14.6"	"Non-Handicap"	"2"	"4"	"McHugh, B"	"Watson, F"	"5f "	"3"	"4"	"7"	"9"
"20:15:00"	"2015-06-29"	"Musselburgh"	"Thorntoun Lady (USA)"	"16.00"	"19.08"	"Handicap"	"1"	"7"	"Lynch, Fergal"	"Goldie, J S"	"5f "	"5"	"9"	"8"	"8"
"20:15:00"	"2015-06-29"	"Musselburgh"	"Busy Bimbo (IRE)"	"18.00"	"25"	"Handicap"	"3"	"7"	"Doyle, Joe"	"Berry, A"	"5f "	"5"	"9"	"8"	"8"
"18:30:00"	"2015-06-29"	"Windsor"	"Castorienta"	"0.91"	"2.09"	"Seller"	"3"	"7"	"Cosgrave, Pat"	"Baker, George"	"6f "	"6"	"5"	"2"	"10"
"20:45:00"	"2015-06-27"	"Doncaster"	"Victoire De Lyphar (IRE)"	"12.00"	"19"	"Handicap"	"2"	"9"	"Sullivan, James P"	"Carr, Mrs R A"	"7f "	"4"	"7"	"7"	"8"
"20:15:00"	"2015-06-27"	"Doncaster"	"Bahamian Heights"	"9.00"	"10.99"	"Handicap"	"1"	"9"	"Steward, Louis"	"Brittain, C E"	"6f "	"4"	"7"	"13"	"13"
"19:25:00"	"2015-06-27"	"Lingfield"	"Zaeem"	"2.25"	"3.33"	"Handicap"	"1"	"12"	"Murphy, Oisin"	"Furtado, Ivan"	"7f "	"6"	"5"	"1"	"10"
"19:25:00"	"2015-06-27"	"Lingfield"	"Top Offer"	"12.00"	"16.5"	"Handicap"	"3"	"12"	"Kirby, Adam"	"Crate, Peter"	"7f "	"6"	"9"	"5"	"10"
"19:25:00"	"2015-06-27"	"Lingfield"	"Hawk Moth (IRE)"	"14.00"	"18.96"	"Handicap"	"6"	"12"	"Morris, Luke"	"Spearing, J L"	"7f "	"6"	"5"	"7"	"11"
"19:25:00"	"2015-06-27"	"Lingfield"	"Medam"	"33.00"	"54.31"	"Handicap"	"11"	"12"	"Murphy, Michael J M"	"Harris, S A"	"7f "	"6"	"9"	"5"	"7"
"18:15:00"	"2015-06-27"	"Lingfield"	"Picansort"	"4.50"	"5.82"	"Handicap"	"3"	"7"	"Morris, Luke"	"Crate, Peter"	"5f "	"5"	"9"	"3"	"4"
"18:15:00"	"2015-06-27"	"Lingfield"	"Pharoh Jake"	"4.00"	"5.1"	"Handicap"	"5"	"7"	"Carson, William"	"Bridger, J / Cook, R"	"5f "	"5"	"9"	"2"	"6"
"17:10:00"	"2015-06-27"	"Newmarket (July)"	"Bint Dandy (IRE)"	"12.00"	"17.01"	"Handicap"	"6"	"8"	"Shoemark, Kieran"	"Dwyer, C A"	"1m "	"3"	"9"	"2"	"11"
"17:05:00"	"2015-06-27"	"Windsor"	"Hipz (IRE)"	"6.00"	"7.2"	"Handicap"	"1"	"10"	"Nicholls, Miss M"	"Mongan, Mrs L J"	"6f "	"5"	"4"	"4"	"9"
"17:05:00"	"2015-06-27"	"Windsor"	"Birdie Queen"	"20.00"	"27"	"Handicap"	"3"	"10"	"Nuttall, Mr J"	"Moore, Gary and Josh"	"6f "	"5"	"4"	"8"	"9"
"17:05:00"	"2015-06-27"	"Windsor"	"Bush Warrior (IRE)"	"2.50"	"4"	"Handicap"	"4"	"10"	"Marquand, Tom"	"Eddery, Robert"	"6f "	"5"	"9"	"1"	"10"
"17:05:00"	"2015-06-27"	"Windsor"	"Gung Ho Jack"	"5.00"	"6.6"	"Handicap"	"6"	"10"	"Harrigan, Tomas"	"Best, J R"	"6f "	"5"	"8"	"3"	"9"
"21:00:00"	"2015-06-26"	"Newmarket (July)"	"Indian Tinker"	"6.00"	"8.8"	"Handicap"	"3"	"8"	"Monaghan, M M "	"Cowell, R M H"	"5f "	"4"	"3"	"2"	"7"
"21:00:00"	"2015-06-26"	"Newmarket (July)"	"Free Zone"	"20.00"	"30.7"	"Handicap"	"5"	"8"	"Hanagan, Paul"	"Cowell, R M H"	"5f "	"4"	"9"	"5"	"8"
"21:00:00"	"2015-06-26"	"Newmarket (July)"	"Come On Dave (IRE)"	"7.50"	"8.72"	"Handicap"	"7"	"8"	"Harley, M"	"McEntee, P S"	"5f "	"4"	"8"	"3"	"6"
"20:45:00"	"2015-06-26"	"Newcastle"	"Buckland Beau"	"2.00"	"3.29"	"Handicap"	"7"	"14"	"Tylicki, Frederik"	"Fellowes, Charlie"	"6f "	"5"	"10"	"2"	"13"
"20:45:00"	"2015-06-26"	"Newcastle"	"Munjally"	"18.00"	"26"	"Handicap"	"8"	"14"	"Farley, Neil"	"Holmes, P F"	"6f "	"5"	"9"	"5"	"11"
"18:25:00"	"2015-06-26"	"Curragh"	"Shipyard (USA)"	"6.00"	"7.63"	"Handicap"	"3"	"12"	"Lee, W J"	"Oliver, Andrew"	"6f "	"0"	"6"	"2"	"8"
"18:25:00"	"2015-06-26"	"Curragh"	"Maria Montez"	"40.00"	"119.42"	"Handicap"	"11"	"12"	"Lordan, W M"	"Doyle, Timothy"	"6f "	"0"	"7"	"10"	"10"
"17:45:00"	"2015-06-26"	"Newmarket (July)"	"Tizlove Regardless (USA)"	"3.50"	"4.8"	"Handicap"	"1"	"8"	"ONeill, Dane"	"Johnston, M"	"1m "	"5"	"7"	"2"	"7"
"17:45:00"	"2015-06-26"	"Newmarket (July)"	"Lus Buddy (GR)"	"2.50"	"3.79"	"Handicap"	"3"	"8"	"Shoemark, Kieran"	"Perrett, Mrs A J"	"1m "	"5"	"7"	"1"	"14"
"21:10:00"	"2015-06-25"	"Hamilton"	"Stonefield Flyer"	"4.50"	"6.2"	"Handicap"	"2"	"7"	"Makin, Phillip"	"Dalgleish, Keith"	"6f "	"5"	"8"	"1"	"11"
"21:10:00"	"2015-06-25"	"Hamilton"	"Chookies Lass"	"6.00"	"8.6"	"Handicap"	"5"	"7"	"Lee, G"	"Dalgleish, Keith"	"6f "	"5"	"10"	"3"	"14"
"21:00:00"	"2015-06-25"	"Newbury"	"Archie Stevens"	"4.50"	"6.16"	"Handicap"	"1"	"9"	"Prince,Mr P "	"Evans, P D"	"5f "	"5"	"2"	"5"	"6"
"20:40:00"	"2015-06-25"	"Hamilton"	"Emily Davison (IRE)"	"2.00"	"3"	"Handicap Seller"	"2"	"7"	"Fanning, Joe"	"Dalton, Heather"	"5f "	"6"	"7"	"7"	"9"
"20:10:00"	"2015-06-25"	"Hamilton"	"Flash City (ITY)"	"4.00"	"5.78"	"Handicap"	"1"	"6"	"Sullivan, James P"	"Carr, Mrs R A"	"5f "	"4"	"7"	"2"	"7"
"20:10:00"	"2015-06-25"	"Hamilton"	"Rothesay Chancer"	"3.33"	"4.53"	"Handicap"	"2"	"6"	"Lynch, Fergal"	"Goldie, J S"	"5f "	"4"	"5"	"4"	"6"
"20:10:00"	"2015-06-25"	"Hamilton"	"Slim Chance (IRE)"	"4.00"	"5.2"	"Handicap"	"6"	"6"	"Jessop, Rosie"	"West, S G"	"5f "	"4"	"8"	"6"	"11"
"17:30:00"	"2015-06-25"	"Newmarket (July)"	"Refuse Colette (IRE)"	"12.00"	"13.38"	"Handicap"	"5"	"6"	"Carson, William"	"Quinn, M"	"6f "	"4"	"7"	"3"	"7"
"19:00:00"	"2015-06-24"	"Naas"	"Longfield Lad (IRE)"	"14.00"	"24.57"	"Handicap"	"2"	"20"	"Cleary, R P"	"Walsh, John J"	"6f "	"0"	"10"	"12"	"18"
"19:00:00"	"2015-06-24"	"Naas"	"Catwilldo (IRE)"	"14.00"	"23.61"	"Handicap"	"3"	"20"	"Phillips, G J"	"Donnelly, Garvan"	"6f "	"0"	"9"	"6"	"14"
"19:00:00"	"2015-06-24"	"Naas"	"Three Pips"	"33.00"	"160.51"	"Handicap"	"19"	"20"	"Linehan, Denis"	"Kelly, Muredach"	"6f "	"0"	"9"	"11"	"11"
"14:40:00"	"2015-06-24"	"Salisbury"	"Waseem Faris (IRE)"	"12.00"	"15.61"	"Handicap"	"1"	"7"	"Mahon, Gary"	"Cunningham-Brown, K O"	"5f "	"4"	"10"	"3"	"5"
"14:40:00"	"2015-06-24"	"Salisbury"	"Whitecrest"	"4.50"	"6.8"	"Handicap"	"3"	"7"	"Hardie, Cameron"	"Spearing, J L"	"5f "	"4"	"4"	"2"	"5"
"14:40:00"	"2015-06-24"	"Salisbury"	"Midnight Rider (IRE)"	"5.00"	"6.33"	"Handicap"	"6"	"7"	"Murphy, Oisin"	"Millman, B R"	"5f "	"4"	"9"	"3"	"8"
"14:40:00"	"2015-06-24"	"Salisbury"	"Dishy Guru"	"9.00"	"10.15"	"Handicap"	"7"	"7"	"Hanagan, Paul"	"Blanshard, M"	"5f "	"4"	"6"	"4"	"6"
"17:50:00"	"2015-06-23"	"Leicester"	"Red Invader (IRE)"	"4.00"	"4.53"	"Handicap"	"1"	"6"	"Wilson, Mrs R"	"DArcy, P W"	"5f "	"5"	"5"	"1"	"9"
"17:50:00"	"2015-06-23"	"Leicester"	"Captain Whoosh (IRE)"	"6.00"	"8.35"	"Handicap"	"6"	"6"	"Brotherton, Miss S"	"Quinn, J J"	"5f "	"5"	"5"	"5"	"7"
"17:15:00"	"2015-06-23"	"Beverley"	"Bondi Beach Babe"	"2.50"	"4.29"	"Handicap"	"1"	"11"	"Godwin, Mitch"	"Turner, J R"	"5f "	"6"	"6"	"2"	"9"
"16:45:00"	"2015-06-22"	"Chepstow"	"Consistant"	"20.00"	"23.25"	"Handicap"	"5"	"10"	"Bishop, Charles"	"Baugh, B P J"	"6f "	"5"	"7"	"11"	"14"
"19:30:00"	"2015-06-20"	"Lingfield"	"Silverrica (IRE)"	"1.75"	"2.8"	"Handicap"	"1"	"5"	"Gannon, Catherine"	"Saunders, M S"	"5f "	"5"	"7"	"3"	"8"
"19:30:00"	"2015-06-20"	"Lingfield"	"Whitecrest"	"2.75"	"4.05"	"Handicap"	"2"	"5"	"Mahon, Gary"	"Spearing, J L"	"5f "	"5"	"10"	"1"	"6"
"18:45:00"	"2015-06-20"	"Haydock"	"Lady Gibraltar"	"2.50"	"3.9"	"Handicap"	"1"	"8"	"Vaughan, Jordan"	"Jarvis, Timothy"	"5f "	"4"	"9"	"3"	"8"
"18:45:00"	"2015-06-20"	"Haydock"	"Busy Bimbo (IRE)"	"16.00"	"20"	"Handicap"	"8"	"8"	"Bell, Samantha"	"Berry, A"	"5f "	"4"	"2"	"3"	"7"
"18:30:00"	"2015-06-20"	"Lingfield"	"Babyfact"	"12.00"	"16.74"	"Handicap"	"2"	"6"	"Gannon, Catherine"	"Saunders, M S"	"7.5f "	"5"	"8"	"4"	"9"
"18:30:00"	"2015-06-20"	"Lingfield"	"Twenty One Choice (IRE)"	"1.10"	"2.33"	"Handicap"	"3"	"6"	"Cosgrave, Pat"	"De Giles, Ed"	"7.5f "	"5"	"8"	"2"	"6"
"17:25:00"	"2015-06-20"	"Ayr"	"Opt Out"	"10.00"	"16"	"Handicap"	"7"	"8"	"McDonald, P J"	"Whillans, A C"	"6f "	"4"	"7"	"3"	"7"
"17:10:00"	"2015-06-20"	"Redcar"	"Knockamany Bends (IRE)"	"12.00"	"17.04"	"Maiden"	"4"	"7"	"Lavery, G"	"Wainwright, J S"	"6f "	"5"	"1"	"6"	"11"
"16:50:00"	"2015-06-20"	"Ayr"	"Lexington Place"	"3.50"	"5.3"	"Handicap"	"1"	"6"	"Sullivan, James P"	"Carr, Mrs R A"	"5f "	"3"	"9"	"1"	"8"
"16:50:00"	"2015-06-20"	"Ayr"	"Rothesay Chancer"	"7.00"	"10.04"	"Handicap"	"4"	"6"	"Bartley, Gary"	"Goldie, J S"	"5f "	"3"	"7"	"10"	"16"
"16:50:00"	"2015-06-20"	"Ayr"	"Classy Anne"	"7.00"	"10.55"	"Handicap"	"6"	"6"	"Lynch, Fergal"	"Goldie, J S"	"5f "	"3"	"7"	"13"	"16"
"14:00:00"	"2015-06-20"	"Down Royal"	"Shipyard (USA)"	"3.00"	"4.02"	"Handicap"	"2"	"8"	"Lee, W J"	"Oliver, Andrew"	"5f "	"0"	"7"	"4"	"8"
"14:00:00"	"2015-06-20"	"Down Royal"	"Little Sweetheart (IRE)"	"4.00"	"5.3"	"Handicap"	"3"	"8"	"Grant, D M"	"Flynn, Patrick J"	"5f "	"0"	"7"	"4"	"11"
"14:00:00"	"2015-06-20"	"Down Royal"	"Your Pal Tal"	"10.00"	"14.45"	"Handicap"	"5"	"8"	"OConnor, Donagh"	"Levins, J F"	"5f "	"0"	"7"	"8"	"8"
"18:45:00"	"2015-06-19"	"Goodwood"	"Gung Ho Jack"	"8.00"	"12"	"Handicap"	"3"	"9"	"Fox, Kieren"	"Best, J R"	"6f "	"5"	"10"	"4"	"10"
"18:00:00"	"2015-06-19"	"Newmarket (July)"	"Third Strike"	"20.00"	"26.61"	"Handicap"	"3"	"14"	"Clark, Tim"	"Moore, Gary and Josh"	"1m "	"5"	"6"	"5"	"6"
"18:00:00"	"2015-06-19"	"Newmarket (July)"	"Baileys En Premier (FR)"	"2.75"	"3.95"	"Handicap"	"4"	"14"	"Greatrex, Edward"	"Dwyer, C A"	"1m "	"5"	"2"	"1"	"9"
"18:00:00"	"2015-06-19"	"Newmarket (July)"	"Rakaan (IRE)"	"25.00"	"43.83"	"Handicap"	"6"	"14"	"Mckee, Ciaran"	"Powell, B G"	"1m "	"5"	"10"	"8"	"9"
"18:00:00"	"2015-06-19"	"Newmarket (July)"	"Pearl Ransom (IRE)"	"10.00"	"16.92"	"Handicap"	"8"	"14"	"Fitzpatrick, Rob J"	"Bailey, A"	"1m "	"5"	"9"	"6"	"12"
"18:00:00"	"2015-06-19"	"Newmarket (July)"	"Lara Lipton (IRE)"	"50.00"	"66.24"	"Handicap"	"9"	"14"	"Bennett, Charlie"	"Chapple-Hyam, Jane"	"1m "	"5"	"9"	"10"	"13"
"18:00:00"	"2015-06-19"	"Newmarket (July)"	"Sexy Secret"	"14.00"	"18.5"	"Handicap"	"10"	"14"	"Warwick, Alfie"	"Pearce, Mrs Lydia"	"1m "	"5"	"2"	"6"	"7"
"18:00:00"	"2015-06-19"	"Newmarket (July)"	"Botanist (OLD)"	"25.00"	"48"	"Handicap"	"12"	"14"	"Nason, Jordan"	"Harris, S A"	"1m "	"5"	"9"	"6"	"9"
"16:05:00"	"2015-06-19"	"Redcar"	"Tizlove Regardless (USA)"	"4.50"	"5.9"	"Handicap"	"2"	"7"	"Norton, Francis"	"Johnston, M"	"1m "	"3"	"2"	"2"	"7"
"16:05:00"	"2015-06-19"	"Redcar"	"Karaka Jack"	"11.00"	"13"	"Handicap"	"3"	"7"	"Hart, Jason"	"Goldie, J S"	"1m "	"3"	"2"	"3"	"7"
"20:35:00"	"2015-06-18"	"Leicester"	"Lead A Merry Dance"	"1.88"	"2.99"	"Handicap"	"3"	"7"	"Dwyer, Martin"	"Kirk, S"	"6f "	"5"	"9"	"3"	"10"
"19:35:00"	"2015-06-18"	"Leicester"	"Ladweb"	"6.00"	"7.4"	"Handicap"	"6"	"6"	"Gray, S A"	"Gallagher, J"	"5f "	"4"	"7"	"5"	"7"
"17:10:00"	"2015-06-18"	"Ripon"	"Busy Bimbo (IRE)"	"28.00"	"48.76"	"Handicap"	"3"	"7"	"Doyle, Joe"	"Berry, A"	"5f "	"5"	"8"	"7"	"9"
"18:40:00"	"2015-06-17"	"Ripon"	"Bondi Beach Babe"	"2.00"	"3.69"	"Handicap"	"2"	"9"	"Godwin, Mitch"	"Turner, J R"	"6f "	"6"	"7"	"2"	"11"
"14:55:00"	"2015-06-17"	"Hamilton"	"Stonefield Flyer"	"5.00"	"6.72"	"Handicap"	"1"	"11"	"Lynch, Fergal"	"Dalgleish, Keith"	"6f "	"5"	"9"	"3"	"10"
"14:55:00"	"2015-06-17"	"Hamilton"	"JacobS Pillow"	"5.00"	"6.4"	"Handicap"	"4"	"11"	"Garritty, Jack"	"OKeeffe, Jedd"	"6f "	"5"	"7"	"2"	"9"
"14:55:00"	"2015-06-17"	"Hamilton"	"Slim Chance (IRE)"	"8.50"	"10.07"	"Handicap"	"6"	"11"	"Elliott, Andrew"	"West, S G"	"6f "	"5"	"7"	"5"	"9"
"14:55:00"	"2015-06-17"	"Hamilton"	"Salvatore Fury (IRE)"	"7.00"	"8.38"	"Handicap"	"7"	"11"	"Makin, Phillip"	"Dalgleish, Keith"	"6f "	"5"	"4"	"8"	"11"
"17:50:00"	"2015-06-16"	"Thirsk"	"Blue Jacket (USA)"	"4.00"	"6.09"	"Handicap"	"2"	"11"	"Sayer, Miss E C"	"Sayer, Mrs Dianne"	"5f "	"6"	"8"	"1"	"11"
"17:50:00"	"2015-06-16"	"Thirsk"	"Bosham"	"11.00"	"15.56"	"Handicap"	"4"	"11"	"Evans, Nathan"	"Easterby, M W"	"5f "	"6"	"6"	"8"	"11"
"17:50:00"	"2015-06-16"	"Thirsk"	"Lazy Sioux"	"8.00"	"11.5"	"Handicap"	"7"	"11"	"Hart, Jason"	"Guest, R C"	"5f "	"6"	"10"	"3"	"6"
"19:20:00"	"2015-06-15"	"Windsor"	"Chilworth Icon"	"2.50"	"3.9"	"Handicap"	"4"	"8"	"Pilley, Mr P"	"Channon, M R"	"6f "	"4"	"2"	"3"	"12"
"14:45:00"	"2015-06-15"	"Carlisle"	"Sewn Up"	"16.00"	"18.75"	"Handicap"	"5"	"14"	"Gibbons, Graham"	"Dalgleish, Keith"	"6f "	"5"	"7"	"5"	"11"
"14:45:00"	"2015-06-15"	"Carlisle"	"Windforpower (IRE)"	"33.00"	"59.94"	"Handicap"	"6"	"14"	"Morris, Luke"	"Waggott, Miss Tracy"	"6f "	"5"	"10"	"3"	"8"
"14:45:00"	"2015-06-15"	"Carlisle"	"Goninodaethat"	"12.00"	"15.34"	"Handicap"	"8"	"14"	"Lynch, Fergal"	"Goldie, J S"	"6f "	"5"	"7"	"3"	"11"
"14:45:00"	"2015-06-15"	"Carlisle"	"Majestic Manannan (IRE)"	"20.00"	"22.11"	"Handicap"	"14"	"14"	"Nicholls, Adrian T"	"Nicholls, D"	"6f "	"5"	"10"	"5"	"8"
"17:05:00"	"2015-06-14"	"Salisbury"	"Spiraea"	"12.00"	"14.98"	"Handicap"	"5"	"10"	"Marquand, Tom"	"Rimell, M G"	"7f "	"5"	"9"	"7"	"7"
"16:15:00"	"2015-06-14"	"Doncaster"	"Ambitious Icarus"	"16.00"	"20.38"	"Handicap"	"3"	"10"	"Beasley, Connor"	"Guest, R C"	"6f "	"3"	"1"	"11"	"18"
"14:15:00"	"2015-06-14"	"Salisbury"	"Serenity Spa"	"4.00"	"5.4"	"Handicap"	"2"	"5"	"Kirby, Adam"	"Carroll, A W"	"5f "	"4"	"8"	"5"	"13"
"14:15:00"	"2015-06-14"	"Salisbury"	"Pandar"	"8.00"	"9.75"	"Handicap"	"5"	"5"	"Morris, Luke"	"Bradley, J M"	"5f "	"4"	"7"	"5"	"10"
"20:45:00"	"2015-06-13"	"Leicester"	"Hello Beautiful (IRE)"	"8.00"	"11"	"Handicap"	"2"	"7"	"Queally, T P"	"Ellison, B"	"5f "	"5"	"7"	"4"	"6"
"20:45:00"	"2015-06-13"	"Leicester"	"Bogsnog (IRE)"	"5.50"	"7.4"	"Handicap"	"5"	"7"	"Butterfield, Mr J"	"Stubbs, Kristin"	"5f "	"5"	"8"	"8"	"9"
"20:45:00"	"2015-06-13"	"Leicester"	"Bapak Bangsawan"	"25.00"	"31.22"	"Handicap"	"6"	"7"	"Stokell, Ann"	"Stokell, Miss A"	"5f "	"5"	"3"	"10"	"11"
"19:30:00"	"2015-06-13"	"Lingfield"	"Paradise Spectre"	"12.00"	"15.95"	"Handicap"	"4"	"11"	"Havlin, Robert"	"Davison, Miss Z C"	"6f "	"6"	"10"	"6"	"10"
"17:30:00"	"2015-06-13"	"York"	"Harwoods Volante (IRE)"	"6.00"	"7.4"	"Handicap"	"1"	"18"	"Makin, Phillip"	"OMeara, D"	"6f "	"4"	"7"	"3"	"13"
"17:30:00"	"2015-06-13"	"York"	"Apricot Sky"	"33.00"	"62.55"	"Handicap"	"7"	"18"	"Hesketh, Miss A"	"Nicholls, D"	"6f "	"4"	"8"	"8"	"8"
"17:30:00"	"2015-06-13"	"York"	"Cosmic Chatter"	"12.00"	"13.74"	"Handicap"	"8"	"18"	"Sullivan, James P"	"Carr, Mrs R A"	"6f "	"4"	"10"	"8"	"10"
"17:30:00"	"2015-06-13"	"York"	"Slingsby"	"7.00"	"11"	"Handicap"	"15"	"18"	"Spencer, Jamie"	"Easterby, M W"	"6f "	"4"	"10"	"1"	"10"
"16:00:00"	"2015-06-13"	"Musselburgh"	"Ill Be Good"	"14.00"	"15.17"	"Handicap"	"1"	"5"	"Lynch, Fergal"	"Berry, A"	"5f "	"4"	"9"	"4"	"8"
"15:30:00"	"2015-06-13"	"Sandown"	"Royal Brave (IRE)"	"2.50"	"3.57"	"Handicap"	"1"	"11"	"Dwyer, Martin"	"Muir, W R"	"5f "	"4"	"7"	"2"	"6"
"15:20:00"	"2015-06-13"	"Navan"	"Blueberry Gal (IRE)"	"16.00"	"24.84"	"Handicap"	"1"	"11"	"OBrien, Ana"	"Grassick, M C"	"5f "	"0"	"5"	"9"	"15"
"15:20:00"	"2015-06-13"	"Navan"	"Battleroftheboyne (IRE)"	"2.50"	"3.8"	"Handicap"	"8"	"11"	"Byrne, D C"	"Mulvany, Michael"	"5f "	"0"	"6"	"2"	"15"
"14:50:00"	"2015-06-13"	"Musselburgh"	"Pearl Acclaim (IRE)"	"14.00"	"14"	"Handicap"	"1"	"16"	"Quinn, Paul"	"Nicholls, D"	"5f "	"3"	"7"	"12"	"20"
"14:50:00"	"2015-06-13"	"Musselburgh"	"Distant Past"	"2.00"	"3.35"	"Handicap"	"4"	"16"	"Gray, S A"	"Ryan, K A"	"5f "	"3"	"7"	"1"	"7"
"14:50:00"	"2015-06-13"	"Musselburgh"	"Economic Crisis (IRE)"	"50.00"	"94.34"	"Handicap"	"6"	"16"	"Latham, K"	"Berry, A"	"5f "	"3"	"7"	"6"	"7"
"14:50:00"	"2015-06-13"	"Musselburgh"	"Money Team (IRE)"	"7.00"	"9.36"	"Handicap"	"8"	"16"	"Gibbons, Graham"	"Barron, T D"	"5f "	"3"	"8"	"6"	"8"
"14:50:00"	"2015-06-13"	"Musselburgh"	"Imperial Legend (IRE)"	"18.00"	"26"	"Handicap"	"14"	"16"	"Nicholls, Adrian T"	"Nicholls, D"	"5f "	"3"	"7"	"3"	"7"
"14:45:00"	"2015-06-13"	"Navan"	"Lilys Prince (IRE)"	"8.00"	"11.92"	"Handicap"	"5"	"8"	"Corby, Sean"	"Donnelly, Garvan"	"6f "	"0"	"9"	"6"	"9"
"14:45:00"	"2015-06-13"	"Navan"	"Joe Eile (IRE)"	"2.00"	"3.44"	"Handicap"	"6"	"8"	"Keane, C T"	"Lyons, G M"	"6f "	"0"	"9"	"5"	"9"
"19:25:00"	"2015-06-12"	"Chepstow"	"Rough Courte (IRE)"	"2.25"	"3.53"	"Handicap"	"2"	"6"	"Pilley, Mr P"	"Channon, M R"	"1m "	"5"	"2"	"6"	"9"
"19:25:00"	"2015-06-12"	"Chepstow"	"Zed Candy Girl"	"6.00"	"7.92"	"Handicap"	"5"	"6"	"Gray, S A"	"Loughnane, Daniel Mark"	"1m "	"5"	"9"	"1"	"11"
"19:50:00"	"2015-06-11"	"Haydock"	"Lady Gibraltar"	"8.00"	"10.5"	"Handicap"	"3"	"8"	"Vaughan, Jordan"	"Jarvis, Timothy"	"5f "	"4"	"4"	"1"	"10"
"19:50:00"	"2015-06-11"	"Haydock"	"Can You Conga"	"12.00"	"16.5"	"Handicap"	"7"	"8"	"Gibbons, Graham"	"Easterby, M W"	"5f "	"4"	"10"	"4"	"8"
"16:00:00"	"2015-06-11"	"Newbury"	"Hectors Chance"	"3.00"	"4.52"	"Handicap"	"2"	"7"	"Lane, Martin"	"Main, Mrs H S"	"1m "	"4"	"9"	"3"	"10"
"20:50:00"	"2015-06-10"	"Hamilton"	"Affectionate Lady (IRE)"	"6.50"	"8"	"Handicap"	"5"	"9"	"Gemelova, Natalia"	"Reveley, K G"	"5f "	"6"	"9"	"8"	"12"
"19:50:00"	"2015-06-10"	"Hamilton"	"Slim Chance (IRE)"	"6.50"	"8"	"Handicap"	"5"	"9"	"Jessop, Rosie"	"West, S G"	"6f "	"4"	"9"	"3"	"8"
"19:50:00"	"2015-06-10"	"Hamilton"	"Viva Verglas (IRE)"	"7.50"	"9.54"	"Handicap"	"7"	"9"	"Eaves, Tom"	"Barron, T D"	"6f "	"4"	"9"	"2"	"8"
"19:50:00"	"2015-06-10"	"Hamilton"	"Reposer (IRE)"	"10.00"	"11.23"	"Handicap"	"8"	"9"	"Beasley, Connor"	"Dalgleish, Keith"	"6f "	"4"	"4"	"7"	"9"
"19:50:00"	"2015-06-10"	"Hamilton"	"Rock Canyon (IRE)"	"12.00"	"17.5"	"Handicap"	"9"	"9"	"McDonald, P J"	"Perratt, Miss L A"	"6f "	"4"	"6"	"2"	"12"
"18:20:00"	"2015-06-10"	"Hamilton"	"Maltease Ah"	"33.00"	"76.94"	"Handicap"	"12"	"12"	"Sanders, Miss L"	"Haslam, B M R"	"6f "	"6"	"9"	"11"	"12"
"15:00:00"	"2015-06-10"	"Beverley"	"Cadeaux Pearl"	"4.00"	"5.49"	"Handicap"	"4"	"10"	"Swift, Mr Dale"	"Dixon, Scott"	"5f "	"6"	"7"	"3"	"9"
"14:30:00"	"2015-06-10"	"Beverley"	"Bondi Beach Babe"	"2.75"	"4.1"	"Handicap"	"2"	"11"	"Nason, Jordan"	"Turner, J R"	"5f "	"6"	"5"	"2"	"9"
"14:30:00"	"2015-06-10"	"Beverley"	"Beautys Forte (IRE)"	"8.00"	"11.48"	"Handicap"	"5"	"11"	"Allan, David"	"Carroll, D"	"5f "	"6"	"5"	"6"	"9"
"19:05:00"	"2015-06-09"	"Lingfield"	"Brean Splash Susie"	"8.00"	"9.67"	"Seller"	"1"	"7"	"While, Mr R"	"Turner, W G M"	"6f "	"6"	"10"	"10"	"16"
"19:05:00"	"2015-06-09"	"Lingfield"	"Gabrials Wawa"	"1.25"	"2.5"	"Seller"	"2"	"7"	"Harley, M"	"McEntee, P S"	"6f "	"6"	"8"	"5"	"8"
"19:05:00"	"2015-06-09"	"Lingfield"	"Bajan Story"	"20.00"	"34.66"	"Seller"	"4"	"7"	"Jones, Liam"	"Fitzsimons, P"	"6f "	"6"	"8"	"9"	"10"
"19:05:00"	"2015-06-09"	"Lingfield"	"Swilken"	"3.00"	"4.42"	"Seller"	"6"	"7"	"Quinn, Jimmy"	"Tompkins, M H"	"6f "	"6"	"8"	"12"	"12"
"18:00:00"	"2015-06-09"	"Lingfield"	"Malih"	"8.00"	"12"	"Handicap"	"2"	"12"	"Crowley, Jim"	"Wheeler, E A"	"7.5f "	"6"	"8"	"4"	"10"
"18:00:00"	"2015-06-09"	"Lingfield"	"Angel Rosa"	"25.00"	"32.73"	"Handicap"	"10"	"12"	"Clark, Tim"	"Gansera-Leveque, Mrs Ilka"	"7.5f "	"6"	"8"	"6"	"8"
"17:25:00"	"2015-06-09"	"Salisbury"	"Cincuenta Pasos (IRE)"	"5.00"	"6.38"	"Handicap"	"1"	"10"	"Pilley, Mr P"	"Tuite, Joseph"	"6f "	"5"	"10"	"14"	"15"
"17:30:00"	"2015-06-08"	"Ayr"	"Polski Max"	"10.00"	"14.23"	"Handicap"	"9"	"11"	"Fanning, Joe"	"Ellison, B"	"6f "	"3"	"5"	"5"	"10"
"15:30:00"	"2015-06-07"	"Goodwood"	"Fairway To Heaven (IRE)"	"5.00"	"6.21"	"Handicap"	"2"	"10"	"Crowley, Jim"	"Wigham, M"	"5f "	"4"	"8"	"15"	"20"
"15:10:00"	"2015-06-07"	"Curragh"	"Bainne (IRE)"	"7.00"	"8.85"	"Handicap"	"1"	"15"	"Kelly, S B"	"OCallaghan, M D"	"6f "	"0"	"8"	"4"	"17"
"15:10:00"	"2015-06-07"	"Curragh"	"Battleroftheboyne (IRE)"	"6.50"	"8.97"	"Handicap"	"2"	"15"	"Carroll, G F"	"Mulvany, Michael"	"6f "	"0"	"8"	"1"	"17"
"15:10:00"	"2015-06-07"	"Curragh"	"Regal Power"	"16.00"	"34"	"Handicap"	"5"	"15"	"Lordan, W M"	"Callaghan, Marcus"	"6f "	"0"	"8"	"8"	"17"
"21:10:00"	"2015-06-06"	"Newcastle"	"Lazy Sioux"	"12.00"	"15"	"Handicap"	"3"	"6"	"Hart, Jason"	"Guest, R C"	"5f "	"6"	"8"	"6"	"7"
"21:10:00"	"2015-06-06"	"Newcastle"	"Hello Beautiful (IRE)"	"12.00"	"12.95"	"Handicap"	"4"	"6"	"Sousa, Silvestre De"	"Ellison, B"	"5f "	"6"	"10"	"11"	"11"
"21:10:00"	"2015-06-06"	"Newcastle"	"Eland Ally"	"3.00"	"4.4"	"Handicap"	"5"	"6"	"Tutty, Gemma"	"Tutty, Mrs K J"	"5f "	"6"	"2"	"3"	"8"
"21:10:00"	"2015-06-06"	"Newcastle"	"Roys Legacy"	"8.00"	"9.36"	"Handicap"	"6"	"6"	"Murphy, Michael J M"	"Harris, S A"	"5f "	"6"	"8"	"3"	"7"
"19:10:00"	"2015-06-06"	"Newcastle"	"Rasselas (IRE)"	"18.00"	"21.86"	"Handicap"	"1"	"9"	"Eaves, Tom"	"Carr, Mrs R A"	"1m "	"5"	"10"	"10"	"13"
"19:00:00"	"2015-06-06"	"Lingfield"	"Showtime Star"	"9.00"	"12"	"Handicap"	"6"	"6"	"Egan, John"	"Kelleway, Miss Gay"	"6f "	"4"	"2"	"6"	"7"
"18:40:00"	"2015-06-06"	"Newcastle"	"Woody Bay"	"5.00"	"6.6"	"Handicap"	"1"	"13"	"Hart, Jason"	"Walford, Mark"	"7f "	"5"	"7"	"5"	"13"
"18:30:00"	"2015-06-06"	"Lingfield"	"Whitecrest"	"2.75"	"4.3"	"Handicap"	"1"	"7"	"Twiston-Davies, Mr W"	"Spearing, J L"	"5f "	"5"	"4"	"4"	"8"
"18:30:00"	"2015-06-06"	"Lingfield"	"Honeymoon Express (IRE)"	"14.00"	"16.27"	"Handicap"	"6"	"7"	"Beschizza,Adam "	"Feilden, Miss J"	"5f "	"5"	"8"	"10"	"10"
"17:25:00"	"2015-06-06"	"Musselburgh"	"Economic Crisis (IRE)"	"7.50"	"11.5"	"Handicap"	"6"	"7"	"Bell, Samantha"	"Berry, A"	"5f "	"4"	"10"	"1"	"10"
"17:10:00"	"2015-06-06"	"Doncaster"	"Steel Train (FR)"	"8.00"	"10"	"Handicap"	"10"	"10"	"Birkett, Shelley"	"OMeara, D"	"7f "	"3"	"10"	"1"	"7"
"16:15:00"	"2015-06-06"	"Doncaster"	"Knockamany Bends (IRE)"	"50.00"	"190.04"	"Maiden"	"5"	"9"	"Lavery, G"	"Wainwright, J S"	"5f "	"5"	"10"	"4"	"11"
"14:50:00"	"2015-06-05"	"Catterick"	"Windforpower (IRE)"	"16.00"	"18.85"	"Handicap"	"3"	"8"	"Butterfield, Mr J"	"Waggott, Miss Tracy"	"5f "	"5"	"7"	"6"	"6"
"16:30:00"	"2015-06-04"	"Hamilton"	"Munjally"	"14.00"	"17.07"	"Handicap"	"1"	"12"	"Farley, Neil"	"Holmes, P F"	"6f "	"5"	"8"	"6"	"11"
"16:30:00"	"2015-06-04"	"Hamilton"	"Rock Canyon (IRE)"	"12.00"	"18.06"	"Handicap"	"2"	"12"	"McDonald, P J"	"Perratt, Miss L A"	"6f "	"5"	"8"	"5"	"10"
"16:30:00"	"2015-06-04"	"Hamilton"	"New Lease Of Life"	"3.33"	"4.53"	"Handicap"	"4"	"12"	"Makin, Phillip"	"Dalgleish, Keith"	"6f "	"5"	"8"	"3"	"11"
"16:30:00"	"2015-06-04"	"Hamilton"	"Risk n Reward (IRE)"	"25.00"	"38"	"Handicap"	"11"	"12"	"Eaves, Tom"	"Berry, A"	"6f "	"5"	"10"	"8"	"8"
"14:30:00"	"2015-06-04"	"Hamilton"	"Ill Be Good"	"4.00"	"5.9"	"Handicap"	"4"	"8"	"Doyle, Joe"	"Berry, A"	"5f "	"6"	"8"	"1"	"11"
"20:10:00"	"2015-06-03"	"Ripon"	"Chilworth Icon"	"8.00"	"10.24"	"Handicap"	"3"	"10"	"Bishop, Charles"	"Channon, M R"	"6f "	"3"	"4"	"10"	"20"
"20:10:00"	"2015-06-03"	"Ripon"	"Avon Breeze"	"20.00"	"22.77"	"Handicap"	"6"	"10"	"Chaloner, G"	"Whitaker, R M"	"6f "	"3"	"6"	"10"	"15"
"19:55:00"	"2015-06-01"	"Windsor"	"Major Jack"	"4.00"	"4.9"	"Handicap"	"3"	"10"	"Baker, George"	"Charlton, Roger/Harry"	"6f "	"3"	"10"	"4"	"10"
"19:10:00"	"2015-06-01"	"Carlisle"	"Slim Chance (IRE)"	"7.00"	"8.65"	"Handicap"	"3"	"8"	"Jessop, Rosie"	"West, S G"	"6f "	"4"	"5"	"4"	"10"
"19:10:00"	"2015-06-01"	"Carlisle"	"Can You Conga"	"9.00"	"11.88"	"Handicap"	"4"	"8"	"Mulrennan, Paul"	"Easterby, M W"	"6f "	"4"	"7"	"4"	"8"
"19:10:00"	"2015-06-01"	"Carlisle"	"New Bidder"	"7.00"	"8.55"	"Handicap"	"6"	"8"	"Lee, G"	"OKeeffe, Jedd"	"6f "	"4"	"4"	"12"	"15"
"18:00:00"	"2015-06-01"	"Leicester"	"Boogangoo (IRE)"	"8.00"	"10"	"Handicap"	"2"	"15"	"Donohoe, Stephen"	"Harris, Miss G"	"7f "	"5"	"10"	"1"	"7"
"18:00:00"	"2015-06-01"	"Leicester"	"Tango Sky (IRE)"	"8.00"	"10.5"	"Handicap"	"5"	"15"	"Bates, Mr D J"	"Evans, P D"	"7f "	"5"	"6"	"2"	"8"
"18:00:00"	"2015-06-01"	"Leicester"	"Tyrsal (IRE)"	"20.00"	"32.68"	"Handicap"	"9"	"15"	"Atkinson, Toby"	"Lines, Clifford"	"7f "	"5"	"5"	"7"	"7"
"18:00:00"	"2015-06-01"	"Leicester"	"Illustrious Prince (IRE)"	"12.00"	"15.55"	"Handicap"	"11"	"15"	"Garritty, Jack"	"Camacho, Miss J A"	"7f "	"5"	"6"	"4"	"8"
"16:25:00"	"2015-06-01"	"Leicester"	"Mops Angel"	"7.00"	"9.47"	"Handicap"	"2"	"12"	"Buckell, Georgean"	"Appleby, M"	"7f "	"6"	"3"	"5"	"8"
"16:25:00"	"2015-06-01"	"Leicester"	"Outlaw Torn (IRE)"	"3.00"	"4.4"	"Handicap"	"3"	"12"	"Hornby, Rob"	"Guest, R C"	"7f "	"6"	"6"	"1"	"9"
"16:25:00"	"2015-06-01"	"Leicester"	"Venus Marina"	"7.00"	"8.92"	"Handicap"	"6"	"12"	"Morgan, Ashley"	"Wall, C F"	"7f "	"6"	"6"	"6"	"8"
"14:50:00"	"2015-06-01"	"Leicester"	"Robbian"	"66.00"	"290"	"Seller"	"4"	"8"	"Walsh, R P"	"Smith, C"	"6f "	"6"	"7"	"10"	"10"
"14:50:00"	"2015-06-01"	"Leicester"	"Les Fremantle (FR)"	"150.00"	"453.77"	"Seller"	"7"	"8"	"Butterfield, Mr J"	"Chapman, M C"	"6f "	"6"	"3"	"10"	"11"
"15:45:00"	"2015-05-31"	"Nottingham"	"Rusty Rocket (IRE)"	"12.00"	"14.96"	"Handicap"	"4"	"11"	"Sullivan, James P"	"Green, Paul"	"5f "	"3"	"9"	"3"	"10"
"19:15:00"	"2015-05-30"	"Chepstow"	"Vincentti (IRE)"	"2.75"	"4.09"	"Handicap"	"5"	"7"	"Cosham, Matthew"	"Harris, R A"	"7f "	"4"	"9"	"2"	"13"
"15:05:00"	"2015-05-30"	"Navan"	"Battleroftheboyne (IRE)"	"11.00"	"14.97"	"Handicap"	"1"	"17"	"Carroll, G F"	"Mulvany, Michael"	"5f "	"0"	"8"	"12"	"16"
"15:05:00"	"2015-05-30"	"Navan"	"Little Sweetheart (IRE)"	"14.00"	"11.54"	"Handicap"	"3"	"17"	"Berry, F M"	"Flynn, Patrick J"	"5f "	"0"	"8"	"8"	"16"
"15:05:00"	"2015-05-30"	"Navan"	"Jembatt (IRE)"	"6.50"	"8.24"	"Handicap"	"5"	"17"	"Foley, Shane"	"Mulvany, Michael"	"5f "	"0"	"8"	"7"	"18"
"15:05:00"	"2015-05-30"	"Navan"	"Regal Power"	"16.00"	"13.42"	"Handicap"	"8"	"17"	"Downey, R P"	"Callaghan, Marcus"	"5f "	"0"	"3"	"9"	"15"
"14:30:00"	"2015-05-30"	"Navan"	"Dazzle The Duel (IRE)"	"16.00"	"19.5"	"Maiden"	"11"	"15"	"Hayes, C D"	"Bunyan, Darren / OLeary, G"	"6f "	"0"	"8"	"4"	"17"
"20:10:00"	"2015-05-29"	"Catterick"	"Rozene (IRE)"	"3.00"	"4.3"	"Handicap"	"2"	"6"	"Gibbons, Graham"	"Barron, T D"	"5f "	"4"	"3"	"7"	"8"
"20:10:00"	"2015-05-29"	"Catterick"	"Windforpower (IRE)"	"5.00"	"6.8"	"Handicap"	"6"	"6"	"Butterfield, Mr J"	"Waggott, Miss Tracy"	"5f "	"4"	"6"	"2"	"10"
"18:35:00"	"2015-05-29"	"Catterick"	"Bondi Beach Babe"	"3.00"	"4.1"	"Handicap"	"1"	"11"	"Nason, Jordan"	"Turner, J R"	"5f "	"6"	"3"	"2"	"13"
"18:35:00"	"2015-05-29"	"Catterick"	"Amis Reunis"	"3.33"	"4.4"	"Handicap"	"3"	"11"	"Doyle, Joe"	"Berry, A"	"5f "	"6"	"9"	"2"	"13"
"18:35:00"	"2015-05-29"	"Catterick"	"Under Approval"	"14.00"	"18.74"	"Handicap"	"4"	"11"	"Tutty, Gemma"	"Tutty, Mrs K J"	"5f "	"6"	"2"	"6"	"11"
"18:35:00"	"2015-05-29"	"Catterick"	"Dream Sika (IRE)"	"5.00"	"6.92"	"Handicap"	"7"	"11"	"Richardson, Rachel"	"Carr, Mrs R A"	"5f "	"6"	"8"	"4"	"9"
"18:35:00"	"2015-05-29"	"Catterick"	"Beautys Forte (IRE)"	"22.00"	"29.89"	"Handicap"	"8"	"11"	"Dennis, Phil"	"Carroll, D"	"5f "	"6"	"3"	"8"	"13"
"18:35:00"	"2015-05-29"	"Catterick"	"Durham Express (IRE)"	"100.00"	"490"	"Handicap"	"11"	"11"	"Bell, Samantha"	"Teague, C J"	"5f "	"6"	"2"	"10"	"11"
"17:25:00"	"2015-05-29"	"Newcastle"	"Roys Legacy"	"6.00"	"7.4"	"Handicap"	"3"	"7"	"Beasley, Connor"	"Harris, S A"	"5f "	"6"	"8"	"3"	"9"
"17:25:00"	"2015-05-29"	"Newcastle"	"Pavers Star"	"10.00"	"11.85"	"Handicap"	"5"	"7"	"McHugh, B"	"Wilson, N"	"5f "	"6"	"7"	"7"	"10"
"17:25:00"	"2015-05-29"	"Newcastle"	"Oriental Heights"	"33.00"	"64.58"	"Handicap"	"7"	"7"	"Grant, Rachael"	"Goldie, J S"	"5f "	"6"	"8"	"8"	"9"
"17:15:00"	"2015-05-29"	"Newmarket (Rowley)"	"Refuse Colette (IRE)"	"12.00"	"15.39"	"Handicap"	"5"	"10"	"Cosgrave, Pat"	"Quinn, M"	"6f "	"4"	"4"	"4"	"7"
"17:15:00"	"2015-05-29"	"Newmarket (Rowley)"	"Jamesbos Girl"	"3.00"	"4.65"	"Handicap"	"8"	"10"	"Moore, Ryan"	"Barron, T D"	"6f "	"4"	"7"	"3"	"9"
"15:35:00"	"2015-05-29"	"Newmarket (Rowley)"	"Russian Realm"	"8.00"	"10.96"	"Handicap"	"2"	"9"	"Moore, Ryan"	"OMeara, D"	"7f "	"3"	"8"	"7"	"9"
"14:30:00"	"2015-05-29"	"Newmarket (Rowley)"	"Leaderene"	"1.10"	"2.13"	"Handicap"	"1"	"7"	"Moore, Ryan"	"Johnston, M"	"1m2f "	"5"	"6"	"3"	"6"
"15:50:00"	"2015-05-28"	"Haydock"	"Thataboy (IRE)"	"25.00"	"43.45"	"Handicap"	"13"	"15"	"Kingscote, Richard"	"Dascombe, Tom"	"6f "	"4"	"5"	"6"	"10"
"15:50:00"	"2015-05-28"	"Haydock"	"Signore Piccolo"	"5.50"	"6.8"	"Handicap"	"14"	"15"	"Doyle, Josh"	"OMeara, D"	"6f "	"4"	"6"	"2"	"9"
"17:15:00"	"2015-05-27"	"Thirsk"	"Grey Destiny"	"14.00"	"17.55"	"Handicap"	"2"	"11"	"Allan, David"	"Brittain, M"	"6f "	"6"	"8"	"5"	"9"
"17:15:00"	"2015-05-27"	"Thirsk"	"Durham Express (IRE)"	"100.00"	"237.78"	"Handicap"	"10"	"11"	"Ffrench, Royston"	"Teague, C J"	"6f "	"6"	"7"	"12"	"13"
"17:15:00"	"2015-05-27"	"Thirsk"	"Hello Beautiful (IRE)"	"14.00"	"17.64"	"Handicap"	"11"	"11"	"Swift, Mr Dale"	"Ellison, B"	"6f "	"6"	"8"	"9"	"9"
"15:10:00"	"2015-05-27"	"Hamilton"	"Saxonette"	"5.50"	"7.36"	"Handicap"	"4"	"11"	"McDonald, P J"	"Perratt, Miss L A"	"5f "	"6"	"6"	"2"	"9"
"15:10:00"	"2015-05-27"	"Hamilton"	"Arch Walker (IRE)"	"10.00"	"14"	"Handicap"	"6"	"11"	"Haynes, Joey"	"Weymes, J R"	"5f "	"6"	"7"	"3"	"13"
"14:40:00"	"2015-05-27"	"Hamilton"	"Economic Crisis (IRE)"	"8.00"	"12.08"	"Handicap"	"1"	"10"	"Mathers, Patrick"	"Berry, A"	"6f "	"5"	"5"	"4"	"10"
"14:40:00"	"2015-05-27"	"Hamilton"	"Slim Chance (IRE)"	"10.00"	"12.72"	"Handicap"	"4"	"10"	"Elliott, Andrew"	"West, S G"	"6f "	"5"	"6"	"5"	"7"
"14:40:00"	"2015-05-27"	"Hamilton"	"Rock Canyon (IRE)"	"14.00"	"19.5"	"Handicap"	"5"	"10"	"McDonald, P J"	"Perratt, Miss L A"	"6f "	"5"	"6"	"1"	"9"
"14:40:00"	"2015-05-27"	"Hamilton"	"Lady Ibrox"	"9.00"	"12.21"	"Handicap"	"7"	"10"	"Haynes, Joey"	"Brown, A D"	"6f "	"5"	"8"	"2"	"9"
"14:40:00"	"2015-05-27"	"Hamilton"	"Lothair (IRE)"	"2.25"	"3.63"	"Handicap"	"9"	"10"	"Curtis, B A"	"Swinbank, G A"	"6f "	"5"	"7"	"1"	"8"
"14:40:00"	"2015-05-27"	"Hamilton"	"Blue Sonic"	"25.00"	"46"	"Handicap"	"10"	"10"	"Farley, Neil"	"Perratt, Miss L A"	"6f "	"5"	"7"	"7"	"13"
"17:55:00"	"2015-05-26"	"Redcar"	"Oriental Dream (IRE)"	"16.00"	"18.8"	"Handicap Maiden"	"4"	"13"	"Bartley, Mrs C"	"Tinkler, N"	"6f "	"6"	"7"	"6"	"9"
"16:50:00"	"2015-05-26"	"Redcar"	"Singeur (IRE)"	"7.00"	"10.06"	"Handicap"	"1"	"8"	"Tudhope, Daniel"	"Bastiman, Rebecca"	"5f "	"4"	"10"	"8"	"13"
"16:50:00"	"2015-05-26"	"Redcar"	"Imperial Legend (IRE)"	"5.00"	"7"	"Handicap"	"2"	"8"	"Hesketh, Miss A"	"Nicholls, D"	"5f "	"4"	"10"	"5"	"13"
"16:50:00"	"2015-05-26"	"Redcar"	"Flash City (ITY)"	"7.00"	"8.45"	"Handicap"	"4"	"8"	"Sullivan, James P"	"Carr, Mrs R A"	"5f "	"4"	"10"	"6"	"13"
"16:50:00"	"2015-05-26"	"Redcar"	"Bondi Beach Boy"	"14.00"	"19.73"	"Handicap"	"5"	"8"	"Nason, Jordan"	"Turner, J R"	"5f "	"4"	"10"	"9"	"13"
"16:50:00"	"2015-05-26"	"Redcar"	"Rozene (IRE)"	"1.75"	"2.94"	"Handicap"	"7"	"8"	"Hornby, Rob"	"Barron, T D"	"5f "	"4"	"9"	"1"	"7"
"16:50:00"	"2015-05-26"	"Redcar"	"JacobS Pillow"	"9.00"	"10.83"	"Handicap"	"8"	"8"	"Lee, G"	"OKeeffe, Jedd"	"5f "	"4"	"10"	"11"	"12"
"15:50:00"	"2015-05-26"	"Redcar"	"Outlaw Torn (IRE)"	"10.00"	"13.85"	"Handicap"	"1"	"9"	"Hornby, Rob"	"Guest, R C"	"1m "	"5"	"7"	"9"	"9"
"15:50:00"	"2015-05-26"	"Redcar"	"Space War"	"6.00"	"8.38"	"Handicap"	"6"	"9"	"Mooney, Danielle"	"Easterby, M W"	"1m "	"5"	"8"	"1"	"11"
"15:20:00"	"2015-05-26"	"Redcar"	"So Its War (FR)"	"2.25"	"3.55"	"Handicap"	"1"	"9"	"Makin, Phillip"	"Dalgleish, Keith"	"1m "	"5"	"3"	"1"	"10"
"14:30:00"	"2015-05-26"	"Leicester"	"Als Memory (IRE)"	"4.00"	"5.16"	"Handicap"	"3"	"8"	"Kirby, Adam"	"Evans, P D"	"7f "	"5"	"6"	"8"	"14"
"14:30:00"	"2015-05-26"	"Leicester"	"World Record (IRE)"	"5.00"	"6.5"	"Handicap"	"8"	"8"	"Dwyer, Martin"	"Quinn, M"	"7f "	"5"	"8"	"1"	"6"
"16:30:00"	"2015-05-25"	"Redcar"	"Macs Superstar (FR)"	"4.50"	"6.4"	"Seller"	"6"	"9"	"Morris, Luke"	"Coogan, A B"	"7f "	"6"	"5"	"3"	"8"
"15:15:00"	"2015-05-25"	"Leicester"	"Repechage (FR)"	"20.00"	"29.51"	"Handicap"	"6"	"7"	"Beschizza,Adam "	"Cowell, R M H"	"7f "	"4"	"10"	"11"	"13"
"14:35:00"	"2015-05-25"	"Carlisle"	"Manatee Bay"	"3.00"	"4.32"	"Handicap"	"1"	"8"	"Norton, Francis"	"Nicholls, D"	"6f "	"4"	"9"	"6"	"18"
"14:35:00"	"2015-05-25"	"Carlisle"	"Stonefield Flyer"	"4.50"	"5.64"	"Handicap"	"5"	"8"	"Makin, Phillip"	"Dalgleish, Keith"	"6f "	"4"	"9"	"10"	"12"
"14:35:00"	"2015-05-25"	"Carlisle"	"Salvatore Fury (IRE)"	"5.00"	"6.8"	"Handicap"	"6"	"8"	"Lee, G"	"Dalgleish, Keith"	"6f "	"4"	"3"	"8"	"9"
"14:00:00"	"2015-05-25"	"Carlisle"	"Rylee Mooch"	"1.50"	"2.66"	"Handicap"	"4"	"7"	"Hornby, Rob"	"Guest, R C"	"5f "	"5"	"6"	"1"	"8"
"14:15:00"	"2015-05-24"	"Curragh"	"Russian Soul (IRE)"	"7.00"	"8.31"	"Handicap"	"3"	"11"	"Foley, Shane"	"Halford, M"	"6f "	"0"	"2"	"2"	"4"
"14:15:00"	"2015-05-24"	"Curragh"	"Captain Cullen (IRE)"	"2.75"	"4"	"Handicap"	"5"	"11"	"Keane, C T"	"Murray, Joseph Anthony"	"6f "	"0"	"7"	"4"	"15"
"16:40:00"	"2015-05-23"	"Goodwood"	"Divine Call"	"20.00"	"27"	"Handicap"	"1"	"15"	"Norton, Francis"	"Bradley, J M"	"6f "	"4"	"4"	"4"	"8"
"16:40:00"	"2015-05-23"	"Goodwood"	"Dominium (USA)"	"5.00"	"6.35"	"Handicap"	"7"	"15"	"Bentley, Harry"	"Gask, J R"	"6f "	"4"	"7"	"3"	"18"
"16:40:00"	"2015-05-23"	"Goodwood"	"Pettochside"	"12.00"	"18.5"	"Handicap"	"8"	"15"	"Keniry, L P"	"Gordon, C"	"6f "	"4"	"8"	"4"	"13"
"16:20:00"	"2015-05-23"	"Haydock"	"Gramercy (IRE)"	"16.00"	"25.32"	"Handicap"	"8"	"15"	"Mathers, Patrick"	"Fahey, R A"	"6f "	"3"	"7"	"3"	"12"
"16:20:00"	"2015-05-23"	"Haydock"	"Barkston Ash"	"12.00"	"16.44"	"Handicap"	"13"	"15"	"Farley, Neil"	"Alston, E J"	"6f "	"3"	"7"	"4"	"12"
"19:40:00"	"2015-05-22"	"Musselburgh"	"Rothesay Chancer"	"7.00"	"11"	"Handicap"	"1"	"10"	"Lynch, Fergal"	"Goldie, J S"	"5f "	"4"	"6"	"3"	"13"
"19:40:00"	"2015-05-22"	"Musselburgh"	"Economic Crisis (IRE)"	"16.00"	"21"	"Handicap"	"4"	"10"	"Mulrennan, Paul"	"Berry, A"	"5f "	"4"	"7"	"1"	"6"
"19:40:00"	"2015-05-22"	"Musselburgh"	"Pavers Star"	"40.00"	"55.04"	"Handicap"	"7"	"10"	"Hamilton, Tony"	"Wilson, N"	"5f "	"4"	"10"	"7"	"9"
"19:40:00"	"2015-05-22"	"Musselburgh"	"Bunce (IRE)"	"10.00"	"13"	"Handicap"	"10"	"10"	"Eaves, Tom"	"Perratt, Miss L A"	"5f "	"4"	"2"	"2"	"7"
"19:05:00"	"2015-05-22"	"Cork"	"Oor Jock (IRE)"	"2.25"	"3.66"	"Handicap"	"4"	"16"	"Kennedy, J W"	"McGuinness, Adrian"	"6f "	"0"	"9"	"3"	"16"
"19:05:00"	"2015-05-22"	"Cork"	"Refusetolisten (IRE)"	"25.00"	"82.93"	"Handicap"	"16"	"16"	"Foley, Shane"	"Prendergast, P J"	"6f "	"0"	"9"	"11"	"16"
"18:05:00"	"2015-05-22"	"Cork"	"Bubbly Bellini (IRE)"	"1.75"	"2.92"	"Non-Handicap"	"1"	"4"	"McDonogh, D P"	"McGuinness, Adrian"	"5f "	"0"	"5"	"3"	"15"
"18:05:00"	"2015-05-22"	"Cork"	"Russian Soul (IRE)"	"1.88"	"2.87"	"Non-Handicap"	"2"	"4"	"Foley, Shane"	"Halford, M"	"5f "	"0"	"5"	"11"	"15"
"19:15:00"	"2015-05-21"	"Nottingham"	"Armelle (FR)"	"33.00"	"39.83"	"Handicap"	"4"	"13"	"Swift, Mr Dale"	"Dixon, Scott"	"6f "	"4"	"9"	"10"	"11"
"18:40:00"	"2015-05-21"	"Nottingham"	"Lexington Place"	"3.00"	"4.42"	"Handicap"	"1"	"11"	"Sullivan, James P"	"Carr, Mrs R A"	"5f "	"5"	"4"	"2"	"7"
"17:35:00"	"2015-05-21"	"Goodwood"	"Lead A Merry Dance"	"1.50"	"2.59"	"Handicap"	"1"	"8"	"Greatrex, Edward"	"Kirk, S"	"6f "	"5"	"8"	"1"	"8"
"14:50:00"	"2015-05-21"	"Ayr"	"Jinky"	"2.50"	"3.83"	"Handicap"	"4"	"7"	"Beasley, Connor"	"Perratt, Miss L A"	"6f "	"5"	"1"	"5"	"7"
"14:20:00"	"2015-05-21"	"Ayr"	"Rock Canyon (IRE)"	"4.00"	"5.4"	"Handicap"	"1"	"9"	"Beasley, Connor"	"Perratt, Miss L A"	"5f "	"6"	"1"	"1"	"13"
"14:20:00"	"2015-05-21"	"Ayr"	"Roys Legacy"	"7.00"	"8.23"	"Handicap"	"3"	"9"	"Murphy, Michael J M"	"Harris, S A"	"5f "	"6"	"6"	"6"	"6"
"14:20:00"	"2015-05-21"	"Ayr"	"Lord Buffhead"	"14.00"	"15.68"	"Handicap"	"7"	"9"	"Nason, Jordan"	"Guest, R C"	"5f "	"6"	"1"	"6"	"13"
"16:50:00"	"2015-05-20"	"Ayr"	"Master Bond"	"1.38"	"2.48"	"Handicap"	"3"	"7"	"Tudhope, Daniel"	"OMeara, D"	"5f "	"3"	"4"	"2"	"13"
"16:50:00"	"2015-05-20"	"Ayr"	"Long Awaited (IRE)"	"3.00"	"4.4"	"Handicap"	"6"	"7"	"Gibbons, Graham"	"Barron, T D"	"5f "	"3"	"4"	"5"	"11"
"16:00:00"	"2015-05-20"	"Lingfield"	"Macs Superstar (FR)"	"8.00"	"10"	"Claimer"	"3"	"8"	"Morris, Luke"	"Coogan, A B"	"7.5f "	"6"	"10"	"UR"	"7"
"14:50:00"	"2015-05-20"	"Ayr"	"Rock Canyon (IRE)"	"10.00"	"11.67"	"Handicap"	"1"	"13"	"McDonald, P J"	"Perratt, Miss L A"	"6f "	"6"	"9"	"4"	"10"
"14:50:00"	"2015-05-20"	"Ayr"	"Amis Reunis"	"6.00"	"8"	"Handicap"	"2"	"13"	"Eaves, Tom"	"Berry, A"	"6f "	"6"	"5"	"1"	"13"
"14:50:00"	"2015-05-20"	"Ayr"	"Lord Buffhead"	"14.00"	"16.32"	"Handicap"	"6"	"13"	"Nason, Jordan"	"Guest, R C"	"6f "	"6"	"5"	"12"	"13"
"14:50:00"	"2015-05-20"	"Ayr"	"Pitt Rivers"	"9.00"	"14.37"	"Handicap"	"9"	"13"	"Mulrennan, Paul"	"Perratt, Miss L A"	"6f "	"6"	"9"	"8"	"10"
"17:50:00"	"2015-05-19"	"Newcastle"	"Riponian"	"11.00"	"15.5"	"Handicap"	"1"	"9"	"Haynes, Joey"	"Corbett, Mrs Susan"	"1m "	"6"	"6"	"3"	"7"
"17:50:00"	"2015-05-19"	"Newcastle"	"Shearian"	"2.00"	"3.15"	"Handicap"	"2"	"9"	"Beasley, Connor"	"Waggott, Miss Tracy"	"1m "	"6"	"6"	"2"	"11"
"17:50:00"	"2015-05-19"	"Newcastle"	"Lendal Bridge"	"6.00"	"8.21"	"Handicap"	"4"	"9"	"McHugh, B"	"Coyle, Tony"	"1m "	"6"	"8"	"1"	"10"
"17:50:00"	"2015-05-19"	"Newcastle"	"Outlaw Torn (IRE)"	"5.50"	"8.14"	"Handicap"	"9"	"9"	"Hamilton, Tony"	"Guest, R C"	"1m "	"6"	"10"	"6"	"10"
"17:35:00"	"2015-05-19"	"Nottingham"	"Humour (IRE)"	"2.50"	"3.87"	"Handicap"	"2"	"8"	"Kirby, Adam"	"Dunnett, Mrs C A"	"5f "	"5"	"10"	"7"	"10"
"17:20:00"	"2015-05-19"	"Newcastle"	"Oriental Dream (IRE)"	"6.50"	"7.37"	"Handicap"	"6"	"9"	"Bell, Samantha"	"Tinkler, N"	"1m "	"6"	"8"	"5"	"10"
"17:20:00"	"2015-05-19"	"Newcastle"	"Bertha Burnett (IRE)"	"6.00"	"8.41"	"Handicap"	"9"	"9"	"Doyle, Joe"	"Rothwell, B S"	"1m "	"6"	"8"	"4"	"11"
"16:50:00"	"2015-05-19"	"Newcastle"	"Obsidian (USA)"	"8.00"	"9.24"	"Handicap"	"3"	"9"	"Hamilton, Tony"	"Fahey, R A"	"7f "	"3"	"10"	"1"	"12"
"16:50:00"	"2015-05-19"	"Newcastle"	"George Cinq"	"4.00"	"4.84"	"Handicap"	"7"	"9"	"Steward, Louis"	"Bell, M L W"	"7f "	"3"	"8"	"2"	"15"
"16:50:00"	"2015-05-19"	"Newcastle"	"Lover Man (IRE)"	"8.00"	"10.09"	"Handicap"	"9"	"9"	"Makin, Phillip"	"Dalgleish, Keith"	"7f "	"3"	"8"	"6"	"15"
"16:40:00"	"2015-05-19"	"Chepstow"	"Bonjour Steve"	"1.20"	"2.32"	"Handicap"	"1"	"8"	"Marquand, Tom"	"Price, R J"	"6f "	"5"	"6"	"1"	"11"
"16:40:00"	"2015-05-19"	"Chepstow"	"Telegraph (IRE)"	"9.00"	"12.5"	"Handicap"	"8"	"8"	"Cosgrave, Pat"	"Evans, P D"	"6f "	"5"	"7"	"10"	"12"
"16:10:00"	"2015-05-19"	"Chepstow"	"Leonard Thomas"	"14.00"	"18.26"	"Handicap"	"7"	"9"	"Donohoe, Stephen"	"Carroll, A W"	"1m "	"5"	"10"	"9"	"10"
"14:50:00"	"2015-05-19"	"Newcastle"	"Lady Ibrox"	"5.50"	"6.52"	"Handicap"	"2"	"9"	"Curtis, B A"	"Brown, A D"	"5f "	"5"	"7"	"7"	"11"
"14:50:00"	"2015-05-19"	"Newcastle"	"Heroique (IRE)"	"5.00"	"6.67"	"Handicap"	"4"	"9"	"Richardson, Rachel"	"Easterby, T D"	"5f "	"5"	"7"	"6"	"11"
"14:50:00"	"2015-05-19"	"Newcastle"	"Lorimers Lot (IRE)"	"6.00"	"9.6"	"Handicap"	"7"	"9"	"Fentiman, Duran"	"Walford, Mark"	"5f "	"5"	"7"	"4"	"11"
"18:05:00"	"2015-05-18"	"Windsor"	"Jubilee Brig"	"2.50"	"3.78"	"Claimer"	"2"	"8"	"Kirby, Adam"	"Curran, S"	"6f "	"5"	"6"	"5"	"9"
"18:05:00"	"2015-05-18"	"Windsor"	"Fine n Dandy (IRE)"	"33.00"	"152.39"	"Claimer"	"6"	"8"	"Pearce, Simon"	"Jenkins, J R"	"6f "	"5"	"10"	"7"	"7"
"15:50:00"	"2015-05-18"	"Redcar"	"Invincible Ridge (IRE)"	"8.50"	"9.12"	"Handicap"	"1"	"8"	"Farley, Neil"	"Alston, E J"	"5f "	"3"	"9"	"3"	"4"
"15:50:00"	"2015-05-18"	"Redcar"	"Desert Law (IRE)"	"1.75"	"2.82"	"Handicap"	"4"	"8"	"Lee, G"	"Midgley, P T"	"5f "	"3"	"4"	"3"	"15"
"20:15:00"	"2015-05-16"	"Doncaster"	"Manatee Bay"	"7.00"	"9.89"	"Handicap"	"6"	"18"	"Norton, Francis"	"Nicholls, D"	"6f "	"4"	"7"	"1"	"17"
"20:15:00"	"2015-05-16"	"Doncaster"	"Meandmyshadow"	"20.00"	"40"	"Handicap"	"9"	"18"	"Swift, Mr Dale"	"Brown, A D"	"6f "	"4"	"7"	"15"	"17"
"20:15:00"	"2015-05-16"	"Doncaster"	"Gung Ho Jack"	"20.00"	"25"	"Handicap"	"14"	"18"	"Fox, Kieren"	"Best, J R"	"6f "	"4"	"7"	"UR"	"21"
"17:10:00"	"2015-05-16"	"Newmarket (Rowley)"	"It Must Be Faith"	"2.75"	"3.9"	"Handicap"	"5"	"6"	"Turner, Hayley"	"Appleby, M"	"5f "	"4"	"8"	"2"	"7"
"16:15:00"	"2015-05-16"	"Thirsk"	"Gramercy (IRE)"	"9.00"	"10.6"	"Handicap"	"3"	"12"	"Hamilton, Tony"	"Fahey, R A"	"6f "	"3"	"8"	"6"	"10"
"13:45:00"	"2015-05-16"	"Newmarket (Rowley)"	"Firmdecisions (IRE)"	"3.50"	"5.11"	"Handicap"	"1"	"12"	"Cosgrave, Pat"	"Ivory, D K"	"7f "	"4"	"7"	"4"	"21"
"13:45:00"	"2015-05-16"	"Newmarket (Rowley)"	"See The Storm"	"33.00"	"40.49"	"Handicap"	"10"	"12"	"Ennis, Mikey"	"Williams, Ian"	"7f "	"4"	"8"	"10"	"10"
"21:00:00"	"2015-05-15"	"Hamilton"	"Ambitious Icarus"	"4.50"	"6.4"	"Handicap"	"4"	"6"	"Hart, Jason"	"Guest, R C"	"5f "	"5"	"6"	"1"	"10"
"20:30:00"	"2015-05-15"	"Hamilton"	"Senora Lobo (IRE)"	"50.00"	"83.45"	"Handicap"	"10"	"13"	"Ffrench, Royston"	"Williamson, Mrs L"	"6f "	"6"	"3"	"11"	"12"
"20:30:00"	"2015-05-15"	"Hamilton"	"Rise To Glory (IRE)"	"7.00"	"8.29"	"Handicap"	"11"	"13"	"Fentiman, Duran"	"Harris, S A"	"6f "	"6"	"7"	"2"	"16"
"16:40:00"	"2015-05-15"	"Newmarket (Rowley)"	"Polar Forest"	"10.00"	"14.5"	"Handicap"	"9"	"13"	"Nason, Jordan"	"Guest, R C"	"1m "	"3"	"7"	"1"	"8"
"17:00:00"	"2015-05-14"	"Salisbury"	"Foxtrot Jubilee (IRE)"	"8.00"	"11.46"	"Handicap"	"8"	"12"	"ODonnell, P C"	"Beckett, R M"	"7f "	"5"	"10"	"10"	"12"
"18:00:00"	"2015-05-13"	"Newcastle"	"Stun Gun"	"20.00"	"31.62"	"Handicap"	"12"	"13"	"Mathers, Patrick"	"Shaw, D"	"7f "	"6"	"9"	"9"	"10"
"17:25:00"	"2015-05-13"	"Newcastle"	"Blue Jacket (USA)"	"4.00"	"5.5"	"Handicap"	"4"	"11"	"Sayer, Miss E C"	"Sayer, Mrs Dianne"	"7f "	"6"	"2"	"2"	"10"
"16:55:00"	"2015-05-13"	"Newcastle"	"True Pleasure (IRE)"	"2.25"	"3.44"	"Handicap"	"4"	"5"	"McDonald, P J"	"Bethell, J D"	"1m "	"4"	"8"	"2"	"10"
"16:55:00"	"2015-05-13"	"Newcastle"	"Bridie Ffrench"	"2.75"	"4.57"	"Handicap"	"5"	"5"	"Hamilton, Tony"	"Channon, M R"	"1m "	"4"	"9"	"4"	"5"
"15:25:00"	"2015-05-13"	"Newcastle"	"Irondale Express"	"3.00"	"5.3"	"Handicap"	"15"	"15"	"Gray, S A"	"Donovan, D"	"1m "	"6"	"4"	"1"	"10"
"15:25:00"	"2015-05-12"	"Beverley"	"Windforpower (IRE)"	"2.75"	"4.2"	"Handicap"	"3"	"9"	"Butterfield, Mr J"	"Waggott, Miss Tracy"	"5f "	"5"	"7"	"2"	"6"
"15:25:00"	"2015-05-12"	"Beverley"	"Tinsill"	"8.00"	"11"	"Handicap"	"4"	"9"	"Hart, Jason"	"Tinkler, N"	"5f "	"5"	"9"	"6"	"8"
"14:55:00"	"2015-05-12"	"Beverley"	"Threes Grand"	"12.00"	"15.82"	"Handicap"	"3"	"11"	"Eaves, Tom"	"Dixon, Scott"	"5f "	"5"	"7"	"4"	"6"
"14:55:00"	"2015-05-12"	"Beverley"	"Boxing Shadows"	"7.00"	"8.51"	"Handicap"	"9"	"11"	"Allan, David"	"Eyre, J L"	"5f "	"5"	"10"	"8"	"9"
"14:55:00"	"2015-05-12"	"Beverley"	"Amenable (IRE)"	"2.00"	"3.25"	"Handicap"	"11"	"11"	"Turner, Hayley"	"Dore, C R"	"5f "	"5"	"3"	"2"	"17"
"16:25:00"	"2015-05-11"	"Doncaster"	"Sunraider (IRE)"	"50.00"	"107.54"	"Handicap"	"9"	"15"	"Doyle, Joe"	"Midgley, P T"	"7f "	"3"	"9"	"10"	"14"
"18:40:00"	"2015-05-09"	"Thirsk"	"Eland Ally"	"25.00"	"30.51"	"Handicap"	"11"	"17"	"Tutty, Gemma"	"Tutty, Mrs K J"	"6f "	"5"	"4"	"3"	"6"
"18:40:00"	"2015-05-09"	"Thirsk"	"Well Deal Again"	"20.00"	"27.16"	"Handicap"	"16"	"17"	"Fentiman, Duran"	"Easterby, M W"	"6f "	"5"	"10"	"5"	"7"
"17:10:00"	"2015-05-09"	"Lingfield"	"Beach Bar (IRE)"	"8.00"	"14"	"Handicap"	"1"	"8"	"Kirby, Adam"	"Knight, W J"	"7f "	"4"	"10"	"9"	"12"
"16:55:00"	"2015-05-09"	"Ascot"	"Smidgen (IRE)"	"6.00"	"8"	"Handicap"	"13"	"21"	"Spencer, Jamie"	"De Giles, Ed"	"6f "	"4"	"5"	"3"	"8"
"15:00:00"	"2015-05-09"	"Nottingham"	"Ambitious Icarus"	"6.00"	"7.63"	"Handicap"	"1"	"10"	"Hart, Jason"	"Guest, R C"	"5f "	"5"	"6"	"6"	"13"
"15:00:00"	"2015-05-09"	"Nottingham"	"Beau Mistral (IRE)"	"5.00"	"6.9"	"Handicap"	"9"	"10"	"Gannon, Catherine"	"Carroll, A W"	"5f "	"5"	"8"	"5"	"10"
"15:00:00"	"2015-05-09"	"Nottingham"	"Narborough"	"14.00"	"19"	"Handicap"	"10"	"10"	"Pilley, Mr P"	"Channon, M R"	"5f "	"5"	"10"	"8"	"11"
"19:10:00"	"2015-05-08"	"Ascot"	"Basil Berry"	"9.00"	"13.9"	"Handicap"	"1"	"13"	"Sousa, Silvestre De"	"Dwyer, C A"	"6f "	"3"	"10"	"1"	"9"
"19:05:00"	"2015-05-08"	"Ripon"	"Pennine Warrior"	"8.00"	"10"	"Handicap"	"6"	"8"	"Morris, Luke"	"Dixon, Scott"	"6f "	"4"	"5"	"8"	"13"
"19:05:00"	"2015-05-08"	"Ripon"	"Kommander Kirkup"	"4.00"	"5.35"	"Handicap"	"8"	"8"	"Beasley, Connor"	"Dods, M"	"6f "	"4"	"10"	"2"	"10"
"17:15:00"	"2015-05-08"	"Nottingham"	"Rise To Glory (IRE)"	"9.00"	"10.84"	"Handicap"	"2"	"16"	"Lundie, K"	"Harris, S A"	"6f "	"6"	"7"	"2"	"6"
"17:15:00"	"2015-05-08"	"Nottingham"	"Ecliptic Sunrise"	"14.00"	"15.96"	"Handicap"	"13"	"16"	"Jenner, Charlotte"	"Donovan, D"	"6f "	"6"	"9"	"4"	"7"
"15:35:00"	"2015-05-08"	"Lingfield"	"Byrd In Hand (IRE)"	"20.00"	"26.05"	"Handicap"	"4"	"10"	"Bagoban, Miss Tannya"	"Bridger, J / Cook, R"	"7f "	"5"	"5"	"10"	"11"
"15:35:00"	"2015-05-08"	"Lingfield"	"Red Invader (IRE)"	"16.00"	"19.74"	"Handicap"	"10"	"10"	"Wilson, Mrs R"	"DArcy, P W"	"7f "	"5"	"5"	"7"	"11"
"15:00:00"	"2015-05-08"	"Lingfield"	"Extrasolar"	"4.00"	"5.2"	"Handicap"	"6"	"7"	"Dobbs, Pat"	"Perrett, Mrs A J"	"5f "	"3"	"6"	"9"	"11"
"15:00:00"	"2015-05-08"	"Lingfield"	"Fine n Dandy (IRE)"	"50.00"	"110"	"Handicap"	"7"	"7"	"Sweeney, Fergus"	"Jenkins, J R"	"5f "	"3"	"7"	"9"	"9"
"14:00:00"	"2015-05-08"	"Lingfield"	"Subtle Knife"	"5.00"	"6.68"	"Handicap"	"1"	"8"	"Pilley, Mr P"	"Bravery, G C"	"7.5f "	"4"	"10"	"1"	"5"
"14:00:00"	"2015-05-08"	"Lingfield"	"Be Royale"	"3.50"	"4.8"	"Handicap"	"4"	"8"	"Winston, Robert"	"Appleby, M"	"7.5f "	"4"	"6"	"3"	"8"
"14:00:00"	"2015-05-08"	"Lingfield"	"Acclio (IRE)"	"5.00"	"6.4"	"Handicap"	"8"	"8"	"Buick, William"	"Brittain, C E"	"7.5f "	"4"	"10"	"2"	"5"
"14:15:00"	"2015-05-04"	"Windsor"	"Quiet Warrior (IRE)"	"5.00"	"7.2"	"Handicap"	"4"	"8"	"Harley, M"	"Botti, M"	"6f "	"4"	"9"	"6"	"10"
"14:15:00"	"2015-05-04"	"Windsor"	"Soaring Spirits (IRE)"	"16.00"	"21.79"	"Handicap"	"6"	"8"	"Cosgrave, Pat"	"Ivory, D K"	"6f "	"4"	"7"	"7"	"8"
"13:40:00"	"2015-05-04"	"Windsor"	"Major Crispies"	"2.75"	"4.1"	"Handicap"	"1"	"7"	"Kirby, Adam"	"Eustace, J M P"	"6f "	"4"	"9"	"3"	"10"
"13:40:00"	"2015-05-04"	"Windsor"	"Agerzam"	"16.00"	"22"	"Handicap"	"7"	"7"	"Cosham, Matthew"	"Harris, R A"	"6f "	"4"	"9"	"7"	"10"
"13:05:00"	"2015-05-04"	"Windsor"	"Diamond Vine (IRE)"	"20.00"	"34.83"	"Handicap"	"5"	"12"	"Greatrex, Edward"	"Harris, R A"	"6f "	"6"	"7"	"2"	"13"
"14:10:00"	"2015-05-03"	"Hamilton"	"Hopes N Dreams (IRE)"	"7.00"	"8.72"	"Handicap"	"1"	"13"	"Mulrennan, Paul"	"Ryan, K A"	"6f "	"4"	"7"	"5"	"11"
"14:10:00"	"2015-05-03"	"Hamilton"	"Kenny The Captain (IRE)"	"4.50"	"5.5"	"Handicap"	"5"	"13"	"Fentiman, Duran"	"Easterby, T D"	"6f "	"4"	"5"	"1"	"10"
"14:10:00"	"2015-05-03"	"Hamilton"	"Azrur (IRE)"	"50.00"	"84.68"	"Handicap"	"12"	"13"	"McDonald, P J"	"Johnson, Kenny"	"6f "	"4"	"7"	"12"	"14"
"14:10:00"	"2015-05-03"	"Hamilton"	"Fleurtille"	"25.00"	"39.41"	"Handicap"	"13"	"13"	"Beasley, Connor"	"Johnson, Kenny"	"6f "	"4"	"7"	"7"	"11"
"13:40:00"	"2015-05-03"	"Hamilton"	"Tinsill"	"6.50"	"8.3"	"Handicap"	"6"	"8"	"Sousa, Silvestre De"	"Tinkler, N"	"5f "	"5"	"4"	"10"	"11"
"13:40:00"	"2015-05-03"	"Hamilton"	"Lord Buffhead"	"11.00"	"12.5"	"Handicap"	"8"	"8"	"Nason, Jordan"	"Guest, R C"	"5f "	"5"	"6"	"12"	"14"
"16:00:00"	"2015-05-02"	"Thirsk"	"One Boy (IRE)"	"14.00"	"18.52"	"Handicap"	"3"	"9"	"Beasley, Connor"	"Dods, M"	"5f "	"4"	"8"	"12"	"12"
"16:00:00"	"2015-05-02"	"Thirsk"	"Flash City (ITY)"	"10.00"	"14"	"Handicap"	"5"	"9"	"Sullivan, James P"	"Carr, Mrs R A"	"5f "	"4"	"8"	"10"	"12"
"16:00:00"	"2015-05-02"	"Thirsk"	"Signore Piccolo"	"1.63"	"2.74"	"Handicap"	"6"	"9"	"James, S H"	"OMeara, D"	"5f "	"4"	"8"	"3"	"12"
"15:25:00"	"2015-05-02"	"Goodwood"	"Long Awaited (IRE)"	"7.50"	"11.1"	"Handicap"	"2"	"11"	"Gibbons, Graham"	"Barron, T D"	"5f "	"3"	"10"	"6"	"9"
"15:15:00"	"2015-05-01"	"Chepstow"	"Swendab (IRE)"	"16.00"	"19.78"	"Handicap"	"10"	"10"	"Mckee, Ciaran"	"Oshea, J G M"	"5f "	"5"	"4"	"10"	"13"
"14:55:00"	"2015-05-01"	"Musselburgh"	"Bunce (IRE)"	"4.50"	"6.2"	"Handicap"	"1"	"8"	"McDonald, P J"	"Perratt, Miss L A"	"5f "	"4"	"4"	"2"	"9"
"14:55:00"	"2015-04-30"	"Redcar"	"Nowreyna"	"200.00"	"327.62"	"Maiden"	"8"	"8"	"Ennis, Mikey"	"Johnson, Kenny"	"6f "	"5"	"4"	"10"	"10"
"18:50:00"	"2015-04-28"	"Newcastle"	"Jimmy Crackle (IRE)"	"7.00"	"9.5"	"Handicap"	"8"	"13"	"Eaves, Tom"	"Ellison, B"	"1m "	"6"	"7"	"7"	"12"
"18:10:00"	"2015-04-27"	"Naas"	"Bubbly Bellini (IRE)"	"4.50"	"6.8"	"Handicap"	"1"	"12"	"McDonogh, D P"	"McGuinness, Adrian"	"6f "	"0"	"7"	"2"	"6"
"18:10:00"	"2015-04-27"	"Naas"	"Shipyard (USA)"	"5.50"	"6.8"	"Handicap"	"7"	"12"	"Hayes, C D"	"Oliver, Andrew"	"6f "	"0"	"8"	"5"	"9"
"17:40:00"	"2015-04-27"	"Naas"	"Regal Power"	"33.00"	"70"	"Handicap"	"3"	"18"	"Murtagh, Caroline"	"Callaghan, Marcus"	"6f "	"0"	"9"	"15"	"20"
"17:40:00"	"2015-04-27"	"Naas"	"Lady Ranger (IRE)"	"3.50"	"5.57"	"Handicap"	"8"	"18"	"Dolan, Robbie"	"Keatley, Adrian Paul"	"6f "	"0"	"9"	"2"	"20"
"17:40:00"	"2015-04-27"	"Naas"	"Shinyhappyjohn"	"14.00"	"20.95"	"Handicap"	"10"	"18"	"Downey, R P"	"Nash, J A"	"6f "	"0"	"8"	"7"	"9"
"17:40:00"	"2015-04-27"	"Naas"	"Pierre Dor (IRE)"	"20.00"	"34.06"	"Handicap"	"11"	"18"	"Redmond, D M"	"Gorman, J T"	"6f "	"0"	"9"	"14"	"20"
"17:40:00"	"2015-04-27"	"Naas"	"Cappadocia (IRE)"	"10.00"	"16.37"	"Handicap"	"12"	"18"	"Phillips, G J"	"Fahey, Seamus"	"6f "	"0"	"10"	"5"	"10"
"17:40:00"	"2015-04-27"	"Naas"	"Boughtforasong (IRE)"	"16.00"	"22.1"	"Handicap"	"14"	"18"	"Corby, Sean"	"Pakidis, Georgios"	"6f "	"0"	"10"	"3"	"10"
"17:40:00"	"2015-04-27"	"Naas"	"Katies Joy (IRE)"	"33.00"	"107.85"	"Handicap"	"15"	"18"	"OConnor, Donagh"	"Cloke, P M"	"6f "	"0"	"10"	"6"	"10"
"15:00:00"	"2015-04-27"	"Ayr"	"Roys Legacy"	"6.50"	"8"	"Handicap"	"5"	"9"	"Lundie, K"	"Harris, S A"	"5f "	"5"	"9"	"2"	"10"
"14:25:00"	"2015-04-27"	"Ayr"	"Bearskin (IRE)"	"14.00"	"18.12"	"Handicap"	"6"	"14"	"McDonald, P J"	"Duffield, Mrs A"	"6f "	"5"	"9"	"11"	"15"
"14:25:00"	"2015-04-27"	"Ayr"	"Indego Blues"	"3.00"	"4.15"	"Handicap"	"8"	"14"	"Norton, Francis"	"Nicholls, D"	"6f "	"5"	"9"	"2"	"10"
"14:25:00"	"2015-04-27"	"Ayr"	"Sartori"	"7.00"	"8.79"	"Handicap"	"10"	"14"	"Tudhope, Daniel"	"Fife, Mrs Marjorie"	"6f "	"5"	"9"	"8"	"10"
"20:00:00"	"2015-04-25"	"Doncaster"	"True Pleasure (IRE)"	"3.00"	"4"	"Handicap"	"3"	"7"	"McDonald, P J"	"Bethell, J D"	"1m "	"4"	"10"	"1"	"9"
"18:00:00"	"2015-04-25"	"Doncaster"	"Intisaab"	"2.50"	"3.95"	"Handicap"	"1"	"7"	"Heptonstall, Miss R"	"OMeara, D"	"7f "	"4"	"9"	"1"	"11"
"18:00:00"	"2015-04-25"	"Doncaster"	"Jubilee Brig"	"2.50"	"3.7"	"Handicap"	"4"	"7"	"Hampson, Brodie"	"Curran, S"	"7f "	"4"	"7"	"1"	"13"
"18:00:00"	"2015-04-25"	"Doncaster"	"Yair Hill (IRE)"	"14.00"	"19"	"Handicap"	"6"	"7"	"Cuthbert, Miss H"	"Cuthbert, T A K"	"7f "	"4"	"7"	"10"	"15"
"15:05:00"	"2015-04-25"	"Leicester"	"Canyari (IRE)"	"1.75"	"2.92"	"Handicap"	"1"	"9"	"Moore, Ryan"	"Fahey, R A"	"6f "	"4"	"9"	"4"	"11"
"14:30:00"	"2015-04-25"	"Leicester"	"Clubland (IRE)"	"5.00"	"6.13"	"Handicap"	"4"	"10"	"Fallon, K"	"Bowring, S R"	"6f "	"4"	"7"	"1"	"10"
"16:00:00"	"2015-04-24"	"Doncaster"	"Signore Piccolo"	"1.75"	"2.86"	"Handicap"	"3"	"12"	"Doyle, Josh"	"OMeara, D"	"5f "	"4"	"8"	"1"	"12"
"16:00:00"	"2015-04-24"	"Doncaster"	"Sir Billy Wright (IRE)"	"8.00"	"11.12"	"Handicap"	"5"	"12"	"Bates, Mr D J"	"Evans, P D"	"5f "	"4"	"8"	"2"	"6"
"15:25:00"	"2015-04-24"	"Doncaster"	"Meandmyshadow"	"10.00"	"11.07"	"Handicap"	"2"	"8"	"Swift, Mr Dale"	"Brown, A D"	"6f "	"5"	"6"	"7"	"10"
"13:20:00"	"2015-04-24"	"Doncaster"	"Birdman (IRE) (OLD)"	"0.91"	"2.02"	"Handicap"	"1"	"13"	"James, S H"	"OMeara, D"	"7f "	"5"	"6"	"1"	"15"
"17:45:00"	"2015-04-23"	"Tipperary"	"Battleroftheboyne (IRE)"	"2.75"	"3.91"	"Handicap"	"3"	"7"	"Carroll, G F"	"Mulvany, Michael"	"5f "	"0"	"5"	"3"	"20"
"17:45:00"	"2015-04-23"	"Tipperary"	"Blueberry Gal (IRE)"	"14.00"	"16.87"	"Handicap"	"5"	"7"	"McCullagh, N G"	"Grassick, M C"	"5f "	"0"	"5"	"18"	"20"
"14:35:00"	"2015-04-22"	"Catterick"	"Eland Ally"	"12.00"	"14.9"	"Handicap"	"8"	"10"	"Tutty, Gemma"	"Tutty, Mrs K J"	"5f "	"5"	"4"	"9"	"10"
"14:10:00"	"2015-04-22"	"Epsom"	"Long Awaited (IRE)"	"3.50"	"4.6"	"Handicap"	"6"	"9"	"Fortune, Jimmy"	"Barron, T D"	"5f "	"3"	"7"	"2"	"17"
"19:55:00"	"2015-04-20"	"Windsor"	"Maymyo (IRE)"	"14.00"	"22.73"	"Handicap"	"11"	"15"	"Dobbs, Pat"	"Kirk, S"	"6f "	"6"	"9"	"6"	"6"
"18:25:00"	"2015-04-20"	"Windsor"	"Plucky Dip"	"10.00"	"15.17"	"Handicap"	"6"	"14"	"Doyle, Joe"	"Ryan, J"	"6f "	"3"	"4"	"4"	"10"
"17:25:00"	"2015-04-20"	"Windsor"	"Whaleweigh Station"	"3.50"	"4.7"	"Handicap"	"5"	"7"	"Baker, George"	"Jenkins, J R"	"5f "	"4"	"10"	"8"	"10"
"15:20:00"	"2015-04-19"	"Curragh"	"Oor Jock (IRE)"	"2.00"	"3.45"	"Handicap"	"4"	"9"	"McDonogh, D P"	"McGuinness, Adrian"	"6f "	"0"	"7"	"3"	"9"
"19:25:00"	"2015-04-18"	"Nottingham"	"Meebo (IRE)"	"14.00"	"13.85"	"Handicap"	"4"	"10"	"Rawlinson, Ali"	"Jenkins, J R"	"5f "	"6"	"4"	"5"	"6"
"19:25:00"	"2015-04-18"	"Nottingham"	"Mr Mo Jo"	"12.00"	"15.54"	"Handicap"	"9"	"10"	"Allan, David"	"Eyre, J L"	"5f "	"6"	"5"	"5"	"5"
"18:15:00"	"2015-04-18"	"Thirsk"	"Clubland (IRE)"	"2.25"	"3.4"	"Handicap"	"1"	"10"	"Fallon, K"	"Bowring, S R"	"6f "	"5"	"7"	"3"	"10"
"17:40:00"	"2015-04-18"	"Thirsk"	"Meshardal (GER)"	"2.75"	"4.12"	"Handicap"	"1"	"9"	"Sullivan, James P"	"Carr, Mrs R A"	"6f "	"5"	"10"	"1"	"8"
"17:40:00"	"2015-04-18"	"Thirsk"	"Teetotal (IRE)"	"16.00"	"25"	"Handicap"	"8"	"9"	"Hart, Jason"	"Tinkler, N"	"6f "	"5"	"10"	"10"	"10"
"14:20:00"	"2015-04-18"	"Navan"	"Battleroftheboyne (IRE)"	"6.00"	"7.65"	"Handicap"	"3"	"20"	"Carroll, G F"	"Mulvany, Michael"	"6f "	"0"	"2"	"3"	"14"
"14:20:00"	"2015-04-18"	"Navan"	"Rigid Rock (IRE)"	"20.00"	"43.48"	"Handicap"	"16"	"20"	"Lordan, W M"	"McGuinness, Adrian"	"6f "	"0"	"1"	"8"	"10"
"16:15:00"	"2015-04-16"	"Ripon"	"Ambitious Icarus"	"16.00"	"20"	"Handicap"	"3"	"12"	"Hornby, Rob"	"Guest, R C"	"5f "	"4"	"8"	"7"	"8"
"15:50:00"	"2015-04-13"	"Redcar"	"Ellaal"	"3.50"	"5.56"	"Handicap"	"5"	"12"	"McDonald, P J"	"Carr, Mrs R A"	"1m "	"4"	"7"	"2"	"11"
"14:50:00"	"2015-04-13"	"Redcar"	"Mon Brav"	"1.20"	"2.28"	"Seller"	"3"	"5"	"Swift, Mr Dale"	"Ellison, B"	"5f "	"6"	"5"	"3"	"4"
"18:05:00"	"2015-04-11"	"Newcastle"	"Risk n Reward (IRE)"	"5.00"	"6.14"	"Handicap"	"9"	"15"	"Doyle, Josh"	"OMeara, D"	"7f "	"6"	"5"	"1"	"12"
"18:05:00"	"2015-04-11"	"Newcastle"	"Sewn Up"	"8.00"	"9.85"	"Handicap"	"14"	"15"	"Haynes, Joey"	"Dalgleish, Keith"	"7f "	"6"	"6"	"5"	"8"
"17:20:00"	"2015-04-08"	"Catterick"	"Shaft of Light"	"28.00"	"33.87"	"Handicap"	"7"	"13"	"Garbutt, Noel"	"Shaw, D"	"5f "	"6"	"7"	"10"	"11"
"15:10:00"	"2015-04-08"	"Nottingham"	"Bapak Bangsawan"	"100.00"	"170.17"	"Non-Handicap"	"7"	"7"	"Stokell, Ann"	"Stokell, Miss A"	"5f "	"3"	"5"	"6"	"6"
"14:55:00"	"2015-04-06"	"Cork"	"Shinyhappyjohn"	"4.00"	"5.41"	"Handicap"	"8"	"14"	"OBrien, Donnacha"	"Nash, J A"	"5f "	"0"	"5"	"2"	"10"
"14:10:00"	"2015-04-06"	"Redcar"	"Lady Crossmar (IRE)"	"2.75"	"3.85"	"Handicap"	"3"	"11"	"Sousa, Silvestre De"	"Ellison, B"	"1m "	"4"	"8"	"6"	"18"
"13:10:00"	"2015-04-06"	"Redcar"	"Risk n Reward (IRE)"	"5.00"	"6.62"	"Seller"	"1"	"12"	"Nolan, D"	"OMeara, D"	"7f "	"6"	"6"	"7"	"8"
"17:05:00"	"2015-04-05"	"Musselburgh"	"Lizzys Dream"	"7.00"	"9.23"	"Handicap"	"3"	"7"	"Murphy, Michael J M"	"Bastiman, Rebecca"	"5f "	"6"	"10"	"4"	"8"
"16:05:00"	"2014-11-08"	"Doncaster"	"Maggie Pink"	"10.00"	"13.5"	"Handicap"	"8"	"21"	"Rawlinson, Ali"	"Appleby, M"	"7f "	"3"	"7"	"1"	"11"
"16:05:00"	"2014-11-08"	"Doncaster"	"Personal Touch"	"9.00"	"10.03"	"Handicap"	"9"	"21"	"Garritty, Jack"	"Fahey, R A"	"7f "	"3"	"7"	"1"	"10"
"16:05:00"	"2014-11-08"	"Doncaster"	"Uncle Dermot (IRE)"	"33.00"	"72.96"	"Handicap"	"13"	"21"	"Powell, Miss Jennifer"	"Powell, B G"	"7f "	"3"	"7"	"9"	"9"
"16:05:00"	"2014-11-08"	"Doncaster"	"Pastoral Player"	"12.00"	"19.4"	"Handicap"	"15"	"21"	"Parkes, D A"	"Morrison, H"	"7f "	"3"	"7"	"4"	"9"
"16:05:00"	"2014-11-08"	"Doncaster"	"Norse Blues"	"25.00"	"44.82"	"Handicap"	"19"	"21"	"McGiff, Paul"	"Barron, T D"	"7f "	"3"	"10"	"8"	"16"
"15:25:00"	"2014-11-05"	"Nottingham"	"Captain Scooby"	"8.00"	"9.8"	"Handicap"	"1"	"12"	"Hart, Jason"	"Guest, R C"	"5f "	"6"	"1"	"12"	"20"
"15:25:00"	"2014-11-05"	"Nottingham"	"Rylee Mooch"	"5.00"	"7.2"	"Handicap"	"2"	"12"	"Elliott, Andrew"	"Guest, R C"	"5f "	"6"	"7"	"2"	"13"
"15:25:00"	"2014-11-05"	"Nottingham"	"Betty Boo (IRE)"	"33.00"	"49.83"	"Handicap"	"7"	"12"	"Curtis, B A"	"Harris, S A"	"5f "	"6"	"9"	"18"	"18"
"15:25:00"	"2014-11-05"	"Nottingham"	"Ingenti"	"8.00"	"10.5"	"Handicap"	"10"	"12"	"Carberry, Megan"	"Wilson, C R"	"5f "	"6"	"8"	"1"	"14"
"14:50:00"	"2014-11-05"	"Nottingham"	"Danzoe (IRE)"	"10.00"	"15"	"Handicap"	"4"	"14"	"Doyle, Joe"	"Dunnett, Mrs C A"	"5f "	"6"	"8"	"1"	"10"
"14:50:00"	"2014-11-05"	"Nottingham"	"Minty Jones"	"10.00"	"13.75"	"Handicap"	"5"	"14"	"Clark, Tim"	"Mullineaux, M"	"5f "	"6"	"8"	"4"	"14"
"14:50:00"	"2014-11-05"	"Nottingham"	"Lord Buffhead"	"5.50"	"7.15"	"Handicap"	"14"	"14"	"Hart, Jason"	"Guest, R C"	"5f "	"6"	"1"	"2"	"20"
"14:20:00"	"2014-11-05"	"Nottingham"	"It Must Be Faith"	"1.63"	"2.84"	"Handicap"	"1"	"14"	"Turner, Hayley"	"Appleby, M"	"5f "	"4"	"7"	"1"	"13"
"14:20:00"	"2014-11-05"	"Nottingham"	"Steel Rain"	"66.00"	"90"	"Handicap"	"11"	"14"	"Doyle, Joe"	"Evans, Mrs N S"	"5f "	"4"	"7"	"10"	"16"
"16:00:00"	"2014-11-04"	"Redcar"	"Lord Buffhead"	"20.00"	"28"	"Handicap"	"2"	"20"	"Farley, Neil"	"Guest, R C"	"6f "	"6"	"8"	"12"	"18"
"16:00:00"	"2014-11-04"	"Redcar"	"Captain Scooby"	"9.00"	"12.5"	"Handicap"	"12"	"20"	"Hart, Jason"	"Guest, R C"	"6f "	"6"	"7"	"2"	"10"
"16:15:00"	"2014-11-01"	"Newmarket (Rowley)"	"Good Authority (IRE)"	"10.00"	"13"	"Handicap"	"3"	"10"	"Shoemark, Kieran"	"Dartnall, V R A"	"7f "	"4"	"9"	"3"	"12"
"16:15:00"	"2014-11-01"	"Newmarket (Rowley)"	"Teds Brother (IRE)"	"25.00"	"47.87"	"Handicap"	"5"	"10"	"Butterfield, Mr J"	"Guest, R C"	"7f "	"4"	"3"	"13"	"16"
"15:45:00"	"2014-11-01"	"Newmarket (Rowley)"	"Jammy Guest (IRE)"	"8.00"	"10.5"	"Handicap"	"9"	"11"	"Harley, M"	"Margarson, G G"	"7f "	"4"	"10"	"4"	"14"
"15:45:00"	"2014-11-01"	"Newmarket (Rowley)"	"Pashan Garh"	"12.00"	"14"	"Handicap"	"10"	"11"	"Fanning, Joe"	"Eddery, Pat"	"7f "	"4"	"5"	"5"	"17"
"14:00:00"	"2014-10-29"	"Nottingham"	"Rylee Mooch"	"7.00"	"8.45"	"Handicap"	"2"	"13"	"Elliott, Andrew"	"Guest, R C"	"5f "	"5"	"1"	"3"	"14"
"14:00:00"	"2014-10-29"	"Nottingham"	"Monsieur Jamie"	"7.00"	"8.17"	"Handicap"	"6"	"13"	"Kirby, Adam"	"Jenkins, J R"	"5f "	"5"	"10"	"4"	"16"
"13:30:00"	"2014-10-29"	"Nottingham"	"Ambitious Icarus"	"5.50"	"6.6"	"Handicap"	"8"	"16"	"Butterfield, Mr J"	"Guest, R C"	"5f "	"5"	"1"	"2"	"12"
"13:30:00"	"2014-10-29"	"Nottingham"	"Steel Rain"	"25.00"	"36"	"Handicap"	"10"	"16"	"Cosham, Matthew"	"Evans, Mrs N S"	"5f "	"5"	"10"	"16"	"16"
"16:30:00"	"2014-10-27"	"Leicester"	"Pashan Garh"	"25.00"	"27"	"Handicap"	"5"	"17"	"Turner, Mr David"	"Eddery, Pat"	"7f "	"5"	"7"	"7"	"10"
"16:30:00"	"2014-10-27"	"Leicester"	"Robin Hood (IRE)"	"16.00"	"23.99"	"Handicap"	"7"	"17"	"Marshall, Mr Charlie"	"Mitchell, P"	"7f "	"5"	"6"	"4"	"10"
"16:10:00"	"2014-10-27"	"Redcar"	"Live Dangerously"	"8.00"	"9.43"	"Handicap"	"6"	"18"	"Shoemark, Kieran"	"Dalgleish, Keith"	"6f "	"6"	"6"	"11"	"11"
"16:10:00"	"2014-10-27"	"Redcar"	"Niceonemyson"	"25.00"	"32"	"Handicap"	"15"	"18"	"Scott, Rowan"	"Wilson, C R"	"6f "	"6"	"10"	"11"	"14"
"15:40:00"	"2014-10-27"	"Redcar"	"Magical Mischief"	"9.00"	"11.43"	"Maiden"	"3"	"15"	"Stainton, Michael J"	"Fairhurst, C W"	"7f "	"5"	"10"	"5"	"14"
"15:40:00"	"2014-10-27"	"Redcar"	"Misu Mac"	"150.00"	"655.3"	"Maiden"	"10"	"15"	"Da Silva, Raul"	"Bycroft, N"	"7f "	"5"	"10"	"9"	"10"
"17:00:00"	"2014-10-25"	"Doncaster"	"Top Notch Tonto (IRE)"	"3.50"	"4.8"	"Non-Handicap"	"2"	"7"	"Swift, Mr Dale"	"Ellison, B"	"7f "	"3"	"7"	"10"	"11"
"17:00:00"	"2014-10-25"	"Doncaster"	"Fencing (USA)"	"3.50"	"4.89"	"Non-Handicap"	"3"	"7"	"Buick, William"	"Gosden, J H M"	"7f "	"3"	"8"	"7"	"13"
"17:00:00"	"2014-10-25"	"Doncaster"	"Highland Colori (IRE)"	"5.00"	"6.6"	"Non-Handicap"	"7"	"7"	"Probert, David"	"Balding, A M"	"7f "	"3"	"8"	"7"	"13"
"16:40:00"	"2014-10-25"	"Newbury"	"Lilac Lace (IRE)"	"5.00"	"6.4"	"Handicap"	"1"	"9"	"Fentiman, Duran"	"Easterby, T D"	"7f "	"3"	"8"	"2"	"14"
"14:05:00"	"2014-10-22"	"Navan"	"In Salutem"	"10.00"	"11.95"	"Handicap"	"1"	"12"	"Foley, Shane"	"Condon, K J"	"5f "	"0"	"5"	"9"	"14"
"14:05:00"	"2014-10-22"	"Navan"	"Bubbly Bellini (IRE)"	"3.50"	"5.7"	"Handicap"	"2"	"12"	"McDonogh, D P"	"McGuinness, Adrian"	"5f "	"0"	"4"	"1"	"13"
"14:05:00"	"2014-10-22"	"Navan"	"Lilys Prince (IRE)"	"7.00"	"8.08"	"Handicap"	"3"	"12"	"Corby, Sean"	"Donnelly, Garvan"	"5f "	"0"	"4"	"9"	"16"
"14:05:00"	"2014-10-22"	"Navan"	"Tylery Wonder (IRE)"	"10.00"	"12"	"Handicap"	"4"	"12"	"Lee, W J"	"McCreery, W"	"5f "	"0"	"10"	"9"	"9"
"14:05:00"	"2014-10-22"	"Navan"	"Oor Jock (IRE)"	"6.00"	"7.85"	"Handicap"	"5"	"12"	"Hayes, C D"	"McGuinness, Adrian"	"5f "	"0"	"4"	"3"	"13"
"16:50:00"	"2014-10-20"	"Windsor"	"Perfect Pastime"	"2.50"	"3.83"	"Handicap"	"1"	"8"	"Cosgrave, Pat"	"Boyle, J R"	"5f "	"5"	"4"	"2"	"10"
"16:50:00"	"2014-10-20"	"Windsor"	"Pharoh Jake"	"3.50"	"5.11"	"Handicap"	"3"	"8"	"Carson, William"	"Bridger, J / Cook, R"	"5f "	"5"	"4"	"1"	"10"
"16:50:00"	"2014-10-20"	"Windsor"	"Lady Phill"	"10.00"	"13.46"	"Handicap"	"7"	"8"	"Fox, Kieren"	"Attwater, M J"	"5f "	"5"	"4"	"8"	"10"
"14:40:00"	"2014-10-18"	"Cork"	"Acting Talent (USA)"	"10.00"	"11.72"	"Handicap"	"4"	"14"	"Lee, W J"	"Grassick, M C"	"5f "	"0"	"10"	"6"	"19"
"14:40:00"	"2014-10-18"	"Cork"	"Tamam Namoose (IRE)"	"25.00"	"41.36"	"Handicap"	"12"	"14"	"Carroll, G F"	"Mullins, Anthony"	"5f "	"0"	"10"	"16"	"19"
"13:35:00"	"2014-10-18"	"Cork"	"Lilys Prince (IRE)"	"6.00"	"7.6"	"Handicap"	"9"	"16"	"Phillips, G J"	"Donnelly, Garvan"	"6f "	"0"	"10"	"2"	"19"
"16:40:00"	"2014-10-17"	"Redcar"	"Polar Forest"	"6.50"	"8.94"	"Handicap"	"1"	"12"	"Butterfield, Mr J"	"Guest, R C"	"7f "	"5"	"9"	"1"	"12"
"16:40:00"	"2014-10-17"	"Redcar"	"Funding Deficit (IRE)"	"3.50"	"4.9"	"Handicap"	"2"	"12"	"Bartley, Gary"	"Goldie, J S"	"7f "	"5"	"3"	"2"	"15"
"16:40:00"	"2014-10-17"	"Redcar"	"Secret City (IRE)"	"20.00"	"32"	"Handicap"	"10"	"12"	"Swift, Mr Dale"	"Bastiman, R"	"7f "	"5"	"8"	"8"	"11"
"16:05:00"	"2014-10-17"	"Redcar"	"Manatee Bay"	"5.00"	"7.48"	"Handicap"	"4"	"14"	"Nicholls, Adrian T"	"Nicholls, D"	"7f "	"5"	"10"	"2"	"15"
"16:05:00"	"2014-10-17"	"Redcar"	"Crossley"	"25.00"	"34"	"Handicap"	"13"	"14"	"Mathers, Patrick"	"Oldroyd, G R"	"7f "	"5"	"3"	"5"	"12"
"15:40:00"	"2014-10-17"	"Haydock"	"Jamaican Bolt (IRE)"	"5.50"	"7.6"	"Handicap"	"3"	"16"	"McHugh, B"	"Oldroyd, G R"	"6f "	"3"	"7"	"4"	"19"
"15:40:00"	"2014-10-17"	"Haydock"	"Whozthecat (IRE)"	"12.00"	"18.78"	"Handicap"	"9"	"16"	"Hart, Jason"	"Carroll, D"	"6f "	"3"	"7"	"2"	"19"
"15:40:00"	"2014-10-17"	"Haydock"	"Lexis Hero (IRE)"	"25.00"	"32.89"	"Handicap"	"15"	"16"	"Garritty, Jack"	"Fahey, R A"	"6f "	"3"	"5"	"10"	"11"
"17:25:00"	"2014-10-15"	"Nottingham"	"Oscars Journey"	"6.00"	"8.61"	"Handicap"	"1"	"17"	"Kirby, Adam"	"Jenkins, J R"	"5f "	"6"	"9"	"4"	"7"
"17:25:00"	"2014-10-15"	"Nottingham"	"Climaxfortackle (IRE)"	"25.00"	"36"	"Handicap"	"7"	"17"	"Kennemore, Russell"	"Shaw, D"	"5f "	"6"	"8"	"12"	"15"
"17:35:00"	"2014-10-14"	"Newcastle"	"Orwellian"	"7.50"	"8.66"	"Handicap"	"1"	"15"	"Mulrennan, Paul"	"Smart, B"	"7f "	"6"	"4"	"5"	"11"
"15:40:00"	"2014-10-12"	"Goodwood"	"Duke Of Firenze"	"14.00"	"20.07"	"Handicap"	"5"	"11"	"Durcan, Ted"	"Cowell, R M H"	"5f "	"3"	"8"	"6"	"13"
"15:40:00"	"2014-10-12"	"Goodwood"	"Khubala (IRE)"	"6.00"	"7.51"	"Handicap"	"6"	"11"	"Baker, George"	"Palmer, Hugo"	"5f "	"3"	"8"	"2"	"13"
"14:30:00"	"2014-10-10"	"York"	"Arctic Feeling (IRE)"	"16.00"	"21.22"	"Handicap"	"1"	"19"	"Bell, Samantha"	"Fahey, R A"	"5f "	"3"	"9"	"14"	"17"
"14:30:00"	"2014-10-10"	"York"	"Gladiatrix"	"25.00"	"30"	"Handicap"	"13"	"19"	"Havlin, Robert"	"Millman, B R"	"5f "	"3"	"6"	"5"	"13"
"15:40:00"	"2014-10-09"	"Ayr"	"Rock Canyon (IRE)"	"16.00"	"19.05"	"Handicap"	"2"	"15"	"Fanning, Joe"	"Perratt, Miss L A"	"6f "	"6"	"9"	"3"	"9"
"15:40:00"	"2014-10-09"	"Ayr"	"Live Dangerously"	"14.00"	"17.77"	"Handicap"	"3"	"15"	"Eaves, Tom"	"Dalgleish, Keith"	"6f "	"6"	"10"	"4"	"9"
"15:40:00"	"2014-10-09"	"Ayr"	"Captain Scooby"	"4.50"	"5.85"	"Handicap"	"5"	"15"	"Hamilton, Tony"	"Guest, R C"	"6f "	"6"	"2"	"2"	"9"
"15:40:00"	"2014-10-09"	"Ayr"	"Black Douglas"	"16.00"	"22.59"	"Handicap"	"6"	"15"	"Lynch, Fergal"	"Goldie, J S"	"6f "	"6"	"8"	"9"	"14"
"15:40:00"	"2014-10-09"	"Ayr"	"Goninodaethat"	"10.00"	"14.5"	"Handicap"	"12"	"15"	"Lee, G"	"Goldie, J S"	"6f "	"6"	"9"	"11"	"12"
"15:10:00"	"2014-10-09"	"Ayr"	"Saxonette"	"14.00"	"17"	"Handicap"	"3"	"14"	"Beasley, Connor"	"Perratt, Miss L A"	"6f "	"6"	"9"	"6"	"12"
"15:10:00"	"2014-10-09"	"Ayr"	"Benidorm"	"40.00"	"69.9"	"Handicap"	"4"	"14"	"Farley, Neil"	"Guest, R C"	"6f "	"6"	"9"	"9"	"10"
"15:10:00"	"2014-10-09"	"Ayr"	"Sewn Up"	"8.00"	"9.94"	"Handicap"	"5"	"14"	"Fanning, Joe"	"Dalgleish, Keith"	"6f "	"6"	"9"	"8"	"12"
"14:25:00"	"2014-10-08"	"Navan"	"Lilys Prince (IRE)"	"6.00"	"7.14"	"Handicap"	"2"	"19"	"Phillips, G J"	"Donnelly, Garvan"	"5f "	"0"	"8"	"1"	"18"
"14:25:00"	"2014-10-08"	"Navan"	"Battleroftheboyne (IRE)"	"11.00"	"13.28"	"Handicap"	"13"	"19"	"McGovern, C J"	"Mulvany, Michael"	"5f "	"0"	"10"	"16"	"17"
"17:40:00"	"2014-10-07"	"Leicester"	"Henry Morgan"	"25.00"	"44.8"	"Handicap"	"15"	"16"	"Murray, Claire"	"Brown, D H"	"7f "	"6"	"9"	"5"	"9"
"17:00:00"	"2014-10-07"	"Catterick"	"Busy Bimbo (IRE)"	"33.00"	"43.14"	"Handicap"	"1"	"9"	"Murtagh, Lorcan"	"Berry, A"	"5f "	"6"	"9"	"9"	"9"
"17:00:00"	"2014-10-07"	"Catterick"	"Captain Scooby"	"1.75"	"2.97"	"Handicap"	"2"	"9"	"Walker, Mr S"	"Guest, R C"	"5f "	"6"	"6"	"4"	"14"
"17:00:00"	"2014-10-07"	"Catterick"	"On The High Tops (IRE)"	"25.00"	"42.39"	"Handicap"	"6"	"9"	"Walton, Miss C"	"Teague, C J"	"5f "	"6"	"6"	"7"	"14"
"16:40:00"	"2014-10-07"	"Leicester"	"Manatee Bay"	"6.50"	"7.64"	"Handicap"	"2"	"15"	"Norton, Francis"	"Nicholls, D"	"6f "	"5"	"7"	"2"	"12"
"13:50:00"	"2014-10-06"	"Windsor"	"Greek Islands (IRE)"	"4.00"	"5.5"	"Handicap"	"2"	"7"	"Sonsteby, Mr Philip"	"Creighton, E J"	"5f "	"6"	"5"	"3"	"9"
"13:50:00"	"2014-10-06"	"Windsor"	"First Rebellion"	"3.50"	"5"	"Handicap"	"3"	"7"	"Nicholls, Miss M"	"Carroll, A W"	"5f "	"6"	"5"	"1"	"9"
"13:50:00"	"2014-10-06"	"Windsor"	"Prince Of Passion (CAN)"	"20.00"	"27.54"	"Handicap"	"6"	"7"	"Blumenauer, Miss M"	"Shaw, D"	"5f "	"6"	"6"	"13"	"13"
"18:05:00"	"2014-10-04"	"Redcar"	"Royal Bajan (USA)"	"7.00"	"9"	"Handicap"	"7"	"12"	"Eaves, Tom"	"Given, J G"	"5f "	"5"	"3"	"1"	"13"
"18:05:00"	"2014-10-04"	"Redcar"	"Perfect Words (IRE)"	"5.50"	"7.67"	"Handicap"	"10"	"12"	"Butterfield, Mr J"	"Fife, Mrs Marjorie"	"5f "	"5"	"7"	"8"	"16"
"18:05:00"	"2014-10-04"	"Redcar"	"Little Eli"	"7.50"	"9"	"Handicap"	"11"	"12"	"Farley, Neil"	"Alston, E J"	"5f "	"5"	"10"	"1"	"17"
"14:30:00"	"2014-10-03"	"Ascot"	"Consign"	"8.00"	"10.5"	"Non-Handicap"	"2"	"11"	"Moore, Ryan"	"Noseda, J"	"1m "	"3"	"8"	"1"	"11"
"14:30:00"	"2014-10-03"	"Ascot"	"Rees Rascal (IRE)"	"16.00"	"17.02"	"Non-Handicap"	"9"	"11"	"Cosgrave, Pat"	"Boyle, J R"	"1m "	"3"	"7"	"9"	"22"
"14:00:00"	"2014-10-03"	"Ascot"	"Gravitational (IRE)"	"16.00"	"20.1"	"Handicap"	"13"	"17"	"Morgan, Ashley"	"Wall, C F"	"7f "	"4"	"6"	"11"	"15"
"14:00:00"	"2014-10-03"	"Ascot"	"Refuse Colette (IRE)"	"50.00"	"79.37"	"Handicap"	"16"	"17"	"Sirigu, Paolo"	"Quinn, M"	"7f "	"4"	"8"	"7"	"8"
"17:40:00"	"2014-10-01"	"Newcastle"	"Captain Scooby"	"3.50"	"5"	"Handicap"	"4"	"14"	"Hamilton, Tony"	"Guest, R C"	"5f "	"6"	"9"	"3"	"14"
"17:40:00"	"2014-10-01"	"Newcastle"	"On The High Tops (IRE)"	"33.00"	"58.05"	"Handicap"	"7"	"14"	"Ffrench, Royston"	"Teague, C J"	"5f "	"6"	"3"	"6"	"9"
"17:40:00"	"2014-10-01"	"Newcastle"	"Black Douglas"	"6.00"	"8.8"	"Handicap"	"9"	"14"	"Grant, Rachael"	"Goldie, J S"	"5f "	"6"	"7"	"11"	"20"
"17:20:00"	"2014-10-01"	"Nottingham"	"Royal Bajan (USA)"	"14.00"	"15.1"	"Handicap"	"1"	"13"	"Eaves, Tom"	"Given, J G"	"5f "	"5"	"7"	"5"	"17"
"17:20:00"	"2014-10-01"	"Nottingham"	"Eland Ally"	"5.50"	"7"	"Handicap"	"2"	"13"	"Doyle, Joe"	"Tate, T P"	"5f "	"5"	"7"	"14"	"17"
"17:20:00"	"2014-10-01"	"Nottingham"	"Waseem Faris (IRE)"	"8.00"	"11.04"	"Handicap"	"3"	"13"	"Sousa, Silvestre De"	"Channon, M R"	"5f "	"5"	"7"	"4"	"9"
"17:20:00"	"2014-10-01"	"Nottingham"	"Whitecrest"	"33.00"	"43.1"	"Handicap"	"7"	"13"	"Hardie, Cameron"	"Spearing, J L"	"5f "	"5"	"8"	"7"	"10"
"17:20:00"	"2014-10-01"	"Nottingham"	"Dishy Guru"	"6.00"	"7.9"	"Handicap"	"13"	"13"	"Sweeney, Fergus"	"Blanshard, M"	"5f "	"5"	"7"	"1"	"9"
"17:10:00"	"2014-10-01"	"Newcastle"	"Exclusive Waters (IRE)"	"4.00"	"5.14"	"Handicap"	"1"	"11"	"Winston, Robert"	"Waggott, Miss Tracy"	"1m "	"5"	"7"	"3"	"15"
"17:10:00"	"2014-10-01"	"Newcastle"	"Outlaw Torn (IRE)"	"5.00"	"6.17"	"Handicap"	"6"	"11"	"Hamilton, Tony"	"Guest, R C"	"1m "	"5"	"3"	"3"	"7"
"16:10:00"	"2014-10-01"	"Newcastle"	"Sakhees Rose"	"12.00"	"13.88"	"Handicap"	"5"	"11"	"Gibbons, Graham"	"McMahon, E S"	"7f "	"5"	"7"	"16"	"20"
"16:10:00"	"2014-10-01"	"Newcastle"	"Graceful Act"	"20.00"	"29.71"	"Handicap"	"7"	"11"	"Sayer, Miss E C"	"Barr, R E"	"7f "	"5"	"8"	"6"	"13"
"16:10:00"	"2014-10-01"	"Newcastle"	"Blue Maisey"	"5.00"	"6.4"	"Handicap"	"10"	"11"	"Garritty, Jack"	"Tuer, E W"	"7f "	"5"	"8"	"1"	"11"
"17:00:00"	"2014-09-30"	"Ayr"	"Findog"	"11.00"	"14.92"	"Handicap"	"4"	"12"	"Beasley, Connor"	"Perratt, Miss L A"	"6f "	"5"	"2"	"3"	"9"
"17:00:00"	"2014-09-30"	"Ayr"	"Exotic Guest"	"4.00"	"5.5"	"Handicap"	"5"	"12"	"Sullivan, James P"	"Carr, Mrs R A"	"6f "	"5"	"6"	"2"	"20"
"17:00:00"	"2014-09-30"	"Ayr"	"Saxonette"	"16.00"	"21.72"	"Handicap"	"6"	"12"	"Doyle, Joe"	"Perratt, Miss L A"	"6f "	"5"	"2"	"2"	"9"
"17:00:00"	"2014-09-30"	"Ayr"	"Sewn Up"	"10.00"	"11.42"	"Handicap"	"8"	"12"	"Haynes, Joey"	"Dalgleish, Keith"	"6f "	"5"	"1"	"6"	"9"
"16:40:00"	"2014-09-29"	"Hamilton"	"Baron Run"	"6.50"	"7.4"	"Handicap"	"1"	"14"	"Haynes, Joey"	"Burke, K R"	"6f "	"4"	"10"	"23"	"24"
"16:40:00"	"2014-09-29"	"Hamilton"	"Classy Anne"	"9.00"	"12.03"	"Handicap"	"2"	"14"	"Lee, G"	"Goldie, J S"	"6f "	"4"	"10"	"5"	"20"
"16:40:00"	"2014-09-29"	"Hamilton"	"Alexandrakollontai (IRE)"	"4.50"	"5.55"	"Handicap"	"3"	"14"	"Beasley, Connor"	"Whillans, A C"	"6f "	"4"	"7"	"1"	"5"
"16:40:00"	"2014-09-29"	"Hamilton"	"Bajan Bear"	"5.50"	"7.41"	"Handicap"	"4"	"14"	"Nicholls, Adrian T"	"Nicholls, D"	"6f "	"4"	"10"	"10"	"24"
"16:40:00"	"2014-09-29"	"Hamilton"	"Reposer (IRE)"	"33.00"	"46.48"	"Handicap"	"5"	"14"	"Eaves, Tom"	"Dalgleish, Keith"	"6f "	"4"	"6"	"9"	"10"
"16:40:00"	"2014-09-29"	"Hamilton"	"Gold Beau (FR)"	"33.00"	"55.5"	"Handicap"	"6"	"14"	"Ryan, Amy"	"Stubbs, Kristin"	"6f "	"4"	"10"	"21"	"24"
"16:40:00"	"2014-09-29"	"Hamilton"	"Tellovoi (IRE)"	"12.00"	"14.11"	"Handicap"	"7"	"14"	"Fanning, Joe"	"Stokell, Miss A"	"6f "	"4"	"9"	"2"	"12"
"15:10:00"	"2014-09-29"	"Hamilton"	"Tango Sky (IRE)"	"1.88"	"3.15"	"Claimer"	"2"	"9"	"Garritty, Jack"	"Fahey, R A"	"6f "	"6"	"10"	"15"	"20"
"15:10:00"	"2014-09-29"	"Hamilton"	"Here Now And Why (IRE)"	"50.00"	"102.05"	"Claimer"	"8"	"9"	"Farley, Neil"	"Semple, I"	"6f "	"6"	"8"	"4"	"9"
"14:10:00"	"2014-09-29"	"Hamilton"	"Irish Girls Spirit (IRE)"	"1.75"	"2.86"	"Handicap"	"1"	"9"	"Lee, G"	"Midgley, P T"	"5f "	"6"	"1"	"1"	"9"
"14:10:00"	"2014-09-29"	"Hamilton"	"Rylee Mooch"	"3.00"	"4.69"	"Handicap"	"4"	"9"	"Hart, Jason"	"Guest, R C"	"5f "	"6"	"8"	"2"	"9"
"14:10:00"	"2014-09-29"	"Hamilton"	"Rock Canyon (IRE)"	"9.00"	"11.45"	"Handicap"	"5"	"9"	"Fanning, Joe"	"Perratt, Miss L A"	"5f "	"6"	"7"	"9"	"14"
"17:20:00"	"2014-09-28"	"Musselburgh"	"Saxonette"	"4.50"	"7.18"	"Handicap"	"2"	"9"	"Stott, Kevin"	"Perratt, Miss L A"	"5f "	"6"	"6"	"7"	"14"
"17:40:00"	"2014-09-27"	"Ripon"	"Bondi Beach Boy"	"4.00"	"5.7"	"Handicap"	"5"	"16"	"Chaloner, G"	"Turner, J R"	"5f "	"4"	"2"	"1"	"13"
"17:40:00"	"2014-09-27"	"Ripon"	"Jofranka"	"12.00"	"17.78"	"Handicap"	"6"	"16"	"Sanders, Seb"	"Barron, T D"	"5f "	"4"	"8"	"4"	"20"
"17:40:00"	"2014-09-27"	"Ripon"	"Lexington Place"	"20.00"	"34"	"Handicap"	"9"	"16"	"McDonald, P J"	"Carr, Mrs R A"	"5f "	"4"	"8"	"16"	"20"
"17:40:00"	"2014-09-27"	"Ripon"	"Perfect Blossom"	"50.00"	"165.73"	"Handicap"	"13"	"16"	"Sayer, Miss E C"	"Berry, A"	"5f "	"4"	"8"	"20"	"20"
"17:40:00"	"2014-09-27"	"Ripon"	"Mister Manannan (IRE)"	"25.00"	"68.13"	"Handicap"	"15"	"16"	"Nicholls, Adrian T"	"Nicholls, D"	"5f "	"4"	"8"	"19"	"20"
"15:35:00"	"2014-09-27"	"Haydock"	"Barracuda Boy (IRE)"	"10.00"	"17.84"	"Handicap"	"1"	"15"	"Kingscote, Richard"	"Dascombe, Tom"	"6f "	"3"	"10"	"3"	"10"
"15:35:00"	"2014-09-27"	"Haydock"	"My Name Is Rio (IRE)"	"5.00"	"5.9"	"Handicap"	"2"	"15"	"Mulrennan, Paul"	"Dods, M"	"6f "	"3"	"8"	"3"	"24"
"15:35:00"	"2014-09-27"	"Haydock"	"Expose"	"7.00"	"9.6"	"Handicap"	"7"	"15"	"Nason, Jordan"	"Harris, S A"	"6f "	"3"	"8"	"1"	"24"
"15:35:00"	"2014-09-27"	"Haydock"	"Cruise Tothelimit (IRE)"	"18.00"	"32"	"Handicap"	"8"	"15"	"Downing, George"	"Williams, Ian"	"6f "	"3"	"8"	"19"	"24"
"14:45:00"	"2014-09-27"	"Ripon"	"Diamond Blue"	"5.50"	"7.4"	"Handicap"	"4"	"11"	"Bell, Samantha"	"Fahey, R A"	"6f "	"5"	"9"	"13"	"16"
"14:45:00"	"2014-09-27"	"Ripon"	"Amis Reunis"	"40.00"	"54.06"	"Handicap"	"5"	"11"	"Sayer, Miss E C"	"Berry, A"	"6f "	"5"	"5"	"6"	"14"
"14:45:00"	"2014-09-27"	"Ripon"	"Ambitious Icarus"	"6.00"	"8.2"	"Handicap"	"6"	"11"	"Rawlinson, Ali"	"Guest, R C"	"6f "	"5"	"8"	"16"	"24"
"14:45:00"	"2014-09-27"	"Ripon"	"Ray of Joy"	"8.00"	"11"	"Handicap"	"10"	"11"	"Birkett, Shelley"	"Jenkins, J R"	"6f "	"5"	"10"	"4"	"7"
"17:30:00"	"2014-09-26"	"Newmarket (Rowley)"	"Compton Bird"	"25.00"	"42.78"	"Handicap"	"10"	"11"	"Dettori, L"	"Fitzsimons, P"	"1m2f "	"6"	"7"	"7"	"12"
"17:35:00"	"2014-09-24"	"Redcar"	"Niceonemyson"	"20.00"	"25.93"	"Handicap"	"7"	"20"	"Stott, Kevin"	"Wilson, C R"	"6f "	"6"	"9"	"4"	"11"
"17:35:00"	"2014-09-24"	"Redcar"	"Chocamoca (IRE)"	"11.00"	"14"	"Handicap"	"15"	"20"	"Lee, G"	"Midgley, P T"	"6f "	"6"	"7"	"3"	"9"
"17:35:00"	"2014-09-24"	"Redcar"	"Shillito"	"25.00"	"44"	"Handicap"	"17"	"20"	"McHugh, B"	"Coyle, Tony"	"6f "	"6"	"4"	"8"	"8"
"17:25:00"	"2014-09-24"	"Goodwood"	"Dishy Guru"	"10.00"	"14.24"	"Handicap"	"1"	"9"	"Brown, Thomas"	"Blanshard, M"	"5f "	"5"	"7"	"5"	"14"
"17:25:00"	"2014-09-24"	"Goodwood"	"Howyadoingnotsobad (IRE)"	"16.00"	"27.5"	"Handicap"	"6"	"9"	"While, Mr R"	"Turner, W G M"	"5f "	"5"	"9"	"3"	"8"
"17:25:00"	"2014-09-24"	"Goodwood"	"Dreams Of Glory"	"4.00"	"5.54"	"Handicap"	"7"	"9"	"Murphy, Oisin"	"Hodges, R J"	"5f "	"5"	"7"	"2"	"14"
"16:00:00"	"2014-09-24"	"Redcar"	"Royal Bajan (USA)"	"33.00"	"60.35"	"Handicap"	"5"	"17"	"Beasley, Connor"	"Given, J G"	"5f "	"5"	"6"	"15"	"16"
"16:00:00"	"2014-09-24"	"Redcar"	"Ingenti"	"10.00"	"14"	"Handicap"	"8"	"17"	"Stott, Kevin"	"Wilson, C R"	"5f "	"5"	"3"	"3"	"9"
"16:00:00"	"2014-09-24"	"Redcar"	"Bosham"	"16.00"	"25.37"	"Handicap"	"11"	"17"	"Gibbons, Graham"	"Easterby, M W"	"5f "	"5"	"7"	"7"	"9"
"16:35:00"	"2014-09-23"	"Nottingham"	"Monumental Man"	"3.50"	"4.66"	"Handicap"	"2"	"10"	"Muscutt, D"	"Unett, J W"	"5f "	"4"	"10"	"2"	"9"
"16:35:00"	"2014-09-23"	"Nottingham"	"Swendab (IRE)"	"20.00"	"30.42"	"Handicap"	"6"	"10"	"Donohoe, Stephen"	"Oshea, J G M"	"5f "	"4"	"10"	"7"	"10"
"16:35:00"	"2014-09-23"	"Nottingham"	"Emjayem"	"2.50"	"3.54"	"Handicap"	"8"	"10"	"Hughes, Richard"	"McMahon, E S"	"5f "	"4"	"10"	"4"	"9"
"16:35:00"	"2014-09-23"	"Nottingham"	"Powerful Wind (IRE)"	"20.00"	"24"	"Handicap"	"10"	"10"	"Da Silva, Raul"	"Harris, R A"	"5f "	"4"	"10"	"10"	"10"
"16:20:00"	"2014-09-23"	"Newcastle"	"Zacynthus (IRE)"	"6.50"	"8.88"	"Handicap"	"5"	"10"	"Steward, Louis"	"Bell, M L W"	"7f "	"4"	"10"	"3"	"8"
"15:50:00"	"2014-09-23"	"Newcastle"	"Van Mildert (IRE)"	"50.00"	"245.96"	"Maiden"	"7"	"8"	"Sayer, Miss E C"	"Sayer, Mrs Dianne"	"7f "	"5"	"7"	"7"	"9"
"16:00:00"	"2014-09-22"	"Leicester"	"Smart Daisy K"	"2.75"	"4"	"Handicap"	"6"	"8"	"Duern, J"	"Hollinshead, Andrew"	"5f "	"3"	"9"	"1"	"8"
"15:50:00"	"2014-09-22"	"Hamilton"	"Love Island"	"3.33"	"4.6"	"Handicap"	"5"	"5"	"Chaloner, G"	"Whitaker, R M"	"6f "	"3"	"9"	"11"	"20"
"14:20:00"	"2014-09-22"	"Hamilton"	"Slim Chance (IRE)"	"3.00"	"4.6"	"Handicap"	"1"	"14"	"Scott, Rowan"	"West, S G"	"6f "	"6"	"1"	"1"	"9"
"14:20:00"	"2014-09-22"	"Hamilton"	"Pitt Rivers"	"50.00"	"170"	"Handicap"	"4"	"14"	"Mulrennan, Paul"	"Perratt, Miss L A"	"6f "	"6"	"4"	"16"	"16"
"14:20:00"	"2014-09-22"	"Hamilton"	"Amis Reunis"	"12.00"	"15"	"Handicap"	"6"	"14"	"Mathers, Patrick"	"Berry, A"	"6f "	"6"	"4"	"8"	"10"
"14:20:00"	"2014-09-22"	"Hamilton"	"Saxonette"	"20.00"	"18.72"	"Handicap"	"7"	"14"	"Beasley, Connor"	"Perratt, Miss L A"	"6f "	"6"	"4"	"14"	"16"
"14:20:00"	"2014-09-22"	"Hamilton"	"Economic Crisis (IRE)"	"12.00"	"15.4"	"Handicap"	"11"	"14"	"Stott, Kevin"	"Berry, A"	"6f "	"6"	"1"	"5"	"9"
"17:20:00"	"2014-09-21"	"Hamilton"	"Slim Chance (IRE)"	"5.00"	"6.4"	"Handicap"	"1"	"9"	"Elliott, Andrew"	"West, S G"	"5f "	"6"	"10"	"7"	"12"
"17:20:00"	"2014-09-21"	"Hamilton"	"Economic Crisis (IRE)"	"5.00"	"6.4"	"Handicap"	"5"	"9"	"Doyle, Joe"	"Berry, A"	"5f "	"6"	"6"	"9"	"12"
"16:50:00"	"2014-09-20"	"Newmarket (Rowley)"	"Tellovoi (IRE)"	"25.00"	"37.47"	"Handicap"	"2"	"12"	"Keniry, L P"	"Stokell, Miss A"	"6f "	"4"	"7"	"12"	"12"
"16:50:00"	"2014-09-20"	"Newmarket (Rowley)"	"Commanche"	"12.00"	"17"	"Handicap"	"3"	"12"	"Quinn, Jimmy"	"Dwyer, C A"	"6f "	"4"	"10"	"11"	"20"
"16:50:00"	"2014-09-20"	"Newmarket (Rowley)"	"Jontleman (IRE)"	"12.00"	"16.15"	"Handicap"	"6"	"12"	"Hitchcott, Sam"	"Channon, M R"	"6f "	"4"	"9"	"1"	"11"
"15:10:00"	"2014-09-19"	"Ayr"	"Red Baron (IRE)"	"50.00"	"99.98"	"Handicap"	"3"	"20"	"Farley, Neil"	"Alston, E J"	"5f "	"4"	"9"	"10"	"20"
"15:10:00"	"2014-09-19"	"Ayr"	"Imperial Legend (IRE)"	"5.50"	"6.76"	"Handicap"	"6"	"20"	"Mullen, Andrew"	"Nicholls, D"	"5f "	"4"	"9"	"6"	"20"
"15:10:00"	"2014-09-19"	"Ayr"	"Salvatore Fury (IRE)"	"8.00"	"11.5"	"Handicap"	"7"	"20"	"Fanning, Joe"	"Dalgleish, Keith"	"5f "	"4"	"6"	"2"	"10"
"15:10:00"	"2014-09-19"	"Ayr"	"Pea Shooter"	"7.00"	"12"	"Handicap"	"11"	"20"	"Nicholls, Adrian T"	"Nicholls, D"	"5f "	"4"	"9"	"2"	"20"
"15:20:00"	"2014-09-18"	"Yarmouth"	"Luhaif"	"20.00"	"29"	"Handicap"	"4"	"7"	"Birkett, Shelley"	"Feilden, Miss J"	"7f "	"3"	"6"	"8"	"11"
"15:20:00"	"2014-09-18"	"Yarmouth"	"Set The Trend"	"14.00"	"15.9"	"Handicap"	"7"	"7"	"Morris, Luke"	"Dennis, David"	"7f "	"3"	"1"	"7"	"9"
"14:40:00"	"2014-09-18"	"Ayr"	"Sewn Up"	"18.00"	"20.27"	"Handicap"	"2"	"16"	"Haynes, Joey"	"Dalgleish, Keith"	"5f "	"5"	"3"	"8"	"11"
"14:40:00"	"2014-09-18"	"Ayr"	"Live Dangerously"	"6.00"	"7.4"	"Handicap"	"11"	"16"	"Makin, Phillip"	"Dalgleish, Keith"	"5f "	"5"	"3"	"10"	"12"
"16:50:00"	"2014-09-17"	"Beverley"	"Ambitious Icarus"	"5.00"	"6.63"	"Handicap"	"1"	"9"	"Hart, Jason"	"Guest, R C"	"5f "	"5"	"7"	"8"	"20"
"16:20:00"	"2014-09-17"	"Beverley"	"Bondi Beach Boy"	"4.00"	"5.08"	"Handicap"	"1"	"7"	"Chaloner, G"	"Turner, J R"	"5f "	"5"	"7"	"12"	"20"
"16:20:00"	"2014-09-17"	"Beverley"	"Manatee Bay"	"3.50"	"5.3"	"Handicap"	"4"	"7"	"Norton, Francis"	"Nicholls, D"	"5f "	"5"	"8"	"1"	"15"
"18:00:00"	"2014-09-16"	"Yarmouth"	"Secret Millionaire (IRE)"	"5.00"	"6.27"	"Handicap"	"2"	"7"	"Morris, Luke"	"Dace, L A"	"5f "	"4"	"10"	"5"	"18"
"18:00:00"	"2014-09-16"	"Yarmouth"	"Arctic Lynx (IRE)"	"12.00"	"16.56"	"Handicap"	"7"	"7"	"Beschizza,Adam "	"Cowell, R M H"	"5f "	"4"	"6"	"3"	"10"
"17:30:00"	"2014-09-16"	"Yarmouth"	"Clear Spring (IRE)"	"2.75"	"3.99"	"Non-Handicap"	"2"	"6"	"Jones, Liam"	"Spearing, J L"	"6f "	"3"	"3"	"10"	"20"
"17:30:00"	"2014-09-16"	"Yarmouth"	"Valbchek (IRE)"	"16.00"	"20"	"Non-Handicap"	"4"	"6"	"Cosgrave, Pat"	"Chapple-Hyam, Jane"	"6f "	"3"	"10"	"10"	"11"
"16:20:00"	"2014-09-16"	"Chepstow"	"Verse Of Love (OLD)"	"2.50"	"3.6"	"Handicap"	"1"	"7"	"Egan, John"	"Evans, P D"	"7f "	"4"	"7"	"3"	"12"
"16:20:00"	"2014-09-16"	"Chepstow"	"Good Authority (IRE)"	"4.00"	"5.9"	"Handicap"	"2"	"7"	"Hughes, Richard"	"George, Karen"	"7f "	"4"	"10"	"3"	"10"
"15:50:00"	"2014-09-16"	"Chepstow"	"Blue Clumber"	"25.00"	"46.85"	"Claimer"	"6"	"6"	"Norton, Francis"	"Harris, S A"	"7f "	"6"	"1"	"13"	"13"
"17:10:00"	"2014-09-15"	"Musselburgh"	"Pavers Star"	"7.00"	"10.04"	"Handicap"	"3"	"12"	"Haynes, Joey"	"Wilson, N"	"5f "	"5"	"10"	"1"	"11"
"14:30:00"	"2014-09-13"	"Lingfield"	"Nassau Storm"	"8.00"	"11"	"Handicap"	"7"	"8"	"Quinn, Amir"	"Knight, W J"	"7f "	"4"	"8"	"4"	"7"
"18:15:00"	"2014-09-12"	"Salisbury"	"Perfect Muse"	"1.63"	"2.73"	"Handicap"	"1"	"7"	"Kirby, Adam"	"Cox, C G"	"5f "	"4"	"6"	"11"	"18"
"18:15:00"	"2014-09-12"	"Salisbury"	"Waseem Faris (IRE)"	"5.50"	"7.65"	"Handicap"	"3"	"7"	"Cremin, D"	"Channon, M R"	"5f "	"4"	"4"	"2"	"7"
"17:35:00"	"2014-09-11"	"Doncaster"	"Secret Witness"	"20.00"	"32.63"	"Handicap"	"9"	"18"	"Fanning, Joe"	"Harris, R A"	"6f "	"3"	"5"	"10"	"18"
"16:35:00"	"2014-09-11"	"Chepstow"	"Lady Bayside"	"5.00"	"6.8"	"Handicap"	"2"	"6"	"Sweeney, Fergus"	"Saunders, M S"	"1m "	"5"	"7"	"5"	"12"
"15:25:00"	"2014-09-11"	"Chepstow"	"Sarangoo"	"10.00"	"11.94"	"Handicap"	"8"	"11"	"Sweeney, Fergus"	"Saunders, M S"	"6f "	"4"	"6"	"5"	"9"
"17:15:00"	"2014-09-10"	"Doncaster"	"Sleepy Blue Ocean"	"16.00"	"21.36"	"Handicap"	"5"	"20"	"Gray, S A"	"Balding, J"	"5f "	"4"	"5"	"7"	"16"
"17:15:00"	"2014-09-10"	"Doncaster"	"Red Baron (IRE)"	"25.00"	"34"	"Handicap"	"10"	"20"	"Farley, Neil"	"Alston, E J"	"5f "	"4"	"5"	"9"	"16"
"17:40:00"	"2014-09-09"	"Redcar"	"See Clearly"	"12.00"	"13.5"	"Handicap"	"8"	"14"	"Richardson, Rachel"	"Easterby, T D"	"7f "	"5"	"4"	"2"	"15"
"17:40:00"	"2014-09-09"	"Redcar"	"Mitchum"	"66.00"	"84.24"	"Handicap"	"9"	"14"	"Birkett, Shelley"	"Barr, R E"	"7f "	"5"	"4"	"16"	"16"
"17:40:00"	"2014-09-09"	"Redcar"	"Hab Reeh"	"33.00"	"59.46"	"Handicap"	"10"	"14"	"Tutty, Gemma"	"Carr, Mrs R A"	"7f "	"5"	"7"	"8"	"13"
"17:25:00"	"2014-09-09"	"Leicester"	"Ajjaadd (USA)"	"3.50"	"5"	"Non-Handicap"	"1"	"5"	"Twiston-Davies, Mr W"	"Powell, T E"	"5f "	"3"	"10"	"15"	"17"
"16:00:00"	"2014-09-09"	"Redcar"	"Big Storm Coming"	"9.00"	"10.96"	"Handicap"	"5"	"12"	"Sullivan, James P"	"Carr, Mrs R A"	"1m "	"4"	"10"	"4"	"12"
"16:00:00"	"2014-09-09"	"Redcar"	"Ready (IRE)"	"18.00"	"25.83"	"Handicap"	"10"	"12"	"Mullen, Andrew"	"Moss, Garry"	"1m "	"4"	"10"	"9"	"12"
"15:30:00"	"2014-09-09"	"Redcar"	"Rich Again (IRE)"	"12.00"	"15.2"	"Handicap"	"7"	"15"	"Hamilton, Tony"	"Bethell, J D"	"6f "	"5"	"10"	"5"	"12"
"15:30:00"	"2014-09-09"	"Redcar"	"Relight My Fire"	"20.00"	"24.65"	"Handicap"	"9"	"15"	"Hart, Jason"	"Easterby, T D"	"6f "	"5"	"10"	"11"	"12"
"15:30:00"	"2014-09-09"	"Redcar"	"Ingenti"	"33.00"	"49.34"	"Handicap"	"14"	"15"	"Eaves, Tom"	"Wilson, C R"	"6f "	"5"	"10"	"7"	"12"
"17:15:00"	"2014-09-06"	"Ascot"	"Secret Millionaire (IRE)"	"14.00"	"17"	"Handicap"	"5"	"18"	"Hardie, Cameron"	"Dace, L A"	"5f "	"3"	"6"	"2"	"9"
"16:40:00"	"2014-09-06"	"Ascot"	"Subtle Knife"	"50.00"	"106.91"	"Handicap"	"6"	"13"	"Carson, William"	"Bravery, G C"	"1m "	"3"	"10"	"7"	"9"
"16:20:00"	"2014-09-06"	"Thirsk"	"Cruise Tothelimit (IRE)"	"3.50"	"4.78"	"Handicap"	"1"	"10"	"Downing, George"	"Williams, Ian"	"6f "	"4"	"1"	"1"	"9"
"16:20:00"	"2014-09-06"	"Thirsk"	"Head Space (IRE)"	"5.50"	"7.8"	"Handicap"	"7"	"10"	"Hart, Jason"	"Carr, Mrs R A"	"6f "	"4"	"8"	"6"	"18"
"19:40:00"	"2014-09-05"	"Musselburgh"	"Pavers Star"	"4.00"	"6.2"	"Handicap"	"1"	"11"	"Fanning, Joe"	"Wilson, N"	"5f "	"6"	"9"	"3"	"13"
"19:40:00"	"2014-09-05"	"Musselburgh"	"Chocamoca (IRE)"	"14.00"	"19"	"Handicap"	"2"	"11"	"Lee, G"	"Midgley, P T"	"5f "	"6"	"9"	"7"	"8"
"19:40:00"	"2014-09-05"	"Musselburgh"	"New Lease Of Life"	"3.00"	"4.2"	"Handicap"	"5"	"11"	"Bartley, Gary"	"Goldie, J S"	"5f "	"6"	"8"	"1"	"8"
"17:45:00"	"2014-09-05"	"Newcastle"	"Niceonemyson"	"12.00"	"15.5"	"Handicap"	"3"	"16"	"Stott, Kevin"	"Wilson, C R"	"7f "	"6"	"9"	"5"	"6"
"17:10:00"	"2014-09-05"	"Newcastle"	"Nelsons Bay"	"16.00"	"22"	"Handicap"	"7"	"15"	"Brennan, I J"	"Storey, W"	"7f "	"6"	"9"	"8"	"8"
"17:10:00"	"2014-09-05"	"Newcastle"	"Time For Crabbies (IRE)"	"50.00"	"149.66"	"Handicap"	"15"	"15"	"Stott, Kevin"	"Williamson, Mrs L"	"7f "	"6"	"7"	"12"	"12"
"17:05:00"	"2014-09-05"	"Musselburgh"	"Perfect Blossom"	"18.00"	"23"	"Handicap"	"3"	"9"	"Garritty, Jack"	"Berry, A"	"5f "	"5"	"9"	"6"	"6"
"17:05:00"	"2014-09-05"	"Musselburgh"	"Midnight Dynamo"	"8.00"	"11.49"	"Handicap"	"7"	"9"	"Lee, G"	"Goldie, J S"	"5f "	"5"	"6"	"7"	"7"
"16:35:00"	"2014-09-05"	"Newcastle"	"Peace Accord"	"3.50"	"4.9"	"Handicap"	"1"	"12"	"Mitchell, Jack"	"Wigham, M"	"6f "	"6"	"10"	"1"	"11"
"16:35:00"	"2014-09-05"	"Newcastle"	"See Vermont"	"3.50"	"5.1"	"Handicap"	"3"	"12"	"Hamilton, Tony"	"Bastiman, R"	"6f "	"6"	"2"	"1"	"7"
"16:35:00"	"2014-09-05"	"Newcastle"	"Lord Buffhead"	"5.50"	"7.12"	"Handicap"	"10"	"12"	"Silva, D T Da"	"Guest, R C"	"6f "	"6"	"3"	"2"	"13"
"16:35:00"	"2014-09-05"	"Newcastle"	"One Kool Dude"	"25.00"	"34.15"	"Handicap"	"12"	"12"	"Mathers, Patrick"	"Hammond, Micky"	"6f "	"6"	"9"	"3"	"8"
"15:00:00"	"2014-09-05"	"Haydock"	"Cruise Tothelimit (IRE)"	"3.50"	"4.7"	"Handicap"	"1"	"9"	"Hanagan, Paul"	"Williams, Ian"	"6f "	"4"	"7"	"3"	"18"
"15:00:00"	"2014-09-05"	"Haydock"	"Can You Conga"	"5.00"	"7.59"	"Handicap"	"7"	"9"	"Gibbons, Graham"	"Easterby, M W"	"6f "	"4"	"7"	"8"	"18"
"14:40:00"	"2014-09-05"	"Chepstow"	"Fair Comment"	"8.00"	"11"	"Handicap"	"6"	"14"	"Probert, David"	"Blanshard, M"	"1m "	"6"	"8"	"1"	"6"
"17:50:00"	"2014-09-04"	"Salisbury"	"George Baker (IRE)"	"20.00"	"26.48"	"Handicap"	"3"	"12"	"Davies, Alfie"	"Baker, George"	"1m "	"5"	"6"	"5"	"8"
"17:30:00"	"2014-09-02"	"Hamilton"	"Slim Chance (IRE)"	"10.00"	"11.5"	"Handicap"	"3"	"13"	"Hogg, Mr W"	"West, S G"	"6f "	"6"	"6"	"2"	"8"
"17:30:00"	"2014-09-02"	"Hamilton"	"Iceblast"	"9.00"	"12"	"Handicap"	"4"	"13"	"Mason, Joanna"	"Easterby, M W"	"6f "	"6"	"4"	"10"	"12"
"17:30:00"	"2014-09-02"	"Hamilton"	"Captain Scooby"	"8.00"	"11.14"	"Handicap"	"5"	"13"	"Walton, Miss C"	"Guest, R C"	"6f "	"6"	"5"	"4"	"8"
"17:30:00"	"2014-09-02"	"Hamilton"	"Red Invader (IRE)"	"40.00"	"70.33"	"Handicap"	"6"	"13"	"Wilson, Mrs R"	"DArcy, P W"	"6f "	"6"	"4"	"8"	"8"
"17:30:00"	"2014-09-02"	"Hamilton"	"Rockview Emperor (IRE)"	"16.00"	"21.44"	"Handicap"	"7"	"13"	"Willey, Mr John"	"McConnell, John C"	"6f "	"6"	"6"	"14"	"15"
"17:30:00"	"2014-09-02"	"Hamilton"	"Hab Reeh"	"6.50"	"7.6"	"Handicap"	"8"	"13"	"Brotherton, Miss S"	"Carr, Mrs R A"	"6f "	"6"	"6"	"6"	"8"
"17:30:00"	"2014-09-02"	"Hamilton"	"Rock Canyon (IRE)"	"12.00"	"16"	"Handicap"	"10"	"13"	"Stock, Mr H"	"Perratt, Miss L A"	"6f "	"6"	"5"	"5"	"8"
"17:30:00"	"2014-09-02"	"Hamilton"	"Shillito"	"12.00"	"14.06"	"Handicap"	"12"	"13"	"Wood, Mr K"	"Coyle, Tony"	"6f "	"6"	"6"	"5"	"8"
"17:10:00"	"2014-09-02"	"Goodwood"	"Vincentti (IRE)"	"16.00"	"25.36"	"Handicap"	"10"	"10"	"Ennis, Mikey"	"Harris, R A"	"6f "	"4"	"10"	"8"	"12"
"17:00:00"	"2014-09-02"	"Hamilton"	"Laylas Hero (IRE)"	"6.50"	"7.83"	"Handicap"	"2"	"14"	"Mulrennan, Paul"	"Nicholls, D"	"6f "	"3"	"6"	"1"	"6"
"15:05:00"	"2014-09-02"	"Carlisle"	"Gaelic Wizard (IRE)"	"5.50"	"6.8"	"Seller"	"1"	"5"	"Tutty, Gemma"	"Tutty, Mrs K J"	"6f "	"6"	"9"	"2"	"9"
"15:05:00"	"2014-09-02"	"Carlisle"	"Live Dangerously"	"2.25"	"3.52"	"Seller"	"2"	"5"	"Eaves, Tom"	"Dalgleish, Keith"	"6f "	"6"	"4"	"2"	"6"
"17:40:00"	"2014-09-01"	"Leicester"	"Borough Boy (IRE)"	"5.00"	"7.8"	"Handicap"	"6"	"10"	"Swift, Mr Dale"	"Shaw, D"	"6f "	"5"	"7"	"2"	"9"
"17:40:00"	"2014-09-01"	"Leicester"	"Majestic Dream (IRE)"	"4.50"	"5.6"	"Handicap"	"9"	"10"	"Gibbons, Graham"	"Easterby, M W"	"6f "	"5"	"7"	"2"	"12"
"17:10:00"	"2014-09-01"	"Leicester"	"Al Khan (IRE)"	"6.00"	"7"	"Handicap"	"1"	"9"	"Butterfield, Mr J"	"Pears, Ollie"	"7f "	"4"	"5"	"3"	"8"
"17:10:00"	"2014-09-01"	"Leicester"	"Footstepsintherain (IRE)"	"20.00"	"26"	"Handicap"	"4"	"9"	"Sousa, Silvestre De"	"Dennis, David"	"7f "	"4"	"10"	"6"	"8"
"17:10:00"	"2014-09-01"	"Leicester"	"Caramack"	"16.00"	"46.51"	"Handicap"	"9"	"9"	"Ennis, Mikey"	"Lee, R"	"7f "	"4"	"7"	"RR"	"10"
"17:05:00"	"2014-08-31"	"Curragh"	"Oor Jock (IRE)"	"10.00"	"19.35"	"Handicap"	"3"	"19"	"Lee, W J"	"McGuinness, Adrian"	"6f "	"0"	"7"	"10"	"17"
"17:05:00"	"2014-08-31"	"Curragh"	"Chillie Billie"	"14.00"	"17.06"	"Handicap"	"7"	"19"	"Downey, R P"	"Larkin, J"	"6f "	"0"	"8"	"5"	"14"
"17:05:00"	"2014-08-31"	"Curragh"	"Lake George (IRE)"	"16.00"	"29"	"Handicap"	"9"	"19"	"Cleary, R P"	"Barrett, James M"	"6f "	"0"	"8"	"4"	"14"
"17:05:00"	"2014-08-31"	"Curragh"	"Battleroftheboyne (IRE)"	"20.00"	"29.42"	"Handicap"	"12"	"19"	"Carroll, G F"	"Mulvany, Michael"	"6f "	"0"	"7"	"11"	"17"
"17:05:00"	"2014-08-31"	"Curragh"	"Dynamite Dixie (IRE)"	"14.00"	"18.96"	"Handicap"	"16"	"19"	"Manning, K J"	"Bolger, J S"	"6f "	"0"	"8"	"5"	"11"
"17:20:00"	"2014-08-30"	"Beverley"	"Byronaissance"	"25.00"	"62.78"	"Maiden"	"4"	"5"	"Elliott, Andrew"	"Bycroft, N"	"5f "	"5"	"10"	"6"	"6"
"15:40:00"	"2014-08-30"	"Beverley"	"Tom Sawyer"	"4.00"	"6"	"Handicap"	"1"	"10"	"Beasley, Connor"	"Camacho, Miss J A"	"5f "	"5"	"10"	"3"	"9"
"15:05:00"	"2014-08-30"	"Beverley"	"Windforpower (IRE)"	"9.00"	"10.74"	"Handicap"	"4"	"12"	"Haynes, Joey"	"Waggott, Miss Tracy"	"5f "	"5"	"3"	"5"	"13"
"15:05:00"	"2014-08-30"	"Beverley"	"Ingenti"	"7.50"	"9.19"	"Handicap"	"7"	"12"	"Stott, Kevin"	"Wilson, C R"	"5f "	"5"	"3"	"4"	"13"
"17:10:00"	"2014-08-29"	"Salisbury"	"Tamujin (IRE)"	"7.00"	"9.54"	"Handicap"	"6"	"8"	"Hannaford, Miss D"	"Cunningham-Brown, K O"	"1m "	"5"	"10"	"3"	"13"
"16:25:00"	"2014-08-29"	"Thirsk"	"Live Dangerously"	"1.88"	"3.06"	"Seller"	"2"	"6"	"Eaves, Tom"	"Dalgleish, Keith"	"6f "	"6"	"7"	"1"	"9"
"16:25:00"	"2014-08-29"	"Thirsk"	"Angels Calling"	"8.00"	"9.87"	"Seller"	"5"	"6"	"Fitzpatrick, Rob J"	"Burke, K R"	"6f "	"6"	"7"	"6"	"9"
"15:50:00"	"2014-08-29"	"Thirsk"	"Liberty Jack (IRE)"	"6.00"	"8.32"	"Handicap"	"4"	"18"	"Craine, S J"	"Boyle, J R"	"6f "	"3"	"7"	"2"	"11"
"15:50:00"	"2014-08-29"	"Thirsk"	"Head Space (IRE)"	"12.00"	"12.77"	"Handicap"	"6"	"18"	"Sullivan, James P"	"Carr, Mrs R A"	"6f "	"3"	"4"	"5"	"12"
"19:50:00"	"2014-08-28"	"Hamilton"	"New Lease Of Life"	"6.00"	"7.74"	"Handicap"	"1"	"8"	"Bartley, Gary"	"Goldie, J S"	"5f "	"6"	"10"	"3"	"14"
"19:50:00"	"2014-08-28"	"Hamilton"	"Rock Canyon (IRE)"	"4.50"	"6.25"	"Handicap"	"5"	"8"	"Lee, G"	"Perratt, Miss L A"	"5f "	"6"	"6"	"4"	"9"
"19:50:00"	"2014-08-28"	"Hamilton"	"Chloes Dream (IRE)"	"5.00"	"6.73"	"Handicap"	"8"	"8"	"Beasley, Connor"	"Perratt, Miss L A"	"5f "	"6"	"8"	"4"	"11"
"17:10:00"	"2014-08-28"	"Lingfield"	"Danzoe (IRE)"	"14.00"	"18.93"	"Handicap"	"9"	"10"	"Walsh, E J"	"Dunnett, Mrs C A"	"5f "	"6"	"8"	"1"	"10"
"17:15:00"	"2014-08-27"	"Catterick"	"Ingenti"	"9.00"	"10.59"	"Handicap"	"4"	"13"	"Stott, Kevin"	"Wilson, C R"	"5f "	"6"	"5"	"4"	"9"
"17:15:00"	"2014-08-27"	"Catterick"	"Spring Bird"	"4.50"	"5.28"	"Handicap"	"7"	"13"	"Nicholls, Adrian T"	"Nicholls, D"	"5f "	"6"	"7"	"2"	"11"
"14:00:00"	"2014-08-27"	"Carlisle"	"Thewestwalian (USA)"	"18.00"	"19.79"	"Handicap"	"1"	"8"	"King, Miss Molly"	"Hiatt, P W"	"6f "	"6"	"9"	"11"	"14"
"14:00:00"	"2014-08-27"	"Carlisle"	"The Strig"	"16.00"	"22.3"	"Handicap"	"4"	"8"	"Pimlott, Mr O J"	"Tinkler, N"	"6f "	"6"	"9"	"9"	"14"
"17:40:00"	"2014-08-25"	"Newcastle"	"Tiger Jim"	"1.75"	"3.01"	"Handicap"	"4"	"12"	"Bartley, Gary"	"Goldie, J S"	"6f "	"4"	"9"	"1"	"13"
"17:40:00"	"2014-08-25"	"Newcastle"	"Head Space (IRE)"	"7.00"	"8.91"	"Handicap"	"5"	"12"	"Hart, Jason"	"Carr, Mrs R A"	"6f "	"4"	"7"	"3"	"14"
"17:40:00"	"2014-08-25"	"Newcastle"	"Unsinkable (IRE)"	"25.00"	"42"	"Handicap"	"10"	"12"	"Whillans, Garry"	"Semple, I"	"6f "	"4"	"3"	"9"	"9"
"17:40:00"	"2014-08-25"	"Newcastle"	"Avonmore Star"	"66.00"	"95.11"	"Handicap"	"12"	"12"	"Brennan, I J"	"McCabe, A J"	"6f "	"4"	"4"	"13"	"13"
"17:35:00"	"2014-08-25"	"Chepstow"	"Dominate"	"4.50"	"6.6"	"Handicap"	"1"	"10"	"Hardie, Cameron"	"Hannon (Jnr), Richard"	"6f "	"4"	"5"	"4"	"6"
"17:35:00"	"2014-08-25"	"Chepstow"	"Gramercy (IRE)"	"2.75"	"3.87"	"Handicap"	"2"	"10"	"Spencer, Jamie"	"Simcock, D M"	"6f "	"4"	"3"	"8"	"11"
"17:35:00"	"2014-08-25"	"Chepstow"	"Pashan Garh"	"10.00"	"13"	"Handicap"	"5"	"10"	"Powell, Ryan"	"Eddery, Pat"	"6f "	"4"	"9"	"4"	"5"
"17:35:00"	"2014-08-25"	"Chepstow"	"Joe Packet"	"3.00"	"4.33"	"Handicap"	"8"	"10"	"Brock, Danny"	"Portman, J G"	"6f "	"4"	"10"	"2"	"5"
"16:00:00"	"2014-08-25"	"Newcastle"	"Medam"	"9.00"	"12.63"	"Handicap"	"4"	"7"	"Hart, Jason"	"Harris, S A"	"7f "	"5"	"9"	"12"	"13"
"14:50:00"	"2014-08-25"	"Newcastle"	"Majestic Dream (IRE)"	"9.00"	"12.62"	"Claimer"	"2"	"12"	"McHugh, B"	"Easterby, M W"	"1m "	"6"	"4"	"9"	"11"
"14:50:00"	"2014-08-25"	"Newcastle"	"Conry (IRE)"	"5.50"	"7.02"	"Claimer"	"5"	"12"	"Nolan, D"	"Williams, Ian"	"1m "	"6"	"1"	"5"	"9"
"14:50:00"	"2014-08-25"	"Newcastle"	"Whispered Times (USA)"	"2.75"	"3.86"	"Claimer"	"6"	"12"	"Winston, Robert"	"Waggott, Miss Tracy"	"1m "	"6"	"3"	"5"	"8"
"14:50:00"	"2014-08-25"	"Newcastle"	"The Blue Banana (IRE)"	"8.00"	"9.45"	"Claimer"	"7"	"12"	"Mulrennan, Paul"	"Tuer, E W"	"1m "	"6"	"10"	"8"	"14"
"17:15:00"	"2014-08-24"	"Goodwood"	"Two Turtle Doves (IRE)"	"8.00"	"10.59"	"Handicap"	"1"	"6"	"Bentley, Harry"	"Mullineaux, M"	"5f "	"5"	"6"	"10"	"14"
"17:15:00"	"2014-08-24"	"Goodwood"	"Dreams Of Glory"	"5.00"	"6.36"	"Handicap"	"3"	"6"	"Murphy, Oisin"	"Hodges, R J"	"5f "	"5"	"3"	"5"	"8"
"15:50:00"	"2014-08-24"	"Yarmouth"	"Zacynthus (IRE)"	"10.00"	"12"	"Handicap"	"4"	"7"	"Steward, Louis"	"Bell, M L W"	"7f "	"3"	"8"	"6"	"9"
"15:50:00"	"2014-08-24"	"Yarmouth"	"Mezzotint (IRE)"	"4.50"	"6.86"	"Handicap"	"6"	"7"	"ONeill, Dane"	"Williams, S C"	"7f "	"3"	"8"	"4"	"10"
"15:15:00"	"2014-08-24"	"Yarmouth"	"Afkar (IRE)"	"12.00"	"15.55"	"Handicap"	"5"	"8"	"Brock, Danny"	"Brittain, C E"	"1m "	"4"	"10"	"9"	"10"
"14:40:00"	"2014-08-24"	"Yarmouth"	"Refuse Colette (IRE)"	"1.88"	"3.04"	"Handicap"	"3"	"6"	"Sirigu, Paolo"	"Quinn, M"	"6f "	"5"	"9"	"4"	"6"
"14:40:00"	"2014-08-24"	"Yarmouth"	"Parisian Pyramid (IRE)"	"3.50"	"5.21"	"Handicap"	"5"	"6"	"Powell, Miss Jennifer"	"Carter, Lee"	"6f "	"5"	"8"	"1"	"7"
"14:25:00"	"2014-08-24"	"Curragh"	"In Salutem"	"8.00"	"10.57"	"Handicap"	"4"	"17"	"McCullagh, N G"	"Condon, K J"	"6f "	"0"	"7"	"3"	"14"
"14:25:00"	"2014-08-24"	"Curragh"	"Kiss The Stars (IRE)"	"10.00"	"13"	"Handicap"	"7"	"17"	"Hoban, Connor"	"McCourt, T G"	"6f "	"0"	"7"	"7"	"14"
"14:25:00"	"2014-08-24"	"Curragh"	"Oor Jock (IRE)"	"14.00"	"26"	"Handicap"	"10"	"17"	"McDonogh, D P"	"McGuinness, Adrian"	"6f "	"0"	"10"	"1"	"11"
"14:25:00"	"2014-08-24"	"Curragh"	"Bubbly Bellini (IRE)"	"16.00"	"32"	"Handicap"	"12"	"17"	"OBrien, Donnacha"	"McGuinness, Adrian"	"6f "	"0"	"7"	"13"	"14"
"20:00:00"	"2014-08-23"	"Redcar"	"A J Cook (IRE)"	"9.00"	"11.72"	"Handicap"	"5"	"15"	"Lee, G"	"Barr, R E"	"6f "	"6"	"5"	"6"	"14"
"19:00:00"	"2014-08-23"	"Redcar"	"Border Bandit (USA)"	"8.00"	"9.87"	"Handicap"	"2"	"10"	"Allan, David"	"Waggott, Miss Tracy"	"1m "	"4"	"7"	"6"	"13"
"17:40:00"	"2014-08-23"	"Newmarket (July)"	"Avon Breeze"	"2.50"	"4.38"	"Handicap"	"4"	"12"	"Beasley, Connor"	"Whitaker, R M"	"5f "	"4"	"7"	"5"	"20"
"20:10:00"	"2014-08-22"	"Hamilton"	"Perfect Words (IRE)"	"2.25"	"3.7"	"Handicap"	"2"	"9"	"Nason, Jordan"	"Fife, Mrs Marjorie"	"5f "	"6"	"7"	"1"	"13"
"20:10:00"	"2014-08-22"	"Hamilton"	"Sewn Up"	"5.00"	"6.6"	"Handicap"	"3"	"9"	"Fanning, Joe"	"Dalgleish, Keith"	"5f "	"6"	"10"	"5"	"9"
"20:10:00"	"2014-08-22"	"Hamilton"	"Ingenti"	"16.00"	"21.57"	"Handicap"	"4"	"9"	"Stott, Kevin"	"Wilson, C R"	"5f "	"6"	"7"	"6"	"13"
"20:10:00"	"2014-08-22"	"Hamilton"	"Lord Buffhead"	"14.00"	"17.32"	"Handicap"	"6"	"9"	"Fentiman, Duran"	"Guest, R C"	"5f "	"6"	"7"	"5"	"13"
"20:10:00"	"2014-08-22"	"Hamilton"	"Dartrix"	"7.00"	"9"	"Handicap"	"7"	"9"	"Beasley, Connor"	"Dods, M"	"5f "	"6"	"7"	"8"	"13"
"20:10:00"	"2014-08-22"	"Hamilton"	"Elusive Gent (IRE)"	"4.50"	"6"	"Handicap"	"8"	"9"	"Curtis, B A"	"Keatley, Adrian Paul"	"5f "	"6"	"3"	"2"	"13"
"19:30:00"	"2014-08-22"	"Newcastle"	"Meandmyshadow"	"5.50"	"6.64"	"Handicap"	"1"	"7"	"Swift, Mr Dale"	"Brown, A D"	"6f "	"5"	"7"	"6"	"6"
"19:30:00"	"2014-08-22"	"Newcastle"	"Midnight Dynamo"	"6.50"	"9.33"	"Handicap"	"4"	"7"	"Bartley, Gary"	"Goldie, J S"	"6f "	"5"	"2"	"1"	"9"
"18:55:00"	"2014-08-22"	"Newcastle"	"Tanawar (IRE)"	"11.00"	"14.5"	"Handicap"	"7"	"13"	"Lee, G"	"Carr, Mrs R A"	"1m "	"5"	"8"	"3"	"11"
"18:55:00"	"2014-08-22"	"Newcastle"	"Jay Kay"	"1.25"	"2.24"	"Handicap"	"12"	"13"	"Haynes, Joey"	"Burke, K R"	"1m "	"5"	"3"	"1"	"10"
"18:35:00"	"2014-08-22"	"Hamilton"	"Lothair (IRE)"	"3.50"	"3.83"	"Handicap"	"4"	"9"	"Curtis, B A"	"Swinbank, G A"	"6f "	"4"	"5"	"4"	"12"
"18:35:00"	"2014-08-22"	"Hamilton"	"Bunce (IRE)"	"14.00"	"16.3"	"Handicap"	"6"	"9"	"Eaves, Tom"	"Perratt, Miss L A"	"6f "	"4"	"2"	"5"	"9"
"17:55:00"	"2014-08-22"	"Newcastle"	"Teds Brother (IRE)"	"20.00"	"28.24"	"Handicap"	"2"	"8"	"Silva, D T Da"	"Guest, R C"	"7f "	"5"	"9"	"8"	"9"
"17:35:00"	"2014-08-22"	"Newmarket (July)"	"Best Trip (IRE)"	"14.00"	"16.72"	"Handicap"	"2"	"12"	"Lundie, K"	"Ellison, B"	"6f "	"4"	"6"	"13"	"20"
"17:35:00"	"2014-08-22"	"Newmarket (July)"	"Regal Dan (IRE)"	"8.00"	"9.8"	"Handicap"	"3"	"12"	"Winston, Robert"	"Hills, Charles"	"6f "	"4"	"8"	"8"	"10"
"17:35:00"	"2014-08-22"	"Newmarket (July)"	"Atlantis Crossing (IRE)"	"7.00"	"8.8"	"Handicap"	"6"	"12"	"Cosgrave, Pat"	"Boyle, J R"	"6f "	"4"	"6"	"4"	"7"
"17:35:00"	"2014-08-22"	"Newmarket (July)"	"Mon Brav"	"8.00"	"11"	"Handicap"	"8"	"12"	"Costello, Dougie"	"Ellison, B"	"6f "	"4"	"6"	"6"	"20"
"17:10:00"	"2014-08-22"	"Goodwood"	"Lucky Di"	"3.00"	"4"	"Handicap"	"2"	"9"	"Bishop, Charles"	"Hedger, P R"	"6f "	"5"	"8"	"3"	"10"
"17:10:00"	"2014-08-22"	"Goodwood"	"Night Trade (IRE)"	"16.00"	"18"	"Handicap"	"9"	"9"	"Parkes, D A"	"Harris, R A"	"6f "	"5"	"8"	"6"	"10"
"16:50:00"	"2014-08-22"	"Newcastle"	"Black Douglas"	"6.00"	"8.04"	"Handicap"	"1"	"9"	"Grant, Rachael"	"Goldie, J S"	"6f "	"6"	"2"	"6"	"11"
"16:50:00"	"2014-08-22"	"Newcastle"	"Exotic Guest"	"1.88"	"3"	"Handicap"	"3"	"9"	"Scott, Rowan"	"Carr, Mrs R A"	"6f "	"6"	"7"	"3"	"13"
"16:30:00"	"2014-08-20"	"Musselburgh"	"Saxonette"	"8.00"	"11.5"	"Handicap"	"1"	"11"	"Beasley, Connor"	"Perratt, Miss L A"	"5f "	"6"	"9"	"5"	"12"
 